0.018586  -0.037065  5.200599
0.000777  -0.023043  -0.017071
0.100626  0.081566  0.086345
-0.158383  -0.068614  -0.102012
0.048764  -0.005214  -0.026367
0.035240  0.004381  -0.000645
-0.032721  0.001237  -0.434000
-0.009393  0.000179  0.065156
0.017342  -0.019913  0.050853
-0.032007  -0.001317  0.070414
0.008255  0.015348  0.033131
0.009421  -0.006046  0.038370
-0.030738  0.017543  0.030312
0.076534  0.114378  0.125179
-0.037412  -0.124157  -0.102563
0.071561  0.001564  0.019480
0.159076  0.102149  0.117207
-0.255397  -0.095853  0.325293
0.029507  0.006346  -0.047952
0.001896  -0.008221  -0.047828
-0.019373  -0.020703  -0.053445
-0.017143  0.005425  -0.044146
0.022342  0.049796  -0.036948
0.007116  -0.007145  -0.029879
-0.016596  -0.021766  -0.019506
0.089703  0.084237  0.085811
-0.089772  -0.091766  -0.329216
0.003734  -0.016087  0.022674
0.106455  0.089134  0.120124
-0.113730  -0.090926  -0.099704
-0.011246  0.047762  0.050233
0.005999  -0.028291  0.009234
-0.020131  -0.026347  0.007009
0.032439  -0.002904  0.007479
-0.003290  0.031381  0.008062
0.101517  0.127377  0.109079
-0.103289  -0.140366  0.105289
-0.024021  0.000446  -0.017922
0.040623  0.027259  -0.043912
0.011085  -0.012396  -0.018554
-0.002529  -0.001059  -0.025807
0.102878  0.102117  0.082181
-0.132128  -0.095844  -0.099234
-0.007671  -0.013778  -0.028492
0.043545  0.013473  -0.007252
0.140464  0.114310  0.097387
-0.191518  -0.133956  0.045308
0.011700  -0.011080  -0.025594
0.005937  0.016298  -0.025483
0.017516  0.006164  -0.026660
0.028572  -0.000952  -0.017199
-0.036383  0.013355  -0.015454
0.077502  0.114811  0.090809
-0.131498  -0.136407  -0.103683
0.001787  -0.004439  0.020667
0.035916  -0.008808  -0.042183
0.024643  0.026509  -0.421935
0.001547  0.004846  0.016334
-0.026210  -0.002742  0.077020
-0.005688  -0.011073  0.059403
0.027712  -0.015547  0.045734
0.015664  -0.011170  0.038541
-0.033188  0.062969  0.030235
0.020550  -0.039322  0.025399
0.001346  -0.006371  0.022439
0.108686  0.099315  0.120227
-0.117303  -0.094722  0.323738
0.014280  0.029104  0.361835
-0.023991  -0.016323  -0.520860
0.018796  -0.019201  -0.010184
-0.005756  0.005199  -0.044105
-0.015467  0.004287  -0.028634
-0.007583  0.030175  -0.023578
-0.005391  -0.013271  -0.019905
0.029425  -0.004639  -0.013411
0.131966  0.101183  0.093737
-0.127261  -0.130872  -0.263598
0.016343  0.018469  0.012926
-0.040652  0.015618  0.017600
-0.020546  -0.047020  0.013649
0.092764  0.067904  0.115939
-0.079300  -0.066928  -0.103869
0.042535  0.005133  0.018172
0.004903  0.061775  0.005190
-0.009620  -0.028852  0.003315
0.102182  0.083119  0.108344
-0.137605  -0.078509  -0.498632
0.020640  -0.025315  -0.037692
0.004899  0.025041  0.141442
-0.033751  -0.002933  0.050148
0.020429  -0.014620  0.051206
0.017328  0.043402  0.042975
-0.008382  0.018079  0.030240
0.103983  0.121207  0.131357
-0.111576  -0.183683  -0.104102
-0.014639  0.006826  0.226367
-0.004883  0.033158  0.026943
0.107323  0.133903  0.129407
-0.089867  -0.134974  -0.153657
0.022675  -0.019378  -0.050096
-0.033778  -0.007291  -0.016282
-0.010663  -0.010691  -0.011817
0.019390  -0.022194  -0.009028
0.127448  0.090044  0.100947
-0.108844  -0.079103  -0.110317
0.025549  0.045003  0.020461
-0.017671  -0.018310  0.451316
0.098611  0.093859  0.469867
-0.101991  -0.115333  -0.648421
-0.004178  0.004417  -0.032504
-0.019957  0.022239  -0.043647
0.016737  -0.028041  -0.063394
-0.007871  0.006116  -0.032669
0.021795  -0.006246  -0.032431
0.011890  0.011744  -0.024030
0.122992  0.118236  0.091231
-0.193536  -0.127726  -0.742120
-0.011074  0.029006  0.054487
-0.000790  -0.015942  0.106437
0.113437  0.096653  0.196039
-0.072396  -0.097186  -0.113547
-0.002199  -0.038597  0.139777
-0.016949  0.028709  0.026193
0.020621  0.032653  0.029597
0.025024  -0.026645  0.021160
0.134854  0.088597  0.129011
-0.180176  -0.110650  0.696992
-0.003079  0.027457  -0.106121
0.017413  0.003955  -0.102029
0.017256  -0.008372  -0.109023
-0.010933  0.023380  -0.087350
0.020989  -0.027090  -0.046775
0.132597  0.088548  0.074092
-0.109222  -0.070070  -0.144423
-0.026237  -0.013699  -0.089659
0.095460  0.099690  0.040139
-0.104651  -0.111428  -0.615076
-0.040833  0.031652  -0.034021
0.031608  -0.006182  0.149061
-0.019986  -0.025087  0.066812
0.037218  -0.008349  0.054615
-0.016557  -0.000968  0.043145
-0.013488  0.020976  0.035598
0.027375  -0.028207  0.028983
0.139295  0.088349  0.136423
0.229488  0.182011  0.223018
0.302853  0.257901  0.293471
-0.703833  -0.504328  -0.505719
0.034723  0.012466  -0.003969
-0.020113  -0.019327  -0.004955
-0.002579  0.019617  -0.002861
-0.026384  0.001740  -0.007283
0.021046  -0.037896  -0.000264
0.021696  -0.000375  -0.004260
-0.003647  0.017190  -0.003422
0.118226  0.127180  0.113725
-0.102820  -0.103545  -0.437286
-0.031480  0.012799  0.033028
0.096516  0.124267  0.143420
-0.074684  -0.153794  -0.087829
-0.014273  -0.014342  0.099618
0.019232  0.042754  0.028556
0.002828  -0.017455  0.016317
-0.017039  -0.034323  0.018359
-0.045242  0.035825  0.009072
0.086069  0.143411  0.125157
-0.067768  -0.148542  0.169506
0.025942  -0.006172  0.023710
-0.028857  0.009320  -0.083063
0.048482  -0.005358  -0.028311
0.161855  0.111148  0.095884
0.253317  0.204876  0.195692
-0.447038  -0.298248  -0.322087
0.024116  -0.014437  -0.073705
0.005290  -0.006281  -0.008935
0.129572  0.111932  0.112476
-0.139702  -0.107100  -0.443441
0.002019  0.005593  0.021594
-0.014942  -0.018910  0.045055
0.007576  -0.005802  0.044997
0.025468  0.016176  0.030534
-0.053936  -0.019156  0.037563
0.009664  0.007756  0.020429
0.014272  0.026299  0.017861
0.137673  0.138789  0.135123
-0.142837  -0.144342  -0.104137
0.025120  0.015312  0.149064
-0.012445  -0.005946  -0.004968
-0.027128  -0.001978  -0.020814
0.012410  -0.009250  -0.015591
0.019679  -0.017577  -0.012729
-0.004158  -0.001862  -0.008651
-0.003970  0.017805  -0.008382
-0.007913  0.027950  -0.007095
-0.001075  -0.016203  -0.004354
0.126298  0.105359  0.118528
-0.118434  -0.131166  -0.004040
0.033064  0.013934  0.119394
0.154435  0.130086  0.218768
-0.196061  -0.154262  -0.405870
0.042558  0.055573  -0.016180
-0.009210  -0.032084  -0.007777
-0.025208  -0.034194  -0.007931
-0.027994  0.051468  -0.007202
0.004708  0.003264  -0.006123
-0.025472  -0.002646  0.493239
0.050507  -0.026959  0.053021
-0.021167  0.028442  -0.121532
0.023255  -0.033639  -0.091409
0.015045  -0.000994  -0.071903
0.141424  0.118738  0.066099
-0.175332  -0.104247  -0.119559
0.037028  0.011299  -0.098364
0.159932  0.129243  0.044745
-0.199162  -0.144488  -0.065057
-0.028267  0.005222  0.071596
0.031047  -0.016889  -1.016347
0.156058  0.107209  -0.694779
-0.142321  -0.120185  0.816952
0.002406  0.036272  0.250721
0.008255  -0.017858  0.099712
0.003146  0.007022  0.069881
0.009297  0.019797  0.061967
0.139504  0.137282  0.166904
-0.149621  -0.177161  -0.128517
-0.036837  0.051102  0.442925
0.022274  -0.010249  0.057099
-0.015147  -0.012861  -0.049045
0.019984  0.006197  -0.054886
0.006724  0.003853  -0.043148
-0.026178  -0.043374  -0.030949
0.032640  0.031990  -0.024002
-0.010435  -0.021957  -0.024203
-0.035647  0.016378  -0.014912
0.000076  -0.000217  -0.016657
0.133253  0.122128  0.104477
-0.106816  -0.090102  -0.187022
0.048370  0.050800  -0.031321
-0.026449  -0.080674  0.044194
-0.034585  0.001623  0.000824
0.007368  0.008095  0.005393
0.014274  -0.004590  -0.000935
-0.014015  -0.002091  0.005254
0.007273  -0.009372  -0.001480
-0.011669  0.000349  0.003151
-0.000445  -0.010537  0.121477
0.013630  0.003757  0.020406
-0.022583  0.022325  -0.027674
0.002059  -0.005179  -0.023649
0.011180  0.008050  -0.015322
0.001253  -0.001953  -0.010517
0.041981  0.004587  -0.019960
-0.028464  0.007080  -0.006217
0.031328  -0.015220  -0.002463
-0.016058  -0.016606  -0.008391
-0.034811  0.026743  -0.539978
0.022429  0.005044  -0.069610
-0.005717  -0.054937  0.091046
-0.012834  0.020934  0.105452
-0.010067  0.031660  0.075997
0.126689  0.148386  0.178299
-0.138568  -0.155364  -0.114558
0.031927  -0.017912  0.097985
0.161023  0.109335  0.197186
-0.155518  -0.130138  -0.167902
0.008329  0.034979  0.049291
-0.021559  -0.013024  -0.188977
-0.009140  -0.014681  0.039882
0.031893  0.009470  0.032415
-0.008538  -0.011334  0.037365
-0.002946  0.004198  0.030766
-0.002913  -0.014544  0.025028
0.014432  0.018000  0.021353
-0.016046  0.026691  0.014267
0.009202  0.004694  0.012991
0.143979  0.128299  0.130782
-0.163231  -0.125095  0.490229
0.030667  -0.056795  -0.029907
-0.006148  0.039293  -0.113680
-0.019042  0.003764  -0.060485
-0.014849  -0.012611  -0.072785
0.021972  0.002303  -0.056233
0.015138  0.011258  -0.048255
-0.025875  0.004113  -0.037646
-0.010978  -0.024314  -0.029137
0.128850  0.105491  0.097041
-0.112582  -0.094708  -0.248738
0.040716  -0.005584  -0.001414
-0.013773  -0.021352  0.004858
-0.015560  0.019457  0.002806
-0.011998  0.003363  0.008186
-0.013752  0.007278  0.002914
0.009973  0.019913  0.000443
0.017556  -0.007825  0.005126
-0.026592  -0.024959  -0.001811
0.028632  0.005554  0.326497
-0.031888  -0.016910  0.052797
-0.004696  -0.003907  -0.075801
0.060925  0.016153  -0.062725
-0.029197  0.026449  -0.036469
0.003391  -0.004973  -0.044137
-0.014878  0.002430  -0.028669
0.127135  0.127481  0.098944
-0.147757  -0.135878  -0.121886
0.032014  -0.022799  -0.043811
0.034683  0.002635  -0.005561
-0.065001  -0.002506  -0.110192
0.031894  0.026480  0.010877
0.001054  0.001148  0.006361
0.017216  -0.029851  0.008104
-0.002431  0.025566  0.008434
-0.031978  0.001740  0.000610
-0.018060  -0.027175  0.005483
0.000460  -0.002744  0.006659
0.018630  0.037563  0.000193
0.155276  0.156291  0.122419
-0.153737  -0.160608  -0.119876
0.024022  0.001185  -0.265077
-0.014424  -0.046820  0.015609
0.036608  0.023687  0.020846
-0.044378  -0.034829  0.080310
-0.020711  0.028019  0.031417
0.019521  0.018687  0.024632
-0.000887  -0.042926  0.019605
-0.006524  0.056362  0.017505
0.136340  0.172342  0.135723
-0.145539  -0.203734  0.203952
0.025838  -0.034834  0.285589
0.163061  0.100118  0.352264
-0.147992  -0.063157  -0.675830
-0.008595  0.040544  -0.141590
-0.047113  -0.037999  -0.022068
0.020312  -0.032162  -0.008630
0.035581  0.039077  -0.014549
-0.027847  0.012074  -0.008522
0.121230  0.138206  0.118678
-0.105624  -0.144696  -0.364575
-0.005472  0.008967  0.019667
-0.004816  -0.017041  0.046875
0.001429  0.002600  0.021508
0.004722  -0.002410  0.025333
0.147933  0.127329  0.146594
-0.151604  -0.112105  -0.105552
0.011373  0.010217  0.001698
-0.036957  -0.010701  0.011149
0.115355  0.121358  0.135958
-0.094395  -0.120123  0.087970
0.004876  -0.018909  0.011629
-0.014736  -0.013301  -0.068216
0.023234  0.034811  -0.025976
-0.004137  -0.016279  -0.018805
0.016712  0.001481  -0.018799
-0.016831  -0.023564  -0.012575
-0.003734  0.016098  -0.011941
0.142749  0.143506  0.117996
-0.134816  -0.133361  -0.134816
-0.015562  0.018730  -0.088685
-0.019018  -0.028324  0.004062
0.023774  0.014050  0.011318
0.011435  0.015755  0.008912
-0.023725  0.019143  0.006848
0.021786  -0.026421  0.006191
0.039051  -0.000504  0.006383
-0.043911  -0.025500  0.000079
-0.035242  -0.006157  0.005773
0.118682  0.126367  0.132860
-0.092382  -0.111710  -0.771280
0.073582  0.042578  -0.488097
-0.066316  -0.077717  0.580709
0.008762  0.059285  0.233709
-0.029215  0.004707  0.045933
0.009734  -0.014518  0.057743
0.009911  -0.018229  0.042051
-0.008047  0.008434  0.033368
-0.006543  -0.016599  0.024518
0.142719  0.118965  0.147822
-0.111226  -0.122594  1.035342
-0.017504  0.029226  -0.155769
0.004403  -0.021860  -0.180540
-0.004735  -0.008648  -0.145868
0.144839  0.125767  0.011336
-0.108664  -0.116154  -0.126788
-0.056272  0.017588  -0.184236
0.008728  0.016842  -0.058034
-0.004934  -0.004973  -0.036915
0.145497  0.129464  0.098253
-0.148911  -0.157619  -0.420512
0.027113  0.013019  0.019700
-0.000661  0.030561  0.023388
-0.006299  -0.047257  0.019900
-0.012594  0.010090  0.014249
0.014922  0.011246  0.010552
0.028576  -0.011392  0.011290
0.173335  0.125005  0.137472
-0.182351  -0.121765  -0.129345
-0.019780  0.016408  -0.454631
-0.016312  -0.022687  -0.119723
-0.006314  -0.008065  0.098388
0.013052  0.016382  0.101190
0.035020  -0.007366  0.075671
-0.002813  0.011368  0.069976
-0.023290  -0.003186  0.051916
0.003429  -0.016971  0.040417
-0.018932  -0.004828  0.034394
-0.007179  0.021913  0.025297
0.145849  0.152232  0.150458
0.268959  0.257205  0.251296
-0.386768  -0.439457  -0.239703
-0.024130  0.033768  -0.006302
-0.003035  0.012365  -0.009663
0.013011  -0.045355  -0.004777
0.019869  0.041202  -0.008176
-0.011451  -0.013287  -0.006898
-0.011509  -0.028084  -0.003969
0.021379  0.027878  -0.002510
0.171041  0.159187  0.130141
-0.211300  -0.166889  -0.320539
0.023310  -0.003016  0.027836
0.173582  0.135283  0.155225
0.294707  0.246629  0.257947
-0.472992  -0.390240  -0.325878
-0.006452  0.021548  0.005283
-0.004083  -0.007355  0.010036
0.027839  -0.006188  0.008376
-0.013583  0.037039  0.008385
0.146493  0.169165  0.141731
-0.181250  -0.251461  -0.132144
0.025111  0.012039  0.004900
0.051629  0.092205  0.006216
-0.098317  -0.084535  -0.013983
0.316562  -0.131606  0.026250
0.413216  0.034912  0.156870
0.492615  0.168300  0.262154
0.558758  0.275905  0.347777
0.614306  0.363289  0.417914
0.661936  0.435085  0.476196
0.703164  0.494576  0.525070
-3.896491  -1.640217  -2.367921
0.163774  0.041261  0.270139
0.313423  0.121074  0.054900
0.430346  0.246728  0.192449
0.525990  0.348459  0.303430
-1.550092  -0.806405  -0.523388
-1.055512  -0.492157  -0.267597
-0.659856  -0.240763  -0.062969
1.442723  1.034517  0.251814
2.569459  -0.003284  0.270314
-0.192059  0.775755  -0.197652
0.051128  0.778980  -0.004376
0.245915  0.785312  0.150218
0.403040  0.794543  0.274686
0.530682  0.805771  0.375585
-4.197799  -3.894910  -0.974757
-3.147383  -2.941816  -0.622119
3.977533  2.610717  0.783078
3.412607  2.275629  0.788025
-3.354436  -3.359952  6.665102
-2.436001  -2.489596  5.497584
-1.701263  -1.793318  4.563555
-1.113481  -1.236300  3.816311
-0.643259  -0.790688  3.218515
4.880892  9.803576  -15.435877
1.561074  -4.353037  -9.575597
1.529688  -3.253254  -7.561481
1.512793  -2.390149  -5.950226
1.506608  -1.710694  -4.661258
-2.551825  7.073370  18.901115
-1.741602  5.851972  15.219838
-0.743546  -3.892074  -15.567080
-0.294996  -2.920364  -12.354780
0.063836  -2.142986  -9.784967
-1.170976  4.697291  21.969206
-0.636945  3.940320  17.674446
-0.209708  3.334475  14.238874
0.132092  2.849499  11.490667
0.405529  2.475260  9.347435
3.492252  -12.824182  -53.327450
3.093648  -10.111055  -42.562592
2.774772  -7.989443  -33.950653
2.519675  -6.292139  -27.061020
2.315584  -4.934275  -21.549301
2.152294  -3.847946  -17.139839
2.021652  -2.978836  -13.612061
1.917120  -2.283485  -10.789566
1.833469  -1.727127  -8.531204
1.766516  -1.281944  -6.724121
1.712912  -0.925686  -5.277954
1.669966  -0.640553  -4.120560
1.635550  -0.412304  -3.194000
1.607944  -0.229538  -2.452042
1.585768  -0.083149  -1.857788
1.567932  0.034161  -1.381516
1.553555  0.128395  -0.999542
1.541939  0.204624  -0.692932
-33.273354  44.722836  202.314926
-26.319862  35.881737  161.960724
18.103571  -38.195107  -161.184372
2.026529  -0.267523  -0.132196
1.919639  -0.111691  0.005847
1.833997  0.013210  0.117248
-3.730558  1.565383  -0.427556
-2.686406  1.355410  -0.226910
-1.851209  1.187667  -0.065459
9.586105  -1.033277  0.219962
7.966568  -0.722877  0.295113
6.670818  -0.474322  0.357633
-14.599559  0.490861  -0.733711
-11.382341  0.497137  -0.461685
-8.808692  0.502392  -0.243136
18.527246  -3.543025  0.905528
1.714672  4.687132  0.042403
-0.155452  0.115434  0.031387
0.172347  0.220100  0.159574
-0.591331  -1.230810  -0.253685
-0.176561  -0.855284  -0.065506
0.155138  -0.554634  0.085962
0.420390  -0.316615  0.208612
0.632475  -0.127536  0.308685
-0.100588  -0.361868  -0.756467
0.970756  1.454272  0.043047
1.072419  1.296059  0.180704
-4.554322  -0.421679  -0.137005
-3.347878  -0.197448  0.039483
5.917386  -0.425433  0.399783
-1.095194  -1.392388  -0.157276
-0.580922  -0.975568  0.028147
-0.169621  -0.641885  0.177399
0.159305  -0.374712  0.297714
0.422330  -0.162762  0.396482
0.632635  0.006235  0.478333
0.800763  0.141692  0.546999
0.935151  0.251026  0.605691
1.042545  0.339921  0.656436
1.128343  0.413054  0.701385
-4.898111  1.219697  -2.328344
-3.624418  1.119293  -1.681318
5.501062  -1.697390  -1.137565
4.694735  -1.223159  -0.732543
-4.505105  2.775835  1.156694
-3.310413  2.349793  1.101263
-2.354765  2.009191  1.057960
-1.590363  1.736937  1.024213
-0.978955  1.519359  0.998110
5.687931  -8.868185  -3.950509
4.843470  -6.981610  -2.999624
4.167827  -5.472126  -2.242811
-6.225507  15.022406  5.793097
-4.687586  12.131543  4.793150
5.605569  -15.204936  -4.595333
-3.289920  2.111060  -0.358598
-2.339440  1.803136  -0.125287
1.371503  -2.648520  -0.076315
1.389484  -2.004086  0.102448
1.403769  -1.488317  0.246955
1.415084  -1.075479  0.364734
-3.275249  3.979251  -1.123134
-1.007059  1.799063  0.082852
1.255928  -0.935384  0.057619
1.167935  -0.107559  0.045877
1.225925  0.030244  0.211300
-0.440951  0.473222  0.044001
-0.061401  0.495461  0.212729
0.242126  0.513474  0.348591
-1.670786  -1.808194  -0.596552
1.264805  -0.323527  0.216619
1.302766  -0.140140  0.357356
-2.076574  0.562231  -0.144446
-1.370561  0.568238  0.072056
-0.805860  0.573263  0.246210
-0.354208  0.577501  0.386482
0.007001  0.581109  0.499571
0.295855  0.587034  0.593340
0.526831  0.595165  0.672506
0.711506  0.604801  0.740077
0.859140  0.615694  0.798707
1.841060  -5.570019  -3.962704
1.762561  -4.336030  -2.978905
1.699648  -3.348627  -2.196005
1.649202  -2.558489  -1.568822
-10.929714  13.154196  6.046494
-8.454520  10.644201  5.026907
10.118491  -11.307106  -4.793870
8.383821  -8.924414  -3.643662
6.995970  -7.018044  -2.722634
5.885571  -5.492731  -1.984946
4.997126  -4.272253  -1.393929
-24.776863  23.583529  10.167935
-0.380914  -0.568524  -0.158268
-0.687096  0.787027  -0.197288
-0.261543  0.752501  0.039667
0.078768  0.725116  0.230098
0.350884  0.707249  0.384515
4.789773  -2.607849  -0.312364
4.119423  -1.962458  -0.047524
3.583009  -1.445908  0.164987
3.153737  -1.032431  0.336717
2.810176  -0.701409  0.476554
2.535175  -0.436351  0.591801
-19.313419  5.819586  -1.651916
0.135614  -0.312953  0.012525
0.395056  -0.124855  0.226462
-1.471438  2.510492  0.363147
-0.890827  2.134831  0.509242
3.731663  -3.618423  -0.637790
-3.154150  -1.319989  -0.475169
-2.237411  -0.928545  -0.162524
4.680901  1.856750  0.064526
4.030351  1.623388  0.270950
-3.260190  -1.322625  -0.400505
-2.322837  -0.912015  -0.097835
-1.573114  -0.583285  0.145149
-0.973492  -0.320174  0.340496
-0.493949  -0.109558  0.497731
2.246882  2.278899  -0.817323
-0.645619  -0.929603  0.394997
-0.232114  -0.585512  0.540190
0.098537  -0.310196  0.657466
2.581929  1.474098  -1.352755
2.349473  1.343628  -0.858604
-3.211923  -0.441621  0.853019
-2.285885  -0.181220  0.906514
-1.545182  0.027522  0.949940
-0.952735  0.194956  0.985281
-0.478897  0.329324  1.014178
4.305234  -2.429827  -3.743586
3.727196  -1.783258  -2.766854
3.264616  -1.274232  -1.984637
-4.451952  5.130535  4.487348
-3.278998  4.250402  3.820600
-2.340785  3.546535  3.288030
5.542492  -8.542485  -6.866578
4.716111  -6.700913  -5.260005
-7.988998  7.253690  5.217880
-6.109380  5.936449  4.409263
10.011698  -6.592949  -4.306879
8.290883  -5.140419  -3.208742
6.914079  -3.978157  -2.329396
-15.052741  8.240842  5.246746
-6.087630  1.311712  -0.003064
-4.589204  1.184265  0.237629
-3.390616  1.082546  0.431034
12.782511  -2.354693  -0.512289
10.506456  -1.748145  -0.167225
-9.734842  2.732276  -0.004861
-7.507733  2.321904  0.240354
4.690621  -4.119347  0.051759
4.032333  -3.158923  0.287555
-4.477256  2.696504  -0.369546
-3.302270  2.294230  -0.046445
-2.362430  1.972646  0.212850
7.739578  -4.710259  -0.311774
-1.617584  2.093308  0.219305
-1.015114  1.812611  0.426377
-0.533283  1.588287  0.592844
2.307086  -2.944036  -1.253592
2.124193  -2.216570  -0.749453
-2.103196  2.084064  1.022517
-2.573819  -0.520503  -0.008189
-1.780960  -0.277054  0.249519
-1.146813  -0.082065  0.456490
6.934282  0.364882  -1.066046
5.825102  0.433726  -0.594218
4.937614  0.491157  -0.215954
-13.590295  -1.539474  1.039352
0.463318  0.513959  0.171658
-1.165654  -1.068396  0.012493
-0.655570  -0.704435  0.273557
-0.247645  -0.413039  0.483218
0.078553  -0.179695  0.651744
3.046021  2.086193  -1.640274
-1.220552  0.465263  0.268685
-0.700192  0.532566  0.481584
3.145892  -0.850417  -0.548412
-0.066018  -0.134816  -0.243423
0.223020  0.049026  0.074295
0.454111  0.196563  0.329622
-0.769547  -0.695674  -1.192668
-0.340222  -0.397787  -0.680761
-2.951664  0.046246  0.787351
-2.086193  0.196200  0.904883
-1.393953  0.316388  0.999697
4.142541  0.729529  -1.791507
3.588767  0.747041  -1.157585
-1.926171  -0.598768  1.784976
-1.266460  -0.311354  1.704987
-0.738774  -0.081042  1.641569
2.628376  -0.278710  -4.290075
2.376882  -0.055755  -3.153021
2.175552  0.122540  -2.242595
2.014353  0.265858  -1.513350
-9.406391  0.221600  7.559802
0.758057  -0.277975  0.086702
0.879946  -0.054130  0.353041
0.977385  0.124994  0.568471
1.055267  0.269230  0.744273
1.117502  0.386253  0.889192
1.167216  0.482090  1.010143
1.206914  0.561434  1.112473
-3.997560  -2.273695  -4.664797
-2.925190  -1.640001  -3.420461
-2.067434  -1.132827  -2.424217
-1.381368  -0.726870  -1.626444
3.083867  4.417707  7.911406
2.739491  3.737252  6.684839
0.252709  -5.895728  -7.299637
0.474295  -4.526445  -5.489059
0.651428  -3.452181  -4.065751
-1.024074  9.877043  10.186846
-0.547538  8.052887  8.455338
-0.166447  6.593781  7.070906
0.138290  5.426709  5.964124
0.381943  4.521748  5.110783
-2.098714  -25.305950  -26.638685
-1.407933  -20.042791  -20.945456
-0.855441  -15.832056  -16.390116
3.609803  36.177467  36.939667
4.043002  -0.021919  -0.786895
3.504908  0.334762  -0.131129
3.074296  0.620428  0.393640
2.729669  0.849177  0.816211
2.453823  1.032389  1.157742
-16.671881  -2.712930  -2.284229
1.238662  0.968091  1.143553
1.260575  1.128388  1.421979
-0.064053  -3.292070  -1.461063
0.218100  -2.279527  -0.659985
0.443673  -1.480294  -0.021401
0.623983  -0.848491  0.490275
-0.833740  5.135905  -0.092240
-0.398253  4.440861  0.437595
-0.050018  3.885039  0.862219
0.228415  3.440593  1.202673
0.451005  3.102388  1.476751
0.628920  2.837706  1.696764
0.771094  2.626152  1.873521
0.884675  2.457094  2.015671
0.975379  2.322023  2.130131
1.047780  2.214132  2.222432
-7.408296  -27.222034  -13.373886
-5.659466  -21.420797  -10.179052
-4.260542  -16.779644  -7.622206
9.988630  38.442818  17.408716
0.218868  0.151030  -0.020887
0.651777  -0.672584  0.048078
0.787848  -0.183678  0.562743
0.896549  0.206721  0.975209
0.983354  0.520254  1.305913
1.052644  0.773814  1.571302
-1.184160  -0.071012  -4.447962
-4.537950  -0.926634  0.040687
-3.364874  -0.382526  0.561303
-2.426569  0.052940  0.978521
-1.676078  0.401490  1.313019
-1.075833  0.680509  1.581340
9.797355  -0.866233  -4.562334
8.102623  -0.337855  -3.141421
6.746690  0.083422  -2.018884
5.661790  0.421068  -1.130945
-21.423302  0.843382  10.045726
-16.874517  1.031409  8.516768
17.741169  -1.238012  -10.211332
14.456755  -0.639403  -7.737216
-12.124316  0.034670  7.056626
-1.078528  1.186037  -0.464140
-0.599469  1.297195  0.024314
-0.216378  1.386296  0.415872
0.089939  1.457751  0.729937
1.825308  -6.199272  -3.189233
-2.969673  1.174865  0.120742
-2.113163  1.265827  0.483971
0.396841  -0.929107  0.110099
2.971239  -0.649460  0.163233
2.639116  -0.200937  0.521645
0.278633  0.690015  -0.572308
-3.301744  -0.385668  0.130843
-2.379729  0.013279  0.497341
-1.642267  0.332607  0.791275
6.147142  0.833506  -1.218565
5.178928  0.993479  -0.586407
4.404202  1.126330  -0.082755
-12.491800  -3.177206  1.087906
-9.732691  -2.203891  1.257658
9.872792  1.623705  -1.454272
8.158681  1.645263  -0.781880
6.787239  1.670821  -0.247091
5.689926  1.699608  0.180230
4.811911  1.724678  0.523699
4.109325  1.744895  0.802001
3.547070  1.761227  1.029606
3.097065  1.774446  1.217318
-34.361874  -11.287896  -2.635606
-27.230505  -8.664553  -1.707006
-21.525614  -6.565725  -0.963434
-16.961880  -4.886505  -0.367883
65.003014  20.470722  2.980015
52.260696  16.742979  2.802729
42.066662  13.760944  2.676875
-95.639908  -30.749863  -5.784277
0.573339  -0.639696  0.277798
0.716147  -0.147830  0.673582
1.028276  0.939263  -0.533209
1.079671  1.118703  0.027164
-1.016285  -2.230383  0.077424
-0.556405  -1.416723  0.517179
-0.188714  -0.765650  0.869665
0.105225  -0.244644  1.152334
0.340163  0.171018  1.385228
-0.204138  2.868214  -3.493902
0.092246  2.662423  -2.323755
0.329141  2.498407  -1.399088
1.534332  -5.564499  3.600944
-1.367090  0.811611  -0.290154
-0.113051  -0.596242  -0.075089
0.164048  -0.134807  0.412983
-0.851260  1.622750  -0.036533
-0.426947  1.640014  0.447202
2.726555  -3.058679  -0.743377
2.434875  -2.120991  -0.120857
2.201314  -1.380705  0.377257
-5.731497  2.896256  -0.494948
-1.528754  1.306911  -0.012638
-0.970246  1.354819  0.467812
-0.523659  1.393290  0.852838
-0.166606  1.424210  1.161524
0.118819  1.449087  1.409136
0.346942  1.476288  1.614849
0.529226  1.505562  1.788147
0.674838  1.536537  1.936257
-0.461720  -10.556482  -9.265865
-0.118347  -8.105131  -6.895931
0.156137  -6.143920  -4.999325
0.375512  -4.603844  -3.505004
0.004304  18.447643  15.876104
0.253619  15.129966  13.253844
0.452859  12.475960  11.191178
0.466013  -27.064333  -24.833775
-0.962342  0.546133  -0.128893
1.500516  0.270145  0.115375
1.449525  0.457290  0.561851
1.408518  0.609591  0.922694
-3.785734  -0.888631  -1.335927
-2.780116  -0.463668  -0.589987
0.632490  -0.137467  0.632622
0.434902  -1.627608  -0.209929
0.595864  -1.063895  0.314785
-0.366896  1.306652  -0.295233
-1.074847  0.342511  -0.109659
-0.612512  0.507492  0.398325
-0.242853  0.639601  0.805344
2.757318  -0.731038  -0.938180
-0.502215  -0.181872  0.103675
-0.155126  0.084699  0.566453
0.122338  0.298079  0.937306
0.344102  0.470299  1.238997
0.521363  0.610688  1.487350
0.726512  -0.701164  -4.571289
0.826880  -0.326874  -3.176632
0.907058  -0.029045  -2.075486
0.970996  0.209339  -1.205034
-4.844296  -0.451488  6.412010
-3.630292  -0.127531  5.580211
-2.659184  0.131723  4.915313
-1.882499  0.339277  4.383982
-1.261350  0.505472  3.959497
-0.764512  0.638515  3.620434
-0.367231  0.745100  3.349745
13.036594  -3.258461  -25.973917
-0.597354  0.324335  0.049322
-0.233533  0.478304  0.447100
0.057527  0.601743  0.765571
0.290188  0.703751  1.024924
0.394484  -1.756619  -2.144076
0.161349  1.385731  0.038718
0.127534  -0.981174  0.097353
0.345464  -0.566565  0.489392
0.519620  -0.237369  0.805840
0.658793  0.024889  1.063432
0.769943  0.235047  1.275593
0.858687  0.404425  1.452686
0.929490  0.542071  1.601758
0.985938  0.655064  1.729341
-6.068054  0.076930  -7.653157
-4.612454  0.286583  -5.665149
-3.448161  0.454713  -4.074478
5.993828  -1.768572  8.818671
5.036494  -1.197490  7.556620
4.270439  -0.746171  6.583826
-8.357859  2.507158  -13.876453
-6.445287  2.213831  -10.527205
-4.915241  1.979222  -7.847362
-3.691209  1.791584  -5.703039
-2.711984  1.641521  -3.987125
-1.928596  1.521515  -2.613924
-1.301874  1.425552  -1.514883
-0.800478  1.348819  -0.635157
-0.399506  1.287585  0.069187
-0.078691  1.238626  0.633179
23.289188  -14.922663  31.828547
-0.282880  -0.266735  0.929645
0.014508  -0.032781  1.366754
0.252290  0.154653  1.716892
0.442449  0.305245  1.997759
0.594495  0.427220  2.223228
-4.237132  -1.559152  -7.357614
-3.149374  -1.062199  -5.259679
-2.279294  -0.664550  -3.580699
-1.583353  -0.346346  -2.236879
-1.026719  -0.092063  -1.160818
-0.581526  0.111180  -0.298964
-0.225482  0.273863  0.391166
17.319725  4.622292  11.274999
14.095303  3.907134  9.651633
11.515646  3.354177  8.352872
9.451796  2.929473  7.314501
-44.682423  -11.762197  -25.862621
-35.506729  -9.149776  -20.056562
-28.166290  -7.059554  -15.411291
65.284798  15.580769  36.085529
2.585066  -0.328754  -0.008996
0.701414  -0.083117  -0.019668
-1.076413  -0.285751  0.345565
0.072043  0.876629  -0.106357
0.296543  1.037580  0.551872
0.476044  1.171922  1.079759
-1.892406  -2.313133  -1.524617
-1.275298  -1.502811  -0.580261
-0.781685  -0.854380  0.175756
3.721227  4.212930  0.715202
-0.018469  -1.947121  -0.467831
-1.849690  0.476341  0.040252
4.271273  0.881809  0.113005
3.655648  1.078455  0.733126
3.163188  1.240913  1.229807
-12.138772  -3.349764  -2.299721
4.085723  -0.443465  0.314873
3.507118  0.026205  0.896712
3.044261  0.402241  1.362599
-5.152962  0.591681  -2.171010
-4.205788  -1.525683  -0.294335
-3.126332  -0.836976  0.411535
4.831676  0.843950  -0.718404
4.103428  1.059257  0.070027
3.520720  1.231590  0.701763
3.054442  1.369544  1.210819
2.681304  1.479993  1.618686
2.382671  1.568438  1.945602
2.143639  1.639276  2.207753
1.952276  1.696025  2.418090
1.799044  1.741501  2.586969
-26.233452  -10.560397  -12.033896
-20.749701  -8.062483  -8.974550
30.914562  6.863997  7.695477
24.968529  5.877851  6.809385
20.211615  5.089642  6.100413
16.405903  4.459144  5.533834
13.361206  3.955504  5.080400
10.925270  3.553282  4.717537
8.976318  3.232252  4.427176
-95.506279  -25.479067  -32.212181
-6.057818  1.016749  0.501279
-4.611013  1.203768  1.055842
-3.453876  1.353420  1.500046
1.625326  -3.346972  -2.183948
1.534596  -2.304866  -1.102158
1.461713  -1.482157  -0.241440
1.403115  -0.831839  0.446481
4.357655  5.503779  0.302615
3.719281  4.779134  0.886467
3.208284  4.213763  1.358770
2.799187  3.761497  1.743528
2.471603  3.399712  2.055342
2.209228  3.110304  2.305336
-17.507465  -20.435509  -7.719169
-13.774656  -15.957844  -5.513195
-10.788714  -12.375715  -3.747854
-8.400255  -9.510004  -2.335015
-6.489769  -7.217388  -1.204199
-4.961651  -5.383232  -0.298995
-3.739407  -3.915825  0.425722
43.819176  55.478352  13.520454
35.284824  44.774963  11.482153
28.457285  36.213558  9.852062
22.995190  29.365868  8.548532
18.625420  23.889023  7.506237
15.129456  19.508789  6.672913
12.332489  16.005798  6.006748
10.094696  13.204544  5.474289
8.303970  10.963287  5.048775
-140.436737  -193.842636  -66.788994
-5.534245  0.372629  5.173669
-0.003370  -0.232032  -0.214284
0.223573  0.214136  0.499630
0.404590  0.570750  1.071187
-0.221126  -2.286018  -1.593071
-3.764592  1.863740  0.084011
1.240186  -0.698863  0.311986
1.215739  -0.164262  0.922784
-2.642764  -0.815759  -1.098021
-1.891682  -0.259369  -0.204294
-1.291343  0.185423  0.511109
-0.811595  0.540939  1.083851
12.050617  2.258961  -1.318061
9.860943  2.203571  -0.385637
8.108690  2.159171  0.358905
6.706545  2.123050  0.956916
5.584299  2.094065  1.440207
-35.757702  -13.017550  3.129873
-28.388193  -10.018827  3.181673
32.131004  13.820373  -6.090197
25.921675  11.450839  -4.225500
20.953651  9.554883  -2.753307
-46.593620  -23.231243  5.959358
-0.628540  1.141730  -1.310865
-0.288242  1.306585  -0.434915
-5.664691  -1.905578  0.379993
-4.318312  -1.131936  0.918580
8.549642  2.547462  1.379105
-4.518401  -1.253155  0.689231
6.854357  0.897109  -1.306189
0.260813  0.436918  -0.486273
0.419245  0.740377  0.225586
0.545421  0.982806  0.796694
-4.665722  -4.193961  -1.017979
0.118770  0.940015  -0.870733
2.565704  0.421816  -0.374299
2.260310  0.726606  0.316227
2.015424  0.970100  0.870596
1.818943  1.164557  1.319002
1.661185  1.319784  1.685038
1.534399  1.443625  1.986245
1.432388  1.542355  2.238060
-14.533554  -7.813076  -7.917019
-0.100679  0.779897  -0.552471
4.418149  2.671731  -0.157590
3.737075  2.522823  0.535001
-11.179909  -5.203646  -0.384829
-8.742514  -3.777886  0.356295
16.341232  4.717115  -0.521533
13.273304  4.158785  0.244471
10.818418  3.712098  0.858863
8.853910  3.354396  1.355008
7.281738  3.068203  1.759054
6.023376  2.838888  2.090645
5.016083  2.655424  2.364275
4.209621  2.508600  2.583538
3.563770  2.390755  2.759304
-60.918003  -26.635729  -14.150811
-48.539726  -20.925694  -10.627291
-38.637775  -16.358269  -7.807918
-30.716858  -12.704899  -5.551870
-24.380699  -9.782764  -3.746462
-19.312332  -7.445393  -2.301758
163.987717  67.491760  29.737249
-6.136024  0.517601  0.635623
-4.718067  0.793998  1.205076
-3.584183  1.014815  1.661025
6.409095  -3.141033  -2.461147
5.316595  -2.150417  -1.284194
-3.006862  4.264948  0.730229
-2.217088  3.763269  1.264012
8.881662  -3.472839  -1.667622
7.292789  -2.443987  -0.661391
6.021213  -1.634046  0.140501
-15.713210  3.066510  0.421712
-12.384546  2.765636  1.008445
5.954154  -2.732930  -0.514199
3.581962  -0.297682  -0.059845
-2.615915  0.384572  -0.056610
0.779564  -0.412623  -0.014725
0.807309  -0.036360  0.658411
0.829036  0.264176  1.200493
3.096511  -0.463819  -2.108050
2.659468  -0.079369  -1.015365
-3.820719  -0.528450  1.097161
-2.875247  -0.132284  1.544457
-2.119336  0.184353  1.902669
7.190027  3.330295  -5.275839
5.931960  2.969587  -3.577921
-8.944860  -7.340495  4.475038
-6.976886  -5.553201  4.206131
-5.402970  -4.123660  3.991379
-4.144296  -2.980315  3.819946
-3.137810  -2.065925  3.683163
-2.333065  -1.334690  3.574093
22.125027  18.209404  -18.904070
17.876333  14.937165  -14.588450
-21.296322  -15.103252  15.162623
-16.861622  -11.713509  12.640095
17.487865  10.759214  -12.458735
14.164865  8.975736  -9.456106
11.506034  7.548497  -7.053472
-24.496284  -16.899769  16.496895
6.831810  2.270976  -0.196892
5.638274  2.183614  0.355204
-13.786497  -3.123162  -0.047320
-10.857260  -2.132255  0.477269
15.732697  1.176964  -3.109558
12.757244  1.307310  -1.973555
10.376445  1.410772  -1.063865
8.471361  1.492724  -0.335223
6.946827  1.558005  0.248051
5.726715  1.609949  0.716214
4.750130  1.650657  1.095404
3.968342  1.682936  1.404322
3.342377  1.708468  1.659209
2.841038  1.728600  1.871369
-57.509274  -10.767568  -2.598019
-45.840824  -8.253785  -1.523509
-36.506527  -6.242427  -0.664269
-29.039528  -4.633054  0.022817
99.940430  13.766031  3.093118
10.650937  2.573945  0.608246
2.576775  -0.703191  0.256435
2.225820  -0.206978  0.779483
1.944560  0.188683  1.202146
1.719257  0.505934  1.546335
1.538513  0.761954  1.829690
1.393411  0.967887  2.065742
1.277020  1.132425  2.265642
1.183390  1.263772  2.436648
1.107962  1.368565  2.586507
-17.023668  -8.355060  -15.520886
-4.398852  7.673563  1.819003
4.814912  -1.250075  -0.736402
-1.091743  -1.784951  -0.059523
-0.714561  -1.078785  0.599715
1.984286  2.351375  -0.855303
1.745228  2.236170  -0.040404
1.553456  2.143715  0.611666
1.399509  2.069458  1.137037
1.275837  2.009599  1.563449
1.176368  1.961411  1.912406
1.096272  1.922389  2.202058
1.031670  1.890711  2.444642
0.979461  1.864887  2.652081
0.937148  1.843903  2.831132
-11.457235  -15.970501  -15.069923
-0.808103  -10.820433  -0.563253
-0.492828  -8.306301  0.272338
-0.240405  -6.295782  0.940826
-0.038269  -4.688141  1.475632
0.123008  -3.401989  1.903315
0.252223  -2.390341  2.250493
0.355861  -1.594362  2.528213
-2.566831  26.138371  -10.058290
2.639106  7.573066  0.730258
2.264478  6.403914  1.312890
1.964233  5.468325  1.779285
-3.834599  -12.766369  -3.482669
0.985693  1.155080  0.348075
0.939585  1.268275  1.008445
-4.066020  -4.097631  -1.160824
-3.102840  -2.934731  -0.197846
-2.332805  -2.004979  0.573088
-1.717314  -1.261446  1.190121
-1.225456  -0.666884  1.684030
8.137608  6.738446  -3.486157
1.455880  1.637246  0.191564
1.311742  1.649985  0.870813
1.195904  1.659916  1.418756
1.102707  1.667599  1.865117
1.027620  1.673482  2.226784
-2.753164  -5.355627  -6.342040
-2.057988  -3.946578  -4.337591
-1.502376  -2.819603  -2.733755
-1.058414  -1.918284  -1.450408
-0.703728  -1.197815  -0.423165
-0.420465  -0.621984  0.399165
3.222462  3.469256  8.768894
-2.959074  1.542408  2.397070
-2.225884  1.568124  2.657116
-1.639431  1.587343  2.866128
-1.170781  1.602473  3.033615
4.963326  1.943847  -7.995236
4.110409  1.887186  -5.694557
10.242342  3.816938  0.459190
8.332749  3.384418  1.044475
6.804558  3.038149  1.518061
5.581636  2.760066  1.905864
4.602907  2.536608  2.226027
3.819374  2.357565  2.494250
3.191982  2.214050  2.721021
2.689484  2.098948  2.915523
2.287041  2.005762  3.078579
-48.227852  -24.817677  -21.496361
-38.447964  -19.528513  -16.450157
-30.624645  -15.297865  -12.412561
-24.366562  -11.913675  -9.181870
-19.360619  -9.206600  -6.596645
-15.356354  -7.041195  -4.527813
-12.153351  -5.309093  -2.872032
141.841309  57.172329  61.731739
113.604118  46.061298  50.136654
91.014198  37.172249  40.861389
-203.933182  -70.762207  -97.544914
-0.735833  1.102262  6.123256
-0.459256  1.204278  5.651548
0.032424  -0.429504  -0.887609
-2.718876  -6.370740  -0.965443
-2.047209  -4.777133  -0.023193
0.314001  1.995781  -1.991062
0.378191  1.917814  -0.853052
4.894274  1.498087  -1.718221
0.128091  -2.546837  -1.382852
0.227965  -1.729656  -0.385262
0.307365  -1.084680  0.411181
0.370385  -0.574234  1.050606
0.420463  -0.169245  1.568984
-2.001065  4.526895  -2.882614
-1.684296  -0.602833  -0.987292
-1.224637  -0.193693  -0.052034
-0.857409  0.133375  0.696434
-0.564122  0.394786  1.295469
-0.329818  0.603673  1.775748
7.149549  -1.035231  -4.780823
5.840291  -0.545693  -3.106433
-11.404586  6.173340  6.779556
-9.004007  5.217829  6.126161
-7.083932  4.453175  5.604152
-5.548260  3.841200  5.187202
-4.320093  3.351360  4.854336
29.223696  -21.450695  -24.218889
23.496546  -16.994623  -18.796459
-21.409405  16.919191  18.456314
-17.010872  13.650797  15.330334
13.820646  -14.079443  -17.599558
11.172239  -11.148636  -13.513902
9.053045  -8.804250  -10.245144
-21.940939  21.452881  23.348623
-17.438364  17.276463  19.246031
-13.836739  13.935068  15.964569
31.164631  -31.116798  -33.505047
25.044786  -24.780073  -26.235298
20.148474  -19.710955  -20.418787
-45.115852  43.473045  47.377895
-35.980980  34.891052  38.472271
37.697636  -34.556820  -38.174900
5.187131  0.124212  -0.202404
-2.757135  -1.241861  0.103046
-2.234978  -0.136282  0.161545
-1.678541  0.002972  0.701346
1.166807  2.331821  -0.383976
-0.736709  -0.992917  -0.026812
0.905674  -0.117110  -0.086888
0.832193  0.028246  0.504297
0.772951  0.144414  0.979909
0.725115  0.237784  1.365686
0.686389  0.313493  1.681811
-2.107713  0.027674  -4.422206
0.368531  0.626949  -0.143208
0.399751  0.628602  0.482791
0.805245  -1.937904  -0.509172
-3.151169  -1.091823  -0.116128
-2.417379  -0.754822  0.504774
-1.830800  -0.485474  1.001905
-1.361989  -0.270248  1.399834
8.608412  2.235925  -4.018169
6.988484  1.917440  -2.635482
5.692089  1.671918  -1.530505
4.654514  1.483534  -0.646296
3.823990  1.339899  0.061299
-24.248985  -5.876152  4.948503
-19.299753  -4.541774  4.537947
-15.340830  -3.474526  4.209808
-12.174137  -2.620979  3.947609
-9.641212  -1.938390  3.738149
58.422153  10.533583  -15.561732
-2.523511  4.424338  0.158494
3.856125  -1.982056  -0.000945
-3.182021  -0.037194  -0.065630
-0.524475  -0.123085  -0.015976
-0.323922  0.099257  0.568344
-0.163882  0.276888  1.036009
1.372027  0.654921  -1.586105
1.192073  0.724243  -0.687132
1.047709  0.782914  0.032255
0.931816  0.833690  0.608142
0.838699  0.878030  1.071952
0.763803  0.917855  1.448825
-7.036726  -4.923601  -2.433766
-5.537342  -3.719593  -1.348460
-4.338129  -2.756209  -0.480540
13.683098  4.914831  1.808964
11.037546  4.177448  2.054539
8.920705  3.607222  2.261003
7.226839  3.168288  2.436857
-23.118959  -11.206178  -6.698600
-2.860185  -0.496457  -0.053420
-2.199123  -0.098758  0.598725
-1.670691  0.219148  1.120638
-1.248361  0.473222  1.538365
-0.910906  0.676099  1.872867
6.379196  -0.999319  -5.108659
5.190312  -0.507680  -3.471183
-11.887926  1.858429  3.556977
-9.424212  1.775607  3.445211
-7.453648  1.709099  3.355988
-5.877594  1.655642  3.284798
-4.617140  1.612624  3.228027
-3.609148  1.577954  3.182789
37.502594  -9.281354  -15.889015
-5.498959  1.594282  -0.142692
-4.315689  1.513934  0.471543
-3.369430  1.449397  0.963099
4.453054  -0.778977  -1.670538
3.644871  -0.389758  -0.750024
2.997976  -0.080687  -0.013447
0.693881  -2.182909  0.802628
0.636498  -1.526943  1.233108
-0.818207  0.543653  -1.558547
-0.573864  0.646313  -0.649462
-0.378733  0.728122  0.078024
2.147832  -1.533164  0.592355
1.797931  -1.024232  1.074993
1.517662  -0.622265  1.466427
1.293098  -0.304216  1.787432
-6.626835  2.993024  -4.491682
-5.223201  2.586056  -2.970253
4.965299  -3.612523  3.117607
4.049809  -2.718037  3.134012
-2.870937  3.536962  -3.146028
0.223741  -0.102200  -0.120567
0.255517  0.076008  0.558313
-2.949198  -0.719773  -0.399020
-2.283531  -0.418184  0.338634
1.899412  0.490981  -0.328634
2.032768  0.770570  0.990054
-0.639822  0.423805  0.532838
-0.437398  0.501788  1.088045
-0.275795  0.563864  1.532411
2.295021  -1.723474  -2.862440
-2.351506  0.247266  -0.738099
-1.808101  0.350820  0.057684
-1.373712  0.433381  0.694482
-1.026539  0.499174  1.204067
-0.749130  0.551518  1.611910
4.217950  -2.311262  -4.528981
4.067765  0.172585  -0.144376
3.325381  0.278808  0.511699
-4.985298  0.562909  -0.394081
-3.917711  0.591928  0.314906
5.759002  0.871736  -0.409639
-3.184407  -1.219792  0.369597
-2.477990  -0.830695  0.924247
-1.913185  -0.519672  1.368106
-1.461667  -0.271110  1.723332
-1.100775  -0.072515  2.007648
6.765196  1.320810  -6.650209
-1.220888  -1.665848  0.443919
-0.909105  -1.182154  0.949752
-0.659990  -0.795452  1.354675
2.466047  3.159601  -2.216076
1.448665  0.403609  0.187471
0.411604  -1.435607  -0.090257
0.395331  -0.988933  0.523636
-0.785339  -0.368218  -0.573587
0.635574  1.873460  -0.901084
0.573582  1.661877  -0.124999
0.523678  1.501316  0.495999
0.608997  -3.149141  -0.696102
0.551387  -2.355982  0.039376
-3.758812  2.822386  0.831039
-2.943485  2.408376  1.261555
-2.291533  2.076920  1.606096
7.362872  -4.460327  -2.547280
5.952937  -3.441786  -1.440923
4.824680  -2.645214  -0.555710
-12.314597  4.913709  2.392277
-0.431249  0.177089  -0.152091
-0.283609  0.236513  0.475739
0.237208  0.816868  -0.592587
-0.932941  0.376798  0.094735
2.144124  0.023652  0.041403
-2.788891  -0.983436  0.161828
0.412743  1.545745  -0.174395
0.389749  1.341325  0.458861
0.371065  1.184607  0.968211
4.577950  -3.048316  -1.317365
-4.767643  0.456080  0.268428
-3.755731  0.465195  0.814273
-2.946487  0.472241  1.251325
7.756332  -2.996380  -2.698095
0.838545  0.567688  0.190622
0.918964  0.131160  -0.031469
1.708490  -0.052180  -0.045114
-2.870086  -1.077976  1.458543
-2.239691  -0.775042  1.768828
-1.735672  -0.532938  2.017173
-1.332755  -0.339498  2.215961
6.009433  2.998037  -5.309280
-1.364093  1.914809  -1.575259
-1.036370  1.633688  -0.658154
-0.774482  1.408550  0.075668
-3.444064  -1.395927  0.669145
7.691379  -2.056474  0.072098
6.206894  -1.554692  0.660134
-9.912041  -1.586460  -5.195593
-7.876424  -1.186509  -3.550689
13.351876  0.056105  4.261584
-2.796281  1.655830  1.132835
-2.184669  1.406714  1.534731
-1.695667  1.207180  1.856358
0.870599  -0.504035  -2.235297
0.747986  -0.324512  -1.170071
1.182828  -0.561240  1.316044
0.997206  -0.375186  1.671326
0.986195  -0.974556  0.858618
0.839332  -0.710154  1.318861
-1.311488  0.885951  -1.522911
0.873821  2.299852  -0.579547
-6.140042  0.811726  -0.320146
-4.862789  0.728723  0.379915
8.232515  -2.808125  -0.529353
6.634702  -2.178446  0.210349
-3.684117  0.852556  -0.282321
-2.899162  0.749622  0.409283
-1.049322  1.639580  -0.018064
2.559342  1.955474  0.157929
-2.215935  -2.631773  -0.138133
1.135294  -1.825844  0.077820
0.954966  -1.393687  0.699052
-1.654038  3.676431  -1.087875
-1.277058  3.007057  -0.229670
1.683836  -4.626534  -0.146284
1.877109  -1.389553  -0.105652
1.547031  -1.046442  0.555252
1.282692  -0.772187  1.087032
-5.475645  4.590182  -2.196550
3.173802  -0.906168  -0.018144
-2.640697  0.270128  0.156375
-2.068598  0.280137  0.773592
4.303915  -1.170969  -0.569012
-0.252175  1.655699  -0.061770
-3.649041  0.367497  -0.014297
0.829265  -3.214166  0.167437
0.705992  -2.508455  0.780866
-0.060381  5.841523  -0.760225
-0.006276  4.735637  0.042828
0.955564  -6.299119  -0.258471
0.805932  -4.977337  0.443161
0.685953  -3.920140  1.006691
-0.441262  8.920074  -1.189386
-0.312348  7.197338  -0.293802
-2.024702  -4.615844  0.349476
-0.091378  -2.287799  -0.197639
0.558375  -1.745379  -0.376292
-0.049156  0.949530  -0.270783
-0.000026  0.819771  0.439763
1.370209  0.720379  -0.272703
1.134926  0.639946  0.436971
0.946428  0.578433  1.006885
0.795359  0.532013  1.468212
0.674231  0.497168  1.844306
0.577055  0.471660  2.154950
-5.880255  -3.063007  -6.482775
0.652855  -1.607690  0.174809
0.559130  -1.218327  0.830607
0.483875  -0.913456  1.359682
-1.149645  2.602160  -2.248105
-0.883694  2.139153  -1.096693
-0.861247  -1.661430  1.176453
-0.653520  -1.272169  1.643129
-0.487608  -0.960984  2.016546
2.832770  2.823957  -3.837621
1.085121  -0.158585  0.190058
0.902502  -0.057586  0.836332
-2.723234  -0.065087  -0.913070
1.100278  -1.141068  -0.007111
-0.384786  2.116274  -0.072231
-0.274490  1.755669  0.630980
1.195040  -3.909986  -0.414584
0.988839  -3.073236  0.355081
-3.220396  5.647854  -0.546234
-2.544034  4.572594  0.251666
6.396515  -5.912632  -0.056362
5.148969  -4.676239  0.643468
-7.743952  6.712549  -0.650580
2.538219  -2.480072  -0.040456
2.061536  -1.930853  0.659202
-4.178291  1.639107  -0.503980
0.549103  -0.281959  -0.177566
-1.082334  1.837876  -0.022383
-0.657266  -1.453713  -0.021945
1.680898  -1.302259  0.010546
-0.817766  1.898719  -0.009962
-0.698201  -0.044753  0.061908
1.179409  -0.981317  -0.115570
0.972107  -0.733807  0.601501
-1.794209  2.668611  -0.575759
0.825863  -2.162347  -0.036323
0.688490  -1.679275  0.667939
0.578333  -1.293031  1.234869
-0.651162  3.565086  -1.890165
-0.812459  0.285396  -0.029861
-0.623208  0.278074  0.683071
0.957329  0.374059  -0.604907
0.792103  0.350401  0.220245
-1.065528  1.276622  -0.373038
0.901591  -2.608333  0.284115
0.930403  0.120874  -0.035427
0.769522  0.145770  0.678556
-3.562938  1.447501  -0.772830
1.640209  -3.186690  0.117702
-0.643134  1.473920  -0.108909
-0.490348  1.226797  0.624211
-0.804596  -0.043780  -0.611690
1.947313  -1.912114  0.072298
-0.841104  2.243872  0.023864
-0.061769  -0.613802  -0.014400
-0.026543  -0.444419  0.700525
0.988744  -0.083837  -0.798112
0.576566  -1.123721  -0.045777
0.483358  -0.852973  0.671208
-0.709465  2.971955  -0.739593
-0.545980  2.423158  0.119793
-0.415448  1.983915  0.807356
-0.311279  1.632312  1.357458
-0.228200  1.350821  1.797592
0.925797  -6.955580  -3.857959
-0.706887  0.102448  -0.016114
-0.545450  0.126289  0.678635
1.139821  -2.131346  -0.588946
-1.350864  1.281626  -0.130825
-1.061388  1.068991  0.584276
-0.830059  0.898669  1.156404
-0.645246  0.762197  1.614153
2.671099  -2.018255  -3.475166
-0.192437  -0.801187  -0.134248
0.638725  -1.037746  0.147107
0.123138  -0.124759  0.082490
0.116079  -0.057621  0.738950
0.110186  -0.004125  1.267791
-0.472908  1.114759  -2.166857
-0.361491  0.933351  -1.050503
0.557750  -1.492983  1.195418
0.462549  -1.153270  1.645372
0.732053  0.915455  -1.039135
-1.103317  0.604278  -0.072045
-0.867030  0.528209  0.635519
-0.027803  0.058176  -0.855400
0.222570  -0.327276  -0.095873
0.692576  -0.287968  -0.138592
0.568726  -0.189433  0.581408
0.469409  -0.111730  1.160304
0.389718  -0.050176  1.629730
-0.390814  -0.408582  -3.460959
-0.465291  -0.161950  0.196453
-0.358760  -0.090984  0.866642
-0.113839  1.497068  -0.884479
-0.852266  -0.525581  -0.207210
0.446674  -0.518027  0.034493
0.473979  0.244816  -0.005047
0.391467  0.234668  0.705738
0.325224  0.227490  1.277893
-0.538657  -1.310485  -2.006725
-0.419341  -1.007828  -0.885072
-0.324120  -0.765909  0.012328
-1.467876  4.642797  0.698871
3.726589  -2.573419  -0.079550
2.991925  -2.022652  0.656576
-4.227226  2.644618  -0.501022
0.193394  1.245976  -0.024282
-0.342792  1.229704  0.034709
0.781341  -2.909766  0.010869
0.913488  -0.733592  0.037994
-1.726402  2.600243  0.524561
-1.334447  -0.580109  0.102827
1.427308  -1.123326  -0.097484
1.150394  -0.864412  0.645522
-2.858365  1.509923  -0.848794
2.252841  -2.433781  -0.046568
1.810121  -1.913382  0.689316
1.455714  -1.497262  1.281741
1.171956  -1.164564  1.762499
-5.223128  6.171277  -3.754692
-4.171581  4.969879  -2.258059
4.111343  -4.456020  1.225995
0.763469  -0.527195  0.077259
0.616995  -0.389484  0.814390
-1.123461  1.031704  -0.603715
1.141205  -0.336389  0.095440
-0.982827  2.143420  0.122484
-0.780973  1.746232  0.855571
1.457530  -4.308571  -0.806020
-0.091794  1.751722  0.143510
-1.940226  0.331119  0.978300
0.658957  -2.457447  0.497351
0.531287  -1.935436  1.153980
-2.709236  3.646929  -1.553880
1.563605  -1.926353  -0.440446
1.254317  -1.511140  0.407902
1.089403  3.745159  -0.313159
-0.900697  -0.659954  -0.190082
-0.005371  -1.938317  -0.128120
-1.313950  2.334454  -0.146413
-1.048872  1.916448  0.643567
0.872482  -1.769281  -0.734961
2.789059  -2.197134  0.127377
-2.351968  2.401977  -0.200539
0.813124  -2.784162  0.083080
-0.596876  1.000199  0.069697
-1.481608  1.365752  -0.125227
1.375949  -2.254902  -0.125934
0.776147  0.652807  0.043606
-0.769772  1.228658  0.139408
0.194749  -0.719340  -0.020323
0.710718  0.032743  -0.164118
-0.446564  1.764328  0.061364
-0.357880  1.438146  0.806820
-0.287156  1.177012  1.403193
-0.329361  -2.711525  -2.076849
-0.264784  -2.143104  -0.903728
1.957568  -1.474877  0.592248
0.774611  2.702499  0.159028
-1.123758  1.495138  0.117205
1.417843  -1.233021  0.100113
1.131911  -0.953713  0.841940
-2.946420  2.428577  -0.866068
-2.359912  1.970605  0.073026
1.709486  -6.837835  -0.049187
0.844013  1.794647  -0.058157
0.671806  1.468266  0.718839
-2.253319  0.298118  -0.768729
2.804758  -1.375892  0.022440
2.239750  -1.068172  0.787410
1.787525  -0.827758  1.403499
-4.438543  2.207404  -2.937489
-3.555551  1.788878  -1.569701
-2.849377  1.453872  -0.475469
5.428321  -3.879867  1.965484
4.337284  -3.081496  2.361948
-5.175825  6.605416  -1.912632
0.474152  -2.777905  0.181667
0.887264  -0.755053  -0.040123
0.703565  -0.582382  0.770571
-1.921154  2.728692  -0.721938
0.814009  -3.038612  0.009247
0.211940  1.723454  0.045298
-1.547879  1.400344  0.029738
1.287286  -1.483041  0.005810
1.314714  -0.540472  0.063317
-1.870528  2.713788  -0.079453
-0.264267  -0.818982  0.175841
1.195922  -2.980058  0.026363
0.678789  1.399412  -0.101442
0.534408  1.145799  0.725914
-1.904668  0.627003  -0.640769
-0.963649  -1.363413  0.100504
1.496815  -1.047323  0.022037
1.187971  -0.811166  0.828668
0.940681  -0.626658  1.478298
0.742635  -0.482270  2.002478
0.583982  -0.367420  2.421813
-5.000250  2.998834  -6.968054
2.075720  0.416509  -0.119124
1.649801  0.353041  0.723938
-2.323729  0.564717  -0.497311
-1.870188  0.473104  0.422010
1.375845  -1.014520  -0.598762
1.089043  -0.794448  0.337759
0.859388  -0.618566  1.088665
0.416744  0.462922  -1.331659
0.321118  0.389501  -0.252443
0.244401  0.332515  0.609803
-1.991794  -0.401022  -0.437536
-1.606361  -0.298591  0.464978
-1.298230  -0.216819  1.187057
-1.051940  -0.151574  1.764802
2.574421  1.365821  -3.850257
0.799063  -0.630539  0.325278
1.709506  -1.400428  0.101123
-0.909317  1.788800  0.048462
-0.741817  1.448108  0.837438
-0.608030  1.175382  1.468600
-1.242400  -1.167481  -2.501196
-1.008918  -0.917437  -1.202283
3.553484  -1.978015  0.638288
2.827370  -1.568352  1.312417
-3.262615  3.337648  -1.176378
-2.625813  2.683860  -0.132995
-2.116580  2.160657  0.701691
4.791883  -5.396192  -0.314029
-1.393173  -0.255155  0.054945
1.412310  -2.058630  0.173726
-1.058240  1.654055  -0.045420
-0.863272  1.335974  0.770676
0.162962  -0.763993  -0.467875
2.463590  -0.593390  0.249841
-2.138788  1.162998  -0.119963
0.978116  -1.825084  -0.149106
0.764834  -1.448094  0.685560
-0.277944  3.024165  -0.608983
-0.519143  -0.299110  -0.001117
0.630624  -1.993120  -0.154036
0.486038  -1.583132  0.683856
0.370166  -1.255307  1.357413
0.277266  -0.993211  1.902984
-1.155698  4.736772  -3.935970
-0.943831  3.800129  -2.329378
-0.774538  3.050633  -1.044113
0.991162  -6.963306  3.470504
-0.389241  1.179437  -0.167521
-0.552747  1.279790  0.109771
-0.462474  1.033693  0.907115
2.682798  -2.784363  -0.929028
2.125564  -2.217956  0.071686
-4.038806  3.368273  -0.087265
1.690112  -2.225194  0.087057
-0.272194  2.163553  -0.092861
-1.395599  0.534754  -0.109574
-1.138138  0.436559  0.727852
-0.932366  0.357878  1.397726
-0.767945  0.294811  1.933555
3.784925  -2.654973  -3.909223
-0.209640  -0.555343  -0.159987
-0.190346  -0.436215  0.667964
-0.592009  1.976397  -0.597636
0.147864  -1.433810  0.185272
0.095079  -1.139472  0.945041
0.218840  3.628007  -0.976169
-0.361455  -1.233941  -0.025549
1.157070  -1.039772  -0.137794
0.768294  1.208023  -0.031457
-1.260094  0.515269  0.151783
0.071968  -1.788089  -0.003873
0.033144  -1.413385  0.791844
1.336046  1.260016  -0.738416
-4.048678  2.466895  -0.017272
1.458341  -2.682076  -0.001447
1.612708  -0.448417  0.071063
-1.464080  3.243762  -0.094492
-1.196739  2.600612  0.719292
-0.983027  2.085910  1.370278
1.223363  -5.543879  -2.070704
0.952688  -4.429979  -0.873106
0.736100  -3.538879  0.080342
0.721974  6.566561  -0.213331
0.442424  2.190312  0.029703
0.327568  1.800971  0.801616
0.235599  1.497943  1.422804
0.161935  1.263196  1.927005
-3.320489  -4.577755  -3.615173
-0.203669  -1.270901  0.091947
0.518508  -1.706618  0.094869
0.927652  2.570859  0.038192
0.714710  2.129662  0.828940
0.544197  1.787779  1.465777
0.039427  -6.228838  -1.801648
-0.789540  0.803719  -0.113774
-0.739335  2.869404  -0.128575
-0.619733  2.358555  0.698606
-0.524228  1.949709  1.360304
3.245064  -7.434148  -1.931909
2.567257  -5.922048  -0.753883
-5.423773  5.773055  0.596462
-4.368165  4.620489  1.265313
6.176937  -3.138478  -0.532849
-1.773259  -0.212915  0.071558
1.408325  -2.092298  -0.073863
1.096820  -1.672456  0.725977
-2.579112  5.675899  -0.837225
0.243121  -2.163465  -0.403891
2.567242  -2.102662  0.024082
2.023427  -1.681283  0.805905
1.588241  -1.344309  1.435112
1.239951  -1.074855  1.945533
-4.404824  5.414483  -5.348563
-2.707285  3.105124  -0.021319
-2.196941  2.484075  0.790141
1.714911  -6.210969  -0.451656
1.340469  -4.968957  0.443391
-0.758851  6.046100  -0.357598
0.448770  0.023738  0.112474
0.727916  -0.712652  0.090621
-0.063552  1.603755  0.082826
-0.083159  1.282043  0.873915
0.270964  -3.329819  -0.818664
0.184112  -2.665127  0.148300
-0.261694  2.842785  -0.139123
-2.751364  2.802527  0.016971
-2.234260  2.240271  0.817437
-1.820744  1.790311  1.457753
-1.490094  1.430185  1.969947
6.954627  -6.873175  -4.215476
2.169548  -1.859189  -0.046971
-0.176779  2.074536  0.098068
-0.175565  1.656928  0.861009
-0.434673  -2.299594  -0.923059
0.653815  -0.141358  -0.091540
-1.421827  0.594524  0.091352
-1.172244  0.472282  0.854910
-0.972736  0.374329  1.465694
2.658111  -0.558299  -2.352433
-0.931301  1.547867  0.044493
-0.780454  1.234317  0.804884
-0.659933  0.983316  1.413132
1.797996  -5.117426  -1.476196
1.402518  -4.098403  -0.418834
0.618026  4.619675  0.543002
-0.819072  0.668378  -0.583233
-2.769431  1.982383  -0.075751
-2.252040  1.602644  0.701629
-1.838279  1.298691  1.323465
-1.507418  1.055364  1.820864
-1.242875  0.860535  2.218712
7.131865  -6.507900  -6.065794
2.811040  -2.020826  -0.138260
-1.528383  2.988986  -0.027967
-1.260088  2.385018  0.708230
-1.045591  1.901672  1.297113
3.615911  -4.648381  -1.923225
-2.112348  -1.285693  -0.221586
0.368771  -1.375637  0.148056
0.257139  -1.107439  0.839737
-1.155051  1.672145  -1.179179
2.438986  -2.141062  0.190357
1.913171  -1.720179  0.878355
-0.882524  2.866368  -0.836394
-2.014302  3.102506  0.059583
0.728050  -1.471420  0.093851
0.543893  -1.185159  0.805491
-1.356188  2.267798  -0.768378
0.253957  -1.758911  -0.075337
-0.374530  -0.060389  -0.104014
-0.338606  -0.056932  0.650330
0.889203  -0.527224  -0.518846
0.672113  -0.430782  0.315892
-1.723570  3.387437  -0.484951
0.837415  -0.984574  0.177726
0.630364  -0.797133  0.875306
-0.614740  0.663099  -0.895375
1.163801  0.668078  -0.056810
0.891075  0.527882  0.691727
-2.312060  -3.275982  -0.750902
0.546119  1.165027  -0.053417
-1.386104  0.608895  0.046436
1.385198  -0.971675  -0.014670
-0.229393  1.498622  0.088304
-0.224106  1.194909  0.809774
-0.219953  0.951814  1.386773
0.672148  -3.429572  -2.277540
0.496789  -2.754949  -1.094627
0.356372  -2.215411  -0.153819
-2.297341  6.515420  1.283692
1.657574  -1.399873  0.016188
-0.799097  1.090042  0.306316
-0.680854  0.859908  0.965959
1.223030  -2.804672  -0.836417
-0.619530  1.844078  -0.214768
-0.470206  -0.096613  -0.025712
0.635080  -2.073622  -0.024231
0.884747  0.660522  -0.075492
0.665459  0.518408  0.655406
-1.941531  1.504828  -0.712502
-1.595814  1.196169  0.149111
-1.319364  0.949084  0.838314
3.204000  -1.798811  -1.318985
2.520242  -1.453052  -0.342955
-1.178417  -1.720199  0.204994
-0.985937  -1.390527  0.874434
-0.832076  -1.126947  1.409898
2.363083  2.958565  -2.047864
-2.465315  3.085124  0.011069
-2.015944  2.467334  0.709090
-1.656568  1.972945  1.267416
4.054296  -5.647222  -1.364622
-0.474302  0.777168  -0.021707
-0.423607  0.606113  0.675359
-0.383167  0.469098  1.232930
2.142407  -3.139087  -1.897255
-0.065945  -0.174776  -0.169449
-0.097381  -0.156114  0.547773
-1.132061  3.371358  -0.704389
1.256757  -2.243176  -0.036619
0.960440  -1.811375  0.653638
0.723273  -1.466092  1.209243
-1.018686  3.884109  -2.364482
-0.860256  3.090042  -1.199807
-0.120518  -4.933821  1.013358
-1.562611  2.206334  0.299219
-1.295726  1.747295  0.930911
-1.082330  1.379905  1.436168
4.281197  -4.376682  -2.027780
3.378989  -3.519596  -0.940925
-5.028319  3.633200  0.828420
-4.068842  2.887994  1.339243
5.484792  -2.895080  -1.569866
0.250835  0.086011  0.087740
-0.614686  0.323871  -0.026372
0.594646  -0.699458  -0.027579
0.428998  -0.578958  0.646559
-0.886271  1.442355  -0.495458
-0.755945  1.134143  0.275246
-0.651789  0.887417  0.891710
-0.568568  0.689877  1.384782
2.506541  -3.430031  -2.512445
-0.659335  0.492571  0.131462
-0.574912  0.373477  0.764350
0.956660  -0.268781  -0.756900
0.717682  -0.235932  0.049490
-1.696962  -0.460331  -0.035291
-1.405416  -0.389553  0.626871
2.090045  1.449369  -0.656855
1.623993  1.144632  0.126391
-1.243549  -1.870715  -0.258265
-1.043080  -1.505833  0.445770
1.539027  1.741758  0.292721
-0.415209  -1.498781  0.018194
-0.380702  -1.199710  0.668238
0.088425  3.860887  -0.903561
0.302634  -1.889246  -0.130346
-0.186292  -0.204162  -0.101139
-0.197958  -0.153122  0.566982
0.212921  0.577395  -0.626041
0.121219  0.474520  0.143913
0.047760  0.394569  0.760528
-0.865902  -0.393288  -0.900383
0.230720  1.051686  -0.146667
1.607901  -2.246732  0.170508
1.236725  -1.787034  0.785275
-2.079554  2.217887  -0.835844
-0.923345  0.561092  -0.107497
0.703465  0.150927  0.058058
-0.674458  -0.698828  -0.089101
-0.589638  -0.557502  0.581233
-0.521874  -0.444657  1.117455
1.328840  3.131319  -1.096020
-0.597884  -2.717881  -0.154474
2.510731  -0.766755  0.024730
-0.647266  2.539617  -0.141271
-0.568429  2.043679  0.533719
-0.505451  1.646780  1.073599
-0.455161  1.329087  1.505412
0.988731  -5.179070  -3.124909
-0.926901  -0.979403  -0.350892
-0.044141  -0.246608  -0.546310
1.171314  -0.465295  -0.227778
-1.937125  1.776639  0.007304
-1.601045  1.404752  0.635401
-1.332270  1.107086  1.137769
-1.117337  0.868796  1.539553
-0.945474  0.678010  1.860864
6.408902  -4.393028  -4.840059
-1.383071  0.102322  0.313832
-1.158288  0.053474  0.854546
-0.978541  0.014240  1.286998
4.010388  -1.957130  -1.634992
0.529228  1.330500  -0.019505
-2.959071  1.761958  -0.111689
-2.419477  1.387416  0.508848
-1.987875  1.087627  1.005157
-1.642666  0.847638  1.402083
8.237444  -4.569285  -2.801178
6.537451  -3.685218  -1.643229
5.177384  -2.978121  -0.716993
4.089255  -2.412598  0.023874
-16.664946  9.403549  1.979373
-13.384768  7.492436  2.180854
15.054852  -6.475125  -2.086565
11.990917  -5.210813  -1.072270
-13.475083  6.095787  1.040991
-0.598091  -1.873260  0.005302
-0.531676  -1.529780  0.600856
-0.478622  -1.255149  1.077177
-0.436257  -1.035596  1.458110
-0.402440  -0.860104  1.762732
1.864007  4.636697  -4.716114
2.073249  -2.127053  -0.073288
0.743846  0.890533  0.088198
-3.838373  0.706763  -0.229161
-3.124506  0.548173  0.412721
-2.553483  0.421146  0.926106
7.301858  -0.779295  -1.321429
0.336371  -0.526104  0.095051
-1.016931  0.094253  -0.222383
-0.867694  0.051196  0.417564
2.598899  -1.416627  -0.957706
-1.306568  1.547870  -0.011279
-1.099600  1.206898  0.585662
1.353643  -0.284941  -0.390252
1.028442  -0.261289  0.282379
0.849883  -1.013303  -0.105396
-0.782976  1.038999  0.187977
0.258409  -1.984923  0.007324
-1.373271  1.200923  0.114152
-1.153413  0.925904  0.686081
-0.977589  0.705744  1.143493
0.992547  -1.073875  -0.866183
1.959522  -1.852260  -0.012782
0.949889  1.515647  -0.082052
0.704806  1.184285  0.527785
0.508677  0.924818  1.018092
-4.053423  -1.513329  -2.068208
-3.298031  -1.229108  -1.054045
-2.693776  -1.001878  -0.242816
-2.210429  -0.820238  0.406034
11.122519  2.094486  0.442642
8.842499  1.667480  0.956439
7.018424  1.333598  1.371854
-18.160854  -3.757722  -2.197458
-0.715546  1.644643  -0.040505
-0.628200  1.321890  0.581087
0.156829  -0.606705  -0.796041
3.296727  -2.110933  0.124207
0.257763  1.484809  0.186391
-2.070664  0.154306  -0.172622
-1.712599  0.123378  0.472074
-1.426206  0.098491  0.987696
-1.197150  0.078436  1.400056
5.033461  -1.717398  -2.882239
3.970473  -1.383596  -1.711323
3.120023  -1.123347  -0.778423
-7.393322  5.593472  2.636211
-1.055681  -2.054625  -0.097823
-0.901074  -1.665905  0.511999
-0.777445  -1.355071  0.999757
2.553394  3.978955  -1.688533
0.182502  -1.801918  -0.084425
-0.225914  0.212406  0.101536
1.738422  -0.890898  0.176534
-1.685028  2.646391  -0.148103
0.511098  -2.750040  0.022520
0.351905  -2.231542  0.608282
0.224496  -1.825655  1.079982
0.122513  -1.501081  1.462344
0.040871  -1.241557  1.774957
-0.024498  -1.034069  2.034278
0.789709  9.169109  -6.129443
-3.139222  -1.875959  -0.333215
-0.653385  -0.119342  -0.089486
-0.580124  -0.091966  0.516539
1.523258  1.780311  -0.703332
1.161084  1.436283  0.025167
-1.446526  -0.265841  -0.050854
-1.214847  -0.193149  0.546989
-1.029554  -0.135120  1.025115
-0.881368  -0.088822  1.407468
-0.762866  -0.051909  1.713199
4.390862  -0.941693  -4.817966
3.454833  -0.738921  -3.267475
-2.306646  2.319855  3.435497
-0.261916  -2.300842  -0.147097
-0.267522  -1.830485  0.468766
-0.253753  3.219351  -0.347290
-0.261078  2.585423  0.308430
-0.266981  2.078158  0.832855
1.603952  -4.464026  -1.159343
1.224960  -3.583389  -0.341559
-1.359022  0.012130  0.236225
-1.145497  -0.021460  0.774684
-0.974720  -0.048453  1.205298
-0.838138  -0.070168  1.549635
1.864546  4.247906  -3.482175
0.800759  -0.719489  0.122569
2.082177  -1.585913  0.038666
1.607224  -1.291963  0.616646
1.227220  -1.063115  1.081831
-4.407659  2.898463  -1.715490
-3.584766  2.283685  -0.778687
3.805595  -1.290049  0.663652
-1.291100  1.097054  0.069338
-1.091644  0.835811  0.651996
1.256200  -2.313840  -0.747409
0.946115  -1.896412  -0.005362
-0.856535  0.838933  0.059010
-0.744151  0.625577  0.639452
0.279733  1.629488  -1.128864
0.458456  -1.111620  -0.117679
0.307727  -0.931943  0.491177
0.513839  -0.175744  -0.386872
0.351958  -0.186737  0.276287
-0.368987  1.512973  -0.114552
-0.152563  0.012454  0.119587
-0.181279  -0.036516  0.682465
-0.204290  -0.075805  1.132609
-0.222737  -0.107349  1.492564
-0.237532  -0.132696  1.780368
-1.012617  0.861891  -3.960919
-0.869508  0.642471  -2.582645
2.329764  -2.478816  2.323954
-0.728573  1.248915  -0.356688
-0.642368  0.951753  0.311906
-0.573431  0.713912  0.846753
1.878848  -1.477918  -1.229900
1.443485  -1.230050  -0.392481
1.095161  -1.031868  0.275211
0.816468  -0.873434  0.810533
0.593483  -0.746796  1.243014
0.415059  -0.645594  1.594736
-3.447800  3.818243  -3.716708
-2.207126  1.713410  -0.127139
-1.825541  1.322250  0.506449
-1.520309  1.009214  1.013154
4.779885  -4.953935  -1.420141
3.763963  -4.011950  -0.536293
2.951193  -3.258467  0.168041
-6.798955  9.810036  -0.058825
-2.049656  -0.335439  -0.028817
1.088931  -0.370684  0.099114
0.811022  -0.345867  0.677010
-0.081235  0.684251  -0.658639
-0.125180  0.497874  0.073891
0.187416  -0.933983  0.063512
-0.364316  -0.925057  0.115475
-0.351748  -0.789883  0.693015
-0.341727  -0.681846  1.154878
2.121489  0.322130  -1.778288
-0.549176  2.220456  0.073276
-0.499764  1.727651  0.650301
0.825636  -2.958766  -0.807298
-0.146646  -0.662728  0.016354
-0.177836  -0.580730  0.600059
-1.481047  3.793746  -0.541434
-1.245421  2.984249  0.153507
1.854709  -5.775933  -0.171334
0.124853  0.607143  -0.076778
1.642288  0.119482  -1.278417
1.253126  0.048092  -0.444300
-2.279210  -0.399806  0.611509
-1.884131  -0.367298  1.065234
-1.568095  -0.341393  1.428097
-1.315295  -0.320768  1.718270
5.484127  1.274483  -3.829631
4.326430  0.977874  -2.488203
-5.817839  0.891354  3.108660
-4.715199  0.676286  3.062088
-3.833113  0.504131  3.024657
-3.127466  0.366306  2.994538
-2.562966  0.255943  2.970264
14.004137  -2.856050  -11.886731
11.142292  -2.335755  -8.935116
-10.773256  0.201934  8.809413
2.066563  0.037677  0.173496
1.592253  -0.022431  0.713415
-1.339983  1.295127  -0.642321
-1.133016  0.983222  0.063785
-2.371114  -0.444116  0.423860
-1.957953  -0.408372  0.916370
5.257534  -0.871518  -0.683918
4.144936  -0.750584  0.026237
3.254838  -0.653935  0.594305
-11.023596  3.692533  -1.231855
0.931242  -1.370907  0.010936
0.506442  0.556379  -0.089046
0.237811  -0.126342  -0.059637
-0.453640  1.305864  0.006811
-0.424133  0.992568  0.580099
-0.400544  0.741833  1.038546
-0.381688  0.541144  1.405119
-0.366620  0.380491  1.698191
1.560996  -4.956443  -4.797618
1.187500  -4.019716  -3.267608
0.535440  4.797142  3.294810
0.367037  3.808442  3.223666
-1.897722  -4.475939  -3.269372
-1.579520  -3.592122  -2.012732
-1.324965  -2.885169  -1.007488
2.949418  9.494503  3.035159
1.840858  -4.023071  0.056446
-0.966766  0.504718  0.064226
-0.834805  0.415805  0.668163
-0.729248  0.344579  1.151126
0.504701  0.661503  -1.941463
0.342337  0.544197  -0.946494
1.625119  -2.233482  0.997343
1.238664  -1.781002  1.404707
-2.477414  3.863386  -1.398190
-2.043383  3.087872  -0.505441
-1.696167  2.467347  0.208587
3.797213  -7.336427  0.272863
2.976294  -5.907467  0.832182
2.319551  -4.782482  1.283859
-6.671216  13.289537  -2.088801
1.081140  -2.882103  -0.072227
0.803416  -2.362355  0.565301
0.581243  -1.946546  1.077801
0.668106  3.559721  -2.370904
0.472991  2.808645  -1.278076
-3.885261  -0.126775  1.171266
-3.169725  -0.126948  1.549013
4.975464  -0.592658  -1.377067
0.164691  -0.290922  0.495511
0.070211  -0.263041  1.002888
-0.005381  -0.242192  1.413829
-0.065864  -0.225597  1.742391
-0.114258  -0.212408  2.005051
-0.152982  -0.201939  2.214984
-0.183969  -0.193646  2.382733
-0.208767  -0.187097  2.516734
0.989299  1.190016  -13.265018
-2.996569  2.819292  0.265071
-2.458869  2.228656  0.775026
-2.028715  1.756065  1.182781
-1.684592  1.377908  1.508776
6.693846  -6.684257  -3.612652
5.293460  -5.405708  -2.327939
-4.707201  5.039290  2.457658
2.427051  -1.676378  -0.059901
-1.613997  0.536083  0.057102
-0.115251  1.424497  0.030953
-0.153806  1.080788  0.585974
-0.184646  0.805681  1.029833
-0.209312  0.585461  1.384756
-0.229041  0.409150  1.668528
-0.244817  0.268005  1.895385
2.539366  -3.858521  -6.662400
1.969919  -3.146311  -4.769742
-3.504475  3.965621  4.630015
-0.346077  -0.527778  0.078686
-0.338424  -0.481982  0.622481
0.529423  0.069076  -0.642799
0.361987  -0.004304  0.044862
-0.671670  1.528354  -0.022367
-0.029860  -3.149421  0.003863
-0.085422  -2.579386  0.561759
-0.129864  -2.123443  1.007861
1.319927  7.468279  -0.836248
0.994430  5.953851  -0.111192
0.734068  4.770835  0.468599
-2.170327  -13.189180  -0.515359
0.273235  1.745970  -0.179084
0.157165  1.438548  0.415164
-0.295109  -4.051080  -0.605892
1.118801  1.972894  -0.074731
0.833648  1.635955  0.499786
0.605535  1.374958  0.961881
-3.322343  -1.728417  -1.542390
-2.719233  -1.310232  -0.667580
-2.236737  -0.975773  0.032048
-1.850730  -0.708296  0.591532
-1.541909  -0.494403  1.038900
10.048024  3.067866  -1.090037
-1.764824  -0.146754  0.030682
0.779687  -0.225441  0.054897
0.562494  -0.094591  0.603647
0.388757  0.009532  1.045429
-1.391066  0.292163  -1.738375
0.807263  -0.200278  0.114676
0.584628  -0.076215  0.659361
0.406539  0.022576  1.098114
0.264085  0.101642  1.454708
-2.341785  0.009125  -3.378606
2.005233  -1.141615  0.208487
1.543095  -0.834911  0.750239
1.173404  -0.594029  1.187449
0.877666  -0.404251  1.542672
0.641090  -0.254454  1.834043
-5.356048  3.544056  -5.648684
-0.059995  -1.430612  0.058576
-0.108999  -1.077146  0.656024
1.230931  0.714102  -0.605581
-1.713804  1.693532  0.084940
0.402615  -1.514401  0.025899
0.261141  -1.148995  0.626157
0.147975  -0.862246  1.109131
0.057456  -0.636977  1.500495
-0.444589  3.582034  -2.729105
-0.416566  2.914973  -1.562659
-0.394132  2.381247  -0.629691
-0.376170  1.954188  0.116454
1.409561  -6.787781  2.010913
1.066817  -5.416587  2.239004
-1.404416  5.712773  -2.685787
0.436006  0.403982  0.029743
0.288023  0.312794  0.664138
0.169656  0.241277  1.174601
0.074978  0.185291  1.589100
-0.000749  0.141336  1.928314
-0.061312  0.106102  2.199437
-0.109746  0.077832  2.416098
-0.943263  -2.316440  -10.564051
0.480034  -0.599943  0.512415
0.323443  -0.490107  1.068171
0.582019  1.339478  -0.943041
0.405063  1.065702  -0.096058
0.263513  0.851632  0.580832
-1.126666  -1.815855  -0.367618
-0.961839  -1.449314  0.366200
0.197598  0.999981  -0.412833
0.849053  0.789586  -0.038994
0.618784  0.643291  0.626217
0.434586  0.529523  1.161477
0.287244  0.441213  1.595627
-2.254504  -3.023552  -3.495186
0.443918  0.167248  0.011775
0.294756  0.154050  0.682865
-0.132351  -0.018187  -0.638730
-0.166229  0.006301  0.165400
0.432003  0.544597  -0.163209
0.285285  0.459077  0.544515
0.167925  0.393109  1.113446
0.074053  0.342201  1.573859
