0.010184  -0.097020  3.724463
-0.023557  0.017775  0.022359
0.029733  -0.006663  0.044744
0.011265  -0.002468  0.049593
-0.110251  0.133284  -0.669707
0.093816  -0.117844  -1.831211
-0.013501  -0.017171  0.536814
0.000997  0.004789  0.425392
0.012607  -0.000231  0.347469
-0.021412  0.006787  0.277233
0.024686  0.023817  0.216140
0.070600  0.069190  0.227777
-0.079996  -0.091836  -0.047759
-0.013869  0.014220  0.338503
-0.117693  0.116935  0.099317
0.108556  -0.142644  -0.576353
0.008696  0.000352  0.209888
0.021864  -0.007588  0.085777
-0.026929  0.004660  0.108528
0.015762  0.013976  0.092528
-0.009662  0.014094  0.071503
0.044304  0.061350  0.112268
-0.022456  -0.056897  -0.055730
-0.028501  -0.036377  0.094207
-0.102988  0.113052  0.720562
0.115673  -0.127610  1.407547
-0.000515  0.022897  -0.538139
0.009660  -0.016205  -0.171415
0.006452  -0.001705  -0.248154
0.006072  0.006320  -0.202392
0.057839  0.055089  -0.102015
-0.074729  -0.017388  -0.061547
0.011680  0.013761  -0.265158
-0.020017  -0.026050  -0.078912
-0.111030  0.110123  0.022254
0.122772  -0.128196  0.793520
0.010582  0.025361  -0.223806
-0.005152  -0.015704  -0.178650
0.049846  0.037561  -0.082067
-0.090699  -0.035034  -0.308425
0.005921  -0.005689  -0.015995
0.024602  0.002727  -0.041498
0.011408  0.007353  -0.056663
0.006096  -0.010027  -0.045562
-0.134435  0.142403  -0.747541
0.122371  -0.158971  -1.132372
0.014956  0.018868  0.354862
-0.002496  -0.008292  0.264995
-0.020274  -0.015912  0.214139
0.006479  0.036115  0.171812
-0.001346  0.014158  0.141077
0.054108  0.061612  0.169642
-0.043759  -0.071351  0.123221
0.014605  -0.007553  0.015103
-0.124749  0.102218  0.186664
0.085680  -0.130319  -0.104809
0.024167  0.023037  0.028408
-0.007749  -0.016921  0.024575
0.011558  -0.023005  0.019599
-0.007197  0.027776  0.018820
-0.009237  0.017478  0.012944
-0.018329  -0.010857  0.010172
0.006284  0.009262  0.011495
0.023807  0.032099  0.004347
-0.098724  0.120084  0.794287
-0.022733  0.146276  0.693009
0.090210  -0.320424  0.051972
0.030952  0.012445  -0.102457
-0.047332  -0.005938  -0.218741
0.022479  0.005912  -0.257562
0.025615  0.012514  -0.181115
-0.020431  0.004266  -0.154308
0.011506  -0.011786  -0.117844
0.066358  0.040662  -0.039769
-0.170244  0.117775  -0.836421
0.123677  -0.184144  -0.833621
0.007522  0.003162  0.239683
-0.014650  0.009218  0.193266
0.046398  0.057386  0.206268
-0.058724  -0.053571  0.202394
-0.012239  0.007442  0.023018
0.005842  0.007288  0.074220
0.011782  -0.022231  0.039093
-0.013840  -0.000404  0.048031
-0.089741  0.102503  -0.356445
0.120707  -0.103925  -1.114061
-0.021330  0.022334  0.332087
0.014618  -0.009192  0.259289
-0.016789  -0.025518  0.216719
0.014986  0.030261  0.173504
-0.019300  0.019695  0.137085
0.043794  0.065908  0.162410
-0.055622  -0.063337  0.140815
0.009266  0.005886  0.013363
-0.097608  0.102213  0.352529
0.103798  -0.127437  0.236429
-0.024075  -0.018914  -0.069851
0.020190  0.007192  -0.058081
0.041204  0.036354  -0.042531
-0.010859  -0.029144  -0.036093
-0.022941  -0.024619  -0.028847
-0.054274  0.035372  -0.022114
0.034949  0.020297  -0.020448
0.007037  -0.042135  -0.011719
0.066144  0.016413  0.044791
-0.134270  0.113387  0.668929
0.107955  -0.170224  1.248199
-0.036373  0.021293  -0.298362
-0.004866  -0.007506  -0.228618
0.010147  0.024653  -0.299247
0.043683  -0.019538  -0.236335
-0.056474  0.020741  -0.188401
0.006804  0.007899  -0.155980
0.022272  0.019667  -0.120161
-0.092872  0.113204  -0.955166
0.120696  -0.121392  -0.782757
-0.018619  -0.005653  0.246943
-0.001280  0.007332  0.200477
0.061410  0.055852  0.213835
-0.076798  -0.087197  0.193951
-0.026013  -0.014429  0.018535
-0.005210  0.026570  0.048275
0.002991  -0.000722  0.068921
0.012135  -0.021850  0.049014
-0.099629  0.142847  0.557108
0.125381  -0.119547  0.642721
0.004177  -0.021494  -0.129310
-0.034272  0.021342  -0.171618
0.033459  0.012541  -0.138453
-0.008997  -0.007326  -0.112530
0.000373  0.007886  -0.086426
0.010228  0.002549  -0.071866
-0.016826  -0.007642  -0.080981
-0.032986  -0.000542  -0.025103
-0.095536  0.132247  -0.318816
0.150452  -0.171733  -0.322540
0.001861  0.013687  0.094240
-0.015147  0.039784  0.074204
-0.013982  -0.008296  0.055983
0.013647  0.033390  0.046447
-0.007611  -0.043021  0.039530
-0.028061  -0.013534  0.026183
-0.013012  0.017377  0.027638
0.010507  0.021955  0.015856
0.072920  0.067891  0.068055
-0.149394  0.039436  -0.360405
0.151343  -0.154652  -0.788681
-0.042247  0.015673  0.352796
-0.004992  -0.012230  0.155632
-0.004656  0.004800  0.128401
-0.005719  0.012414  0.109271
-0.004495  -0.019307  0.079191
-0.010133  0.039832  0.068758
0.013179  -0.004317  0.066499
-0.093806  0.134278  0.488872
0.111053  -0.169051  0.537122
0.019114  0.023908  -0.159807
-0.043332  0.021622  -0.131803
0.023399  -0.002926  -0.150793
0.020654  -0.014841  -0.046052
0.007768  0.019551  -0.066563
-0.019180  -0.008238  -0.055528
-0.028380  0.002797  -0.041159
-0.001709  -0.006492  -0.030959
-0.071960  0.102615  -0.426165
0.115622  -0.141299  -0.712385
-0.005333  0.039395  0.199911
-0.038982  0.017842  0.159987
-0.000212  -0.042143  0.126591
0.066985  0.016264  0.152099
-0.069570  0.005682  -0.049684
-0.012007  -0.009032  0.192875
0.023184  -0.000165  0.023423
0.018260  0.005840  0.040583
-0.115177  0.102882  0.737910
0.100953  -0.134580  1.328912
-0.027023  0.007696  -0.381551
0.017117  0.015382  -0.302252
-0.017983  0.027951  -0.239467
0.041022  -0.011924  -0.200139
0.012097  -0.011140  -0.161642
-0.044047  0.002836  -0.125909
-0.006239  0.023376  -0.101593
0.063528  0.068677  -0.026082
-0.026104  -0.092642  -0.039514
0.018372  0.007999  -2.473202
-0.021032  0.015401  0.143978
0.001178  -0.053599  0.389045
-0.017645  0.010694  0.311986
-0.016990  0.008191  0.250983
0.010684  -0.011948  0.205869
-0.000950  0.025125  0.165881
-0.010225  0.014830  0.143745
0.055060  0.009214  0.104805
-0.112593  0.081967  0.664404
0.100274  -0.126351  0.501414
0.149937  -0.051107  0.458104
-0.207699  0.051621  -0.841018
0.006677  -0.006016  -0.019123
0.007731  0.039660  -0.045424
0.047614  -0.031343  -0.063014
-0.013553  0.011381  -0.045479
-0.028681  0.009546  -0.039301
0.030162  -0.013025  -0.030085
-0.101865  0.133301  1.003729
0.071159  -0.156029  2.443681
-0.012724  0.007690  -0.686236
0.024866  0.009904  -0.573060
0.024154  -0.008004  -0.473442
0.090909  0.043575  -0.313517
0.144755  0.085050  -0.187106
-0.252812  -0.112556  -0.663693
-0.004759  0.033735  -0.046710
-0.008834  -0.000759  -0.119397
-0.073400  0.131435  -1.284975
0.132743  -0.138692  -1.706323
0.179550  -0.060981  -1.310343
-0.191108  0.037715  1.799766
0.002377  -0.000807  0.752867
-0.010631  0.027328  0.248646
-0.021582  -0.014936  0.199000
-0.028645  0.015075  0.151883
0.051405  0.062031  0.176490
-0.011468  -0.063146  0.158235
-0.134591  0.115807  0.451273
0.099664  -0.173788  0.283032
0.008942  0.015755  -0.050775
-0.002968  -0.000942  -0.071938
0.008393  0.009395  -0.059859
0.023354  -0.012121  -0.047345
-0.009643  0.023442  -0.036945
0.007156  0.004900  -0.034128
-0.024028  0.008014  -0.022302
0.027448  -0.014085  -0.020841
-0.080157  0.104483  -0.487912
0.011341  0.133565  -0.334022
0.050269  -0.226925  0.046171
0.025063  0.008545  0.051969
-0.056339  -0.027685  0.107843
-0.011110  0.020565  0.063349
0.037932  0.028180  0.095776
0.008551  -0.043911  0.075405
-0.008598  0.001287  0.060628
0.001896  0.040131  0.048393
-0.115144  0.108325  0.653052
0.102583  -0.186933  0.958320
0.007373  0.010564  -0.280588
0.015510  0.005952  -0.236851
0.089218  0.054806  -0.130435
-0.080062  -0.071200  -0.043579
-0.035068  0.040040  -0.369312
0.014257  0.013949  -0.024281
0.001607  -0.007050  -0.066047
-0.014305  0.002595  -0.057394
-0.074636  0.119348  -0.783727
0.110594  -0.106480  -1.217441
-0.013485  -0.007651  0.276258
0.020641  -0.007511  0.303460
0.002331  -0.011319  0.234664
0.079875  0.040905  0.242247
0.142337  0.082902  0.249611
0.192974  0.116890  0.256680
-0.472441  -0.251420  0.054479
0.008595  0.011814  0.012490
-0.088998  0.138520  0.122892
0.086628  -0.132316  -0.081116
0.015589  0.020261  0.023514
-0.022091  -0.014957  0.019939
-0.007591  0.018476  0.016695
0.042777  -0.049796  0.006407
-0.012778  -0.001468  0.013483
-0.026555  0.039418  0.006779
0.004474  -0.007259  0.004029
0.047984  -0.012422  0.008185
0.119490  0.040430  0.064823
-0.257500  0.091510  0.336158
0.157889  -0.197408  0.731418
-0.026459  -0.003845  -0.138432
-0.016636  0.022998  -0.199710
0.011303  -0.000470  -0.156039
0.016533  0.047804  -0.123065
-0.006134  0.006182  -0.099579
-0.032326  -0.004724  -0.078143
0.022070  -0.010309  -0.066047
-0.084300  0.152051  -0.308341
0.114796  -0.161846  -0.129693
-0.017453  0.014643  0.037942
0.069388  0.061661  0.090544
-0.073546  -0.073256  -0.061218
-0.004103  0.030775  0.062015
-0.005175  -0.017178  0.002986
-0.024317  0.010812  0.009720
0.001312  0.028623  0.005827
0.005824  -0.003991  0.010563
-0.090101  0.072967  0.290782
0.098094  -0.125774  0.539993
0.030493  0.014293  -0.223619
-0.006031  0.006702  -0.073089
-0.017821  -0.009802  -0.105588
-0.019777  -0.007089  -0.083890
0.017003  0.005988  -0.061970
0.010227  0.026351  -0.073410
-0.021076  0.016343  -0.020109
-0.012067  0.008346  -0.030137
-0.098974  0.104230  -0.338687
0.149309  -0.168214  -0.550834
-0.017378  0.001690  0.102789
-0.006563  0.003250  0.128412
0.005824  0.010471  0.110238
0.018885  0.015551  0.080851
-0.025395  -0.005263  0.071541
-0.020132  -0.003863  0.052145
0.069262  0.046979  0.101917
-0.040260  -0.047821  -0.059608
-0.128876  0.127265  0.457155
0.102786  -0.118141  0.707044
0.011009  -0.007387  -0.166809
-0.002220  0.006364  -0.159684
0.000995  0.006474  -0.133301
-0.009264  0.002100  -0.104006
0.019134  -0.034398  -0.083962
-0.010965  0.003381  -0.075685
0.042159  0.022069  -0.043800
-0.046651  0.013207  -0.044948
-0.092692  0.122789  -0.389159
0.012396  0.148267  -0.249490
0.106548  -0.305864  -0.148616
-0.031873  0.014740  0.307588
-0.004756  0.013490  0.018385
0.010253  -0.030266  0.055753
0.022966  0.029050  0.042788
0.003690  -0.020908  0.038102
-0.046135  -0.000696  0.026144
0.005139  0.013548  0.024359
-0.094548  0.147225  0.268968
0.129531  -0.164506  0.372774
0.012147  -0.014769  -0.110638
-0.001441  0.019399  -0.083831
0.086928  0.065440  -0.005137
-0.113388  -0.062371  -0.176392
-0.021060  0.026802  -0.010799
0.014560  -0.018083  -0.021225
0.005541  -0.011886  -0.028150
0.001937  0.008386  -0.022763
-0.092946  0.131846  -0.439527
0.107633  -0.106220  -0.736688
0.003505  -0.041075  0.226669
-0.023841  0.002973  0.185722
-0.006014  0.034257  0.133184
-0.038671  -0.001814  0.106948
0.058240  0.048462  0.144400
-0.010152  -0.055399  -0.062156
0.034307  -0.006985  0.171268
-0.041885  -0.005325  0.012886
-0.093177  0.138822  0.348438
0.107820  -0.161532  0.450828
0.023843  0.007323  -0.148353
-0.010349  0.009948  -0.096290
-0.036784  0.009381  -0.076373
-0.007405  -0.011152  -0.061018
0.024355  0.021162  -0.051026
0.006490  0.008561  -0.039691
-0.020619  -0.005574  -0.029978
0.032233  -0.002826  -0.025069
0.116392  0.047809  0.041419
-0.196106  0.067503  -0.199264
0.108520  -0.136926  -0.086889
-0.017440  0.001008  0.009861
-0.002974  -0.019449  0.018978
-0.012348  0.007442  0.024938
-0.003751  0.006923  0.018398
-0.008197  -0.023030  0.013253
-0.020777  0.012703  0.008489
0.006467  0.034435  0.011037
-0.037823  0.130248  -0.541791
0.095164  -0.150073  -1.254444
-0.024800  -0.043109  0.364319
0.072352  0.015410  0.346646
-0.104420  0.068602  0.443839
0.004133  -0.005950  0.050637
-0.002952  -0.009609  0.100659
-0.005294  -0.020018  0.064216
0.005699  0.004282  0.091872
-0.014012  0.011016  0.070513
-0.092671  0.131522  0.765725
0.123535  -0.182650  0.981388
0.015757  0.016528  -0.295970
-0.010885  0.002182  -0.228321
0.003761  0.001761  -0.179354
-0.001529  0.006901  -0.155545
0.092040  0.055505  -0.064547
-0.115277  -0.014408  -0.237581
0.000997  0.005547  -0.016450
0.012044  -0.023792  -0.054722
-0.072711  0.137821  -0.557437
0.115536  -0.163499  -0.777620
-0.009798  0.019567  0.218659
0.004003  0.002657  0.171165
-0.022979  -0.029352  0.146638
0.076013  0.026417  0.173317
-0.110538  -0.023917  -0.058260
-0.007149  0.029443  0.179899
0.013927  0.009787  0.058978
0.105970  0.057903  0.104345
-0.103772  -0.061059  -0.059720
0.003114  -0.032047  1.786633
0.023542  -0.004797  -0.105877
-0.019807  0.022789  -0.293882
-0.017509  -0.016545  -0.233711
0.005018  0.021737  -0.191476
0.001649  -0.017423  -0.150007
0.004027  0.030073  -0.124481
0.032265  0.016098  -0.101620
-0.011402  -0.039030  -0.081561
-0.113194  0.121373  -0.351177
0.101167  -0.138571  -0.052326
0.177102  -0.060983  0.020574
-0.186429  0.071028  -0.002017
0.021915  0.023769  0.034402
0.014315  -0.008350  -0.001579
-0.022009  -0.016638  0.007243
0.000558  -0.008766  0.002719
0.025672  -0.013258  0.006202
-0.022540  0.036688  0.003598
-0.123138  0.136985  1.852657
-0.001181  0.159457  1.544883
0.096383  0.177434  1.298663
-0.027710  -0.546510  2.732107
0.108693  0.048027  -4.251764
-0.029787  0.014814  -0.673279
0.024118  -0.020660  -0.488612
0.117788  0.034416  -0.339392
0.193344  0.078658  -0.220026
0.254696  0.114421  -0.124542
-0.832774  -0.078767  3.649156
-0.564884  -0.010930  2.970780
0.896617  -0.351160  4.157171
-0.424200  0.107368  -4.094800
-0.200256  -0.124197  -1.583450
-0.054644  -0.048934  -1.195770
0.471658  0.382996  -0.496807
0.485201  0.358698  -0.328950
0.498402  0.341010  -0.196301
-0.761358  -0.514720  -1.108454
-0.496353  -0.356020  -0.820954
0.551957  -0.251594  -0.023836
0.007922  0.037947  2.762800
0.122102  0.084925  2.288905
0.214081  0.122950  1.921694
-0.728982  -0.095842  -5.103528
-0.465763  -0.021076  -3.983128
0.943980  0.115731  1.607513
0.877557  0.148789  1.394044
0.828578  0.175940  1.229834
0.793753  0.198587  1.104889
0.769688  0.217653  1.010169
0.754142  0.233955  0.939210
0.745751  0.248253  0.887434
0.742646  0.260893  0.850256
0.743711  0.272254  0.824527
-5.533310  -1.341844  -8.771585
-4.273161  -1.008507  -6.868734
-3.265054  -0.741840  -5.346519
-2.458578  -0.528509  -4.128807
-1.813404  -0.357845  -3.154692
-1.297267  -0.221315  -2.375448
-0.884355  -0.112090  -1.752092
-0.554017  -0.024708  -1.253439
-0.289734  0.045200  -0.854536
-0.078289  0.101130  -0.535425
0.090890  0.145878  -0.280140
0.226702  0.182389  -0.077261
0.336614  0.212592  0.084642
0.426223  0.237797  0.214605
0.500020  0.259121  0.319653
0.561753  0.277560  0.405430
0.613843  0.293630  0.476021
0.658621  0.307952  0.534924
0.697735  0.320930  0.584745
0.732631  0.332949  0.627653
0.764207  0.344205  0.665150
0.793728  0.355106  0.698891
0.821338  0.365588  0.729445
0.847543  0.375780  0.757591
0.872715  0.385772  0.783922
0.897189  0.395653  0.808943
0.921599  0.405658  0.833378
0.945548  0.415575  0.856991
-1.828569  -7.916046  18.890593
-1.249516  -6.239625  15.307502
-0.786184  -4.898476  12.441172
-0.415426  -3.825540  10.148233
22.434776  31.015520  -39.821098
18.199120  25.054832  -31.804642
14.810669  20.293930  -25.391350
12.099964  16.485191  -20.260559
9.931427  13.438156  -16.155746
8.196602  11.000443  -12.871681
6.808708  9.050148  -10.244171
5.698334  7.489754  -8.141853
4.809937  6.241241  -6.459648
4.099075  5.242172  -5.113495
3.530212  4.442612  -4.036102
3.074913  3.802612  -3.173676
2.710411  3.290207  -2.483170
-100.804298  -130.519806  146.996811
-80.393555  -104.168625  117.654434
-64.065224  -83.088089  94.181091
-51.002777  -66.223999  75.402878
-40.552979  -52.732971  60.380676
-32.193192  -41.940277  48.363159
-25.505310  -33.306122  38.749207
-20.154846  -26.398651  31.057953
-15.874207  -20.872375  24.904694
-12.449280  -16.450867  19.981598
-9.708801  -12.913025  16.042480
-7.515747  -10.081909  12.890259
-5.760529  -7.816010  10.367371
-4.355408  -6.002106  8.347778
-3.230194  -4.549622  6.730591
-2.328827  -3.386047  5.435059
358.851837  474.691772  -565.572388
14.832481  20.228432  -7.067170
12.125399  16.441601  -5.609013
9.961094  13.413876  -4.444460
8.230995  10.993416  -3.514784
6.848248  9.058743  -2.773004
5.743359  7.512672  -2.181530
4.860741  6.277458  -1.710293
4.155910  5.290901  -1.335236
3.593288  4.503227  -1.037111
3.144405  3.874641  -0.800524
2.786491  3.373276  -0.613153
2.501320  2.973656  -0.465145
2.274307  2.655380  -0.348616
2.093803  2.402161  -0.257257
1.950470  2.200935  -0.186026
1.836845  2.041260  -0.130882
1.746948  1.914787  -0.088596
1.676010  1.814827  -0.056587
-73.994591  -97.866714  24.116844
-58.915340  -78.008003  19.304152
-46.850983  -62.119835  15.452188
-37.198502  -49.408051  12.368793
123.137970  166.414261  -44.294861
98.794724  133.421860  -35.432514
79.321144  107.029190  -28.344452
63.743225  85.916229  -22.675789
-237.285538  -318.655945  85.664116
-189.540390  -254.629715  68.527534
-151.343338  -203.407562  54.816483
-120.784607  -162.428436  43.845810
465.316162  624.812256  -167.344406
372.545410  500.150482  -133.886673
298.329926  400.422424  -107.122314
238.958313  320.640869  -85.712555
191.461487  256.816284  -68.586365
153.463989  205.756470  -54.886841
123.065674  164.907959  -43.928528
98.745850  132.227661  -35.162933
79.288452  106.081177  -28.151367
-1553.177734  -2086.944092  557.277588
-1242.254517  -1669.261841  445.799713
-993.517578  -1335.118408  356.616516
-794.528564  -1067.804688  285.268921
-635.336914  -853.953369  228.189209
-507.981689  -682.869629  182.523315
-406.094238  -545.998047  145.987915
-324.579102  -436.493652  116.756226
4903.927246  6593.270508  -1761.170898
1.157128  -1.667131  0.074869
1.243399  -1.009877  0.014340
1.319609  -0.479486  -0.038015
1.387763  -0.047942  -0.084083
1.449462  0.306632  -0.125226
1.505991  0.601455  -0.162132
1.558372  0.849719  -0.195644
1.607425  1.062339  -0.226438
1.653806  1.246949  -0.255053
1.698036  1.406921  -0.281921
1.740534  1.544414  -0.307387
1.781633  1.663912  -0.331728
1.821602  1.769004  -0.355164
1.860649  1.862559  -0.377871
1.898947  1.946873  -0.399992
1.936628  2.023779  -0.421637
1.973801  2.094748  -0.442898
2.010548  2.160948  -0.463846
-28.649260  -18.953743  4.730744
-22.473921  -14.659027  3.667203
-17.526661  -11.213853  2.812440
-13.561852  -8.448311  2.124702
-10.382996  -6.226467  1.570583
-7.832882  -4.439575  1.123361
-5.785736  -3.000637  0.761652
-4.140938  -1.840050  0.468354
-2.818001  -0.902130  0.229784
-1.752525  -0.142338  0.034994
-0.892990  0.474968  -0.124774
-0.198181  0.978294  -0.256526
0.364876  1.390450  -0.365867
85.265236  51.407284  -13.780154
68.750069  41.752632  -11.192642
55.545128  34.038376  -9.126558
44.988312  27.876404  -7.477608
36.549927  22.956200  -6.162344
29.806198  19.029343  -5.114017
24.418106  15.897125  -4.279217
20.114410  13.400513  -3.615219
16.678101  11.412338  -3.087841
-294.570343  -192.830399  52.204033
-2.691956  6.498975  -2.209364
-1.547370  5.918147  -1.974538
-0.625180  5.462476  -1.790461
0.119087  5.106915  -1.646976
2.930767  -16.268223  5.460283
2.976861  -12.337995  4.172346
3.020235  -9.250844  3.160543
-6.169641  19.157007  -5.818901
0.025584  -0.467006  -0.097024
0.678668  0.226731  -0.251776
1.207609  0.791763  -0.380577
1.637228  1.256626  -0.489255
1.987384  1.643599  -0.582349
2.273961  1.970115  -0.663418
2.509665  2.249784  -0.735235
2.704663  2.494522  -0.800386
2.867085  2.711648  -0.860239
-15.150180  -12.149608  0.976144
1.317970  -0.110139  -13.986919
-0.481496  -0.892882  1.157484
0.343768  0.049428  0.647741
1.010366  0.812321  0.239288
1.550025  1.435690  -0.089902
1.988124  1.950751  -0.357398
2.344968  2.380858  -0.576754
2.636799  2.745015  -0.757999
2.876609  3.059662  -0.906635
3.074791  3.335067  -1.029173
3.239658  3.580910  -1.130821
3.377861  3.803259  -1.215748
3.494717  4.009789  -1.287285
3.594477  4.192379  -1.348095
-29.258480  -32.433403  18.052090
-22.595562  -24.944845  14.116267
20.855463  28.859327  -17.910423
-0.715812  -1.208932  3.371100
0.257324  0.060683  2.360806
0.447278  0.148016  -1.201648
1.200270  1.163501  -1.298709
1.808893  1.984504  -1.385662
2.302013  2.649913  -1.458752
2.702724  3.190835  -1.520744
3.029498  3.632154  -1.573852
3.297113  3.993780  -1.619841
3.517391  4.291634  -1.660129
3.699785  4.538454  -1.695845
3.851858  4.744429  -1.727894
3.979660  4.917706  -1.756998
4.088028  5.064804  -1.783733
-32.806332  -41.268669  19.628624
-25.328548  -31.867395  15.317883
-19.340212  -24.337929  11.865849
-14.543423  -18.305893  9.100777
59.609234  72.596230  -34.417301
48.628391  59.258385  -27.932642
39.849819  48.596554  -22.748348
32.833023  40.075462  -18.604321
27.225578  33.266937  -15.292473
22.745575  27.828354  -12.646339
19.167450  23.485641  -10.532730
16.310730  20.019531  -8.845100
14.031067  17.254623  -7.498199
12.212952  15.050537  -6.423836
10.763977  13.294983  -5.567444
9.610199  11.898132  -4.885361
8.692505  10.788086  -4.342682
7.963562  9.907410  -3.911469
7.385468  9.210052  -3.569351
6.927979  8.659241  -3.298447
6.566833  8.225494  -3.084457
6.282684  7.885254  -2.915924
-296.646729  -362.879364  159.180862
-236.278900  -288.985321  126.891113
234.808945  289.030853  -113.137718
-0.356863  -0.069105  -3.792084
0.767054  1.282992  -3.495155
1.670876  2.371368  -3.260249
2.398616  3.248761  -3.074959
2.985486  3.957355  -2.929358
3.459651  4.530901  -2.815502
3.843644  4.996397  -2.727036
-13.689013  -19.970383  17.306316
-9.865986  -14.591346  13.365192
-6.802917  -10.281479  10.209677
-4.347814  -6.826946  7.682636
21.307301  30.712303  -38.195381
-0.643831  0.819561  1.539940
-0.797055  -0.210775  0.108793
0.475456  1.256157  -0.408587
1.498099  2.436322  -0.825114
-0.714226  -4.022864  1.280786
0.555608  -1.773679  0.521145
1.576095  0.023554  -0.086622
2.397100  1.468062  -0.575916
3.058512  2.637461  -0.972054
3.592242  3.580941  -1.291570
4.023817  4.342296  -1.549786
4.373659  4.957939  -1.758957
4.658102  5.457001  -1.928887
4.890211  5.862785  -2.067419
-29.466318  -25.590273  6.351598
-22.400248  -18.962004  4.551810
22.223862  17.516422  -5.911131
0.340054  0.345474  2.514393
1.458453  1.806109  1.486652
2.357697  2.981109  0.669184
3.081612  3.927593  0.016191
-5.384645  -8.257133  -5.718107
-0.424458  0.262130  4.975700
0.869409  1.771813  3.453817
1.909000  2.986015  2.252022
2.745164  3.963821  1.298748
3.418578  4.752501  0.540447
3.961785  5.389869  -0.066175
-15.107340  -18.950628  -7.361599
-10.850019  -13.559816  -6.393229
-7.439698  -9.240765  -5.621072
-4.706978  -5.779118  -5.005877
-2.516331  -3.003389  -4.516241
-0.759336  -0.776390  -4.127043
0.650742  1.011633  -3.818182
28.533234  31.525274  30.714449
24.093767  26.865812  24.178810
20.546659  23.144646  18.957741
17.713421  20.174088  14.778381
15.451248  17.803986  11.432373
13.645889  15.914207  8.753014
-94.035103  -104.083130  -78.577332
-73.934502  -81.582962  -63.259884
-57.849655  -63.576546  -51.008461
-44.977371  -49.165085  -41.209808
-34.675064  -37.629517  -33.373337
-26.428665  -28.394577  -27.106506
239.072388  260.535248  216.227997
-0.398377  0.068927  2.792353
1.006586  1.783876  1.819224
-0.063972  -1.844726  -2.254804
1.283365  0.266064  -2.223029
2.365853  1.961241  -2.210670
3.236456  3.323919  -2.214789
-7.624350  -5.330276  5.736247
-4.746499  -2.496243  4.127554
-2.439619  -0.222502  2.838348
7.608272  2.400479  -8.178908
7.453384  3.707890  -7.054568
7.334057  4.760315  -6.191265
-15.226713  -8.387319  13.041588
-10.800878  -4.902885  9.848773
10.407166  4.700779  -10.018140
9.715355  5.580535  -8.650881
9.166462  6.290798  -7.569097
8.731890  6.865458  -6.705889
8.388762  7.331619  -6.017532
8.118767  7.710966  -5.469040
-43.661297  -33.439819  34.377338
0.686611  -0.139947  0.003183
1.970499  1.752202  -0.658989
3.002082  3.272989  -1.190915
3.831814  4.495989  -1.618626
4.500056  5.480746  -1.962960
-13.571619  -14.733952  5.415462
-9.413798  -9.890516  3.659989
-6.083099  -6.009428  2.253452
-3.414097  -2.898220  1.126064
-1.274448  -0.402916  0.221995
20.010433  19.335384  -7.286464
17.474066  17.396639  -6.512343
15.449404  15.851961  -5.895197
-33.860043  -33.865860  12.443473
-25.609055  -25.145439  9.265166
-19.003845  -18.162804  6.720375
-13.715244  -12.570385  4.682393
-9.479916  -8.090122  3.049852
-6.087181  -4.499569  1.741659
75.935623  68.772095  -25.502451
-1.654829  0.764580  0.010135
-0.063584  -0.393519  0.033520
-0.262615  0.016918  -0.038645
1.309087  2.017802  -0.739956
2.570921  3.624837  -1.303162
3.584855  4.916785  -1.755881
4.400462  5.956652  -2.120205
5.057398  6.794842  -2.413810
5.587385  7.471670  -2.650833
6.015800  8.019398  -2.842585
6.362946  8.463818  -2.998112
6.645050  8.825565  -3.124649
6.875107  9.121151  -3.227985
-47.802299  -64.800903  24.312233
0.631413  -1.919608  0.576708
2.077237  0.533182  -0.270094
3.238230  2.504160  -0.950948
4.171351  4.094733  -1.499483
4.922167  5.373309  -1.940395
5.527126  6.402277  -2.295207
6.015392  7.231546  -2.581133
6.410288  7.901039  -2.811945
6.730465  8.442692  -2.998660
6.990852  8.882050  -3.150092
7.203381  9.239548  -3.273285
7.377598  9.531525  -3.373877
7.521133  9.771049  -3.456377
-67.800102  -79.165039  28.230896
-1.445637  2.379236  -3.614505
0.474950  4.066938  -3.654920
2.015542  5.422988  -3.689257
3.252134  6.513704  -3.718725
-5.754704  -16.340219  11.435691
-2.955844  -10.885138  8.377251
2.890593  9.452609  -6.956853
3.968597  9.760828  -6.340760
4.835094  10.013241  -5.849867
5.532379  10.220995  -5.459126
6.094284  10.393003  -5.148502
6.547873  10.536396  -4.901957
6.914791  10.656868  -4.706661
-33.079048  -61.175034  32.585007
-24.778677  -46.700817  25.279057
-18.134342  -35.115700  19.432362
-12.814827  -25.841850  14.753059
56.131008  107.302086  -59.168484
46.605572  88.103943  -48.131546
38.989250  72.751175  -39.303925
32.900192  60.474640  -32.243736
-119.339119  -221.714859  119.563080
1.587573  1.361861  0.026288
2.990691  3.379945  -0.785029
4.117119  4.999978  -1.436059
5.022186  6.301560  -1.958731
-12.842999  -15.457594  4.154877
0.692271  0.367769  0.008601
-0.595404  0.106931  -0.008803
1.267808  2.409268  -0.824257
2.762276  4.256656  -1.478498
3.961741  5.740077  -2.003723
4.925199  6.932313  -2.425734
5.699838  7.891586  -2.765167
6.323412  8.664474  -3.038532
6.826122  9.288231  -3.259037
7.232121  9.792660  -3.437244
7.560734  10.201599  -3.581606
7.827412  10.534111  -3.698877
8.044518  10.805458  -3.794466
-62.363663  -86.602699  29.254498
-48.100868  -66.893410  22.564720
-36.686874  -51.120674  17.211136
-27.551910  -38.497131  12.926495
-20.240120  -28.392883  9.496990
-14.386826  -20.304031  6.751579
-9.700272  -13.827408  4.553406
-5.947067  -8.640472  2.792999
-2.940460  -4.485229  1.382782
-0.531082  -1.155243  0.252686
1.400574  1.514618  -0.653336
163.140610  230.908493  -77.467873
132.346344  187.177490  -62.833717
107.715057  152.198532  -51.128342
88.014099  124.221100  -41.765930
72.257233  101.844727  -34.277832
-397.461639  -564.067505  192.659302
-316.115784  -448.775452  153.258804
-251.035217  -356.536316  121.736557
-198.966614  -282.739197  96.516846
763.988892  1087.080933  -373.028809
613.061279  872.166870  -299.299530
492.323303  700.241394  -240.318054
395.736572  562.706421  -193.134583
318.470215  452.682373  -155.389221
256.659546  364.666748  -125.194031
207.212646  294.256348  -101.038452
167.655518  237.928711  -81.714233
136.009766  192.866211  -66.254517
110.691650  156.814209  -53.886108
-2697.052734  -3833.445557  1315.991211
-2155.762695  -3064.241455  1051.912720
-1722.731934  -2448.880127  840.650635
-1376.307373  -1956.590820  671.641235
-1099.165527  -1562.755859  536.432617
-877.447266  -1247.681641  428.263428
-700.065430  -995.612305  341.724609
-558.149414  -793.941406  272.488037
-444.602539  -632.584961  217.091797
-353.747070  -503.475586  172.766602
9287.819336  13204.772461  -4533.287109
-0.115672  0.553317  1.125964
1.904144  3.123971  -0.035779
3.540972  5.210286  -0.975331
4.871390  6.909099  -1.737122
5.956656  8.297874  -2.356692
6.845774  9.438585  -2.862476
-22.972471  -32.451981  7.759007
-16.255791  -23.102024  5.209863
-10.861601  -15.592457  3.160450
27.237482  38.407089  -8.859148
23.974667  33.673985  -8.114932
-23.418791  -34.013523  8.052422
-0.900267  0.960570  0.031251
1.526774  3.805250  -1.032794
-1.239799  -4.292666  1.030141
1.296587  -0.338492  -0.253754
3.346385  2.852597  -1.290892
5.006891  5.436453  -2.130613
6.355942  7.532859  -2.812390
7.455801  9.239271  -3.367800
-22.893652  -24.528246  9.799791
-0.362328  0.382107  0.025898
2.142903  3.606344  -1.127069
4.167620  6.214899  -2.059388
-5.851743  -10.314690  3.101107
-2.187095  -4.863682  1.303289
0.765096  -0.473793  -0.144882
3.147301  3.064835  -1.313328
5.073498  5.927109  -2.257983
6.634867  8.245930  -3.023595
7.904346  10.129955  -3.645961
8.940287  11.666109  -4.153718
9.789364  12.923923  -4.569775
10.488918  13.959019  -4.912451
-51.935963  -59.776348  22.632114
-38.850849  -44.143623  16.829437
-28.362522  -31.608677  12.177490
71.268707  75.176384  -28.858072
59.773563  63.904812  -24.392111
50.597618  54.916222  -20.829115
43.276962  47.753967  -17.988468
37.440460  42.052658  -15.725662
-193.390472  -207.886322  79.489693
-151.853607  -162.402756  62.237514
-118.604141  -125.987488  48.426086
-91.984497  -96.826721  37.367233
-70.668610  -73.469482  28.510376
-53.595581  -54.754913  21.415070
-39.916718  -39.754303  15.728912
-28.952881  -27.724670  11.170029
555.524658  580.254944  -224.114883
447.441833  468.341278  -180.725067
360.996185  378.839386  -146.023178
291.859985  307.266602  -118.271454
236.570923  250.036621  -96.079712
192.358887  204.280273  -78.335754
157.007935  167.702271  -64.149719
-1685.748535  -1774.520508  681.000183
-1345.441650  -1415.285522  543.301147
-1073.177490  -1127.870605  433.132812
-855.346680  -897.910645  344.988708
3273.040283  3439.444092  -1320.233765
2621.668457  2755.998779  -1057.724243
2100.590088  2209.270508  -847.726074
1683.745605  1771.913086  -679.736328
-6405.270508  -6736.226074  2585.506104
-5120.911621  -5384.436523  2066.833740
5121.214844  5384.182617  -2067.442383
0.404105  -0.191919  0.038071
3.679129  4.465574  -1.566124
-3.895183  -3.583265  1.521533
0.273997  1.804030  -0.396569
3.626465  6.139113  -1.939551
-4.075225  -8.321051  2.302158
0.181281  -1.910537  0.202458
-1.043524  1.440663  -0.283743
2.640767  5.939853  -1.882217
-1.398234  -5.290663  1.857081
-0.547623  -0.351719  0.037029
3.088547  4.590527  -1.651927
6.014469  8.569366  -3.011520
-8.522651  -12.632804  4.442068
-3.240577  -5.159296  1.846845
1.002012  0.844477  -0.237737
4.412999  5.672437  -1.913797
7.158686  9.559723  -3.263031
9.372112  12.694439  -4.350795
-19.568077  -23.868568  7.593116
0.550970  0.354845  0.517078
-0.410259  0.075315  -0.225439
3.384269  5.206188  -1.951609
-2.109840  -4.947687  1.829237
2.058157  1.237272  -0.327045
5.409304  6.209943  -2.060384
8.106949  10.212757  -3.455358
10.281773  13.439651  -4.579630
12.038311  16.045773  -5.487329
13.460190  18.155239  -6.221754
14.614307  19.867325  -6.817543
15.554161  21.261444  -7.302399
16.322563  22.401123  -7.698490
16.953751  23.337173  -8.023544
17.475090  24.110245  -8.291740
17.908508  24.752838  -8.514416
18.271500  25.290955  -8.700638
18.578064  25.745346  -8.857658
-187.324890  -251.635544  86.263794
-145.866867  -195.748245  67.097878
-112.684341  -151.014557  51.757126
257.297729  345.011078  -118.320602
209.879669  281.640717  -96.593742
171.961273  230.968140  -79.220245
141.642456  190.453674  -65.329376
-523.472900  -701.886902  241.617065
-414.673401  -555.783813  191.324814
-327.617950  -438.877869  151.083099
-257.957458  -345.329163  118.881714
1001.894836  1340.666016  -459.779541
805.685547  1078.354126  -369.824677
-806.823608  -1078.713867  367.810242
-641.256897  -857.101990  292.231079
-508.787048  -679.788269  231.759613
-402.794434  -537.912720  183.374084
1553.559204  2074.764160  -707.541138
1247.117188  1665.780029  -568.083557
-1247.547485  -1665.273071  567.782471
-993.734375  -1326.199951  452.158569
-790.666565  -1054.916016  359.650879
-628.194458  -837.862793  285.635986
2413.243652  3218.883545  -1097.430054
1934.971069  2581.231201  -880.047119
1552.371094  2071.135498  -706.149475
1246.307617  1663.083496  -567.039795
1001.471191  1336.663574  -455.759277
805.614258  1075.546387  -366.741211
648.938477  866.667969  -295.531982
523.605469  699.576172  -238.568115
423.342773  565.911133  -192.999512
-8136.907715  -10859.884766  3702.690674
1.373796  0.718844  -1.835723
-0.436338  0.562253  -4.027701
4.113077  6.713861  -5.371740
7.753359  11.638395  -6.447969
10.666325  15.581259  -7.309942
12.997425  18.738766  -8.000498
-35.666428  -53.090355  28.219299
-24.067348  -36.192146  20.420971
-14.787371  -22.670383  14.181341
-7.362659  -11.849758  9.188663
-1.422146  -3.190025  5.193535
3.331024  3.741016  1.996429
7.134335  9.289120  -0.552486
10.177767  13.730896  -2.595642
12.613304  17.287621  -4.238010
13.264023  28.940826  -38.795567
15.083893  29.462177  -33.200062
16.540571  29.882542  -28.724701
17.706680  30.222084  -25.145416
18.640312  30.496933  -22.282974
19.387924  30.719971  -19.993958
19.986694  30.901489  -18.163620
20.466347  31.049728  -16.700180
20.850647  31.171249  -15.530167
-147.202515  -243.375076  179.645737
-113.283386  -188.362900  141.545166
-86.147507  -144.350266  111.063950
-64.438187  -109.137146  86.678131
-47.069946  -80.963440  67.168488
308.628876  522.473206  -406.257629
251.385330  424.331512  -327.182281
-249.173141  -423.263458  328.381653
-194.854752  -332.251343  260.527100
-151.399231  -259.438293  206.242371
-116.633820  -201.184326  162.813293
-88.820374  -154.577209  128.068481
-66.568237  -117.287292  100.270813
617.637268  1063.950684  -855.360718
-0.491963  0.003296  -4.685658
4.099181  6.390865  -5.938843
7.773671  11.505529  -6.943531
10.714827  15.601852  -7.749413
13.069305  18.883488  -8.396240
14.954422  21.513340  -8.915806
16.464024  23.621727  -9.333546
17.673187  25.312912  -9.669800
18.641960  26.670258  -9.940838
19.418381  27.760483  -10.159676
20.040871  28.636917  -10.336723
20.540146  29.342224  -10.480301
20.940781  29.910538  -10.597054
21.262436  30.369171  -10.692307
21.520813  30.739929  -10.770302
21.728485  31.040222  -10.834442
21.895493  31.284027  -10.887451
22.029846  31.482452  -10.931473
-292.754272  -420.102661  162.661270
-229.688629  -329.620392  127.904358
230.763107  330.075714  -125.538635
189.126678  270.528931  -102.658737
155.818146  222.894684  -84.356369
129.171814  184.790283  -69.715958
-474.758179  -678.319092  256.124420
-375.288544  -536.175110  202.665878
-295.712341  -422.456909  159.897583
-232.050659  -331.479004  125.681305
-181.120178  -258.692871  98.306519
-140.374268  -200.459473  76.404663
-107.775635  -153.867554  58.880859
1332.417603  1902.622803  -722.705383
0.036638  0.564405  -0.376956
4.560493  6.968833  -2.551989
8.182059  12.098202  -4.294559
11.081783  16.207502  -5.691153
-23.074291  -35.056473  12.530698
-13.918378  -21.504665  7.763994
-6.591191  -10.657441  3.948105
-0.726983  -1.973877  0.892866
3.966845  4.978760  -1.553853
7.724370  10.546658  -3.513757
10.732853  15.006763  -5.084208
13.142095  18.580624  -6.343095
15.071934  21.445477  -7.352724
16.618233  23.743099  -8.162941
17.857681  25.586906  -8.813616
18.851616  27.067619  -9.336643
19.649094  28.257790  -9.757530
-103.734863  -141.292999  47.385853
-78.415482  -106.419579  35.615566
-58.157646  -78.515259  26.196880
137.992493  184.474930  -61.755196
114.973434  154.211578  -51.704666
-115.478638  -154.270218  51.763447
-87.798836  -116.773392  39.105347
86.735123  117.016479  -39.182983
73.976837  100.267120  -33.656708
63.772499  86.873161  -29.238121
-137.213379  -187.129593  62.831024
-105.175171  -143.033279  47.947243
-79.542328  -107.750717  36.037796
-59.033707  -79.519104  26.507790
-42.624374  -56.928101  18.881287
286.488861  387.590118  -129.305573
233.798721  316.770935  -105.774452
191.649017  260.121277  -86.952026
-425.404114  -577.387878  192.606842
-335.708649  -455.194763  151.748154
-263.949860  -357.434601  119.058716
-206.540161  -279.220520  92.904602
-160.609436  -216.642822  71.978577
966.732483  1308.946289  -435.587494
778.015137  1053.904175  -350.820770
627.044189  849.876831  -283.010071
506.269897  686.660645  -228.763977
409.651855  556.092285  -185.369080
-2320.053955  -3146.940186  1047.870361
-1.482995  0.759558  0.042214
3.452210  7.381807  -2.329483
7.401124  12.682983  -4.228544
10.560998  16.927284  -5.749492
-21.813341  -37.154034  12.234306
-12.809112  -22.935642  7.417407
-5.604994  -11.557590  3.562199
0.159037  -2.451805  0.476342
4.771004  4.824642  -1.991794
8.461320  10.660697  -3.970235
6.325178  21.213715  -5.486821
0.086301  0.150322  -0.034215
-0.117938  -0.146051  0.008796
4.553124  6.697546  -2.376512
-3.849005  -6.612398  2.392286
1.569729  1.531129  -0.473076
5.905438  8.049268  -2.767039
9.374723  13.267090  -4.603878
12.150860  17.444637  -6.075012
-29.936623  -40.379227  13.959803
-19.296833  -25.465874  8.772621
19.676685  25.330750  -8.867014
20.395199  27.108635  -9.492133
-20.413479  -26.522518  9.561520
-11.675571  -14.367493  5.247407
10.860037  14.205454  -5.243085
13.344596  18.221355  -6.599554
15.332911  21.437292  -7.686360
16.924217  24.013233  -8.557428
-44.697601  -63.600445  22.818888
-31.098925  -44.010620  15.843545
-20.219339  -28.335590  10.261654
-11.515015  -15.792374  5.794523
-4.550877  -5.754578  2.219187
66.448387  93.032883  -34.101826
57.821236  81.312103  -29.701166
50.920181  71.938675  -26.182259
45.399971  64.443054  -23.368725
-153.839645  -216.701340  79.273788
-118.406754  -166.462814  60.992970
-90.059830  -126.268890  46.366726
208.335449  292.354919  -107.443756
171.335266  240.791672  -88.385880
141.735733  199.544144  -73.141159
118.056549  166.549042  -60.946884
99.113495  140.155640  -51.192902
-529.317749  -747.089355  273.735291
-0.841222  0.238386  -0.031644
3.995639  7.114266  -2.464662
-4.171372  -7.439398  2.436485
1.331697  0.976743  -0.492771
-1.308837  -0.863856  0.471087
3.621891  6.241858  -2.067691
7.566553  11.928757  -4.100009
-10.626604  -17.849148  4.895355
0.425847  -0.571979  -2.167789
5.009927  6.481915  -4.183951
8.677253  12.130026  -5.798160
11.611170  16.650795  -7.090798
13.958342  20.269672  -8.126169
15.836105  23.167000  -8.955711
17.338310  25.487061  -9.620575
-73.345604  -103.905418  48.380543
-54.007111  -76.166557  36.246006
54.099388  76.104080  -36.621105
47.948845  67.845367  -31.757738
43.028362  61.240509  -27.868244
39.091896  55.958694  -24.757824
35.942596  51.735245  -22.270622
33.422958  48.358368  -20.281952
31.406967  45.658661  -18.692047
29.793793  43.500519  -17.421127
-260.068787  -374.245605  164.332550
-203.387726  -292.419830  128.996704
-158.043259  -226.957581  100.727051
360.623749  519.666260  -232.986115
0.111321  -0.120821  0.660931
4.755171  6.886336  -1.941422
-5.029162  -7.006056  2.054980
0.642249  1.382308  -0.831574
5.179105  8.094771  -3.141860
-5.368781  -9.316097  4.114987
0.369729  -0.460430  0.813313
4.960255  6.623405  -1.824727
8.632391  12.294672  -3.940525
11.569805  16.833418  -5.634192
13.919436  20.466129  -6.990145
15.798813  23.373978  -8.075918
17.301971  25.701912  -8.945538
18.504112  27.565857  -9.642216
19.465408  29.058563  -10.200520
20.233986  30.254211  -10.648090
20.848343  31.212112  -11.007065
21.339249  31.979752  -11.295120
21.731308  32.595062  -11.526405
22.044235  33.088379  -11.712234
22.293762  33.483978  -11.861656
22.492493  33.801239  -11.981895
-261.284851  -387.816010  134.546249
-0.163782  -0.980149  0.252286
4.523432  6.231934  -2.292700
8.272186  12.002235  -4.329331
-12.818740  -17.690815  6.631949
0.241158  -0.158622  -0.017003
4.843292  6.890867  -2.510682
-4.860230  -6.241477  2.503703
-0.018908  -0.196868  -0.031586
0.277375  -0.199312  0.035671
4.868137  6.860548  -2.470886
-5.151453  -6.613770  2.454593
0.522998  1.731117  -0.537165
5.061520  8.407605  -2.931190
8.691292  13.749367  -4.847025
11.594055  18.023333  -6.380302
-26.221355  -42.300949  14.600716
-16.338186  -26.815844  9.176682
-8.432706  -14.427214  4.836852
-2.109373  -4.515759  1.364382
2.948252  3.413975  -1.414206
6.993317  9.758337  -3.637689
17.015316  33.217335  -10.197648
18.244911  33.602196  -10.665670
-17.418074  -33.853828  10.601353
-0.661520  0.097261  -0.059349
4.100328  7.107835  -2.556850
7.908764  12.716846  -4.555450
10.954462  17.204597  -6.154926
-22.497795  -37.009014  13.487720
-13.372900  -22.575045  8.278431
-6.074041  -11.027342  4.110411
-0.236006  -1.788647  0.775403
18.951143  35.183701  -12.789274
-0.243915  -0.085467  -0.449439
-0.085391  -0.048530  -0.038751
4.550724  6.996546  -2.546295
8.258563  12.633131  -4.552917
-12.457922  -19.277164  6.937885
-5.350471  -8.384815  3.033264
0.334430  0.329572  -0.091012
4.881294  7.301587  -2.591012
0.291981  0.476887  -0.326826
4.845214  7.420437  -2.780815
8.486736  12.975765  -4.744577
11.398882  17.420506  -6.316154
13.727520  20.976753  -7.573975
15.589329  23.822182  -8.580778
17.077656  26.098923  -9.386761
18.267166  27.920662  -10.032059
-88.768463  -136.409088  49.409630
-66.412086  -102.085152  37.004051
-48.528149  -74.625671  27.079075
-34.222115  -52.657684  19.138565
-22.778336  -35.082825  12.785591
-13.624329  -21.022339  7.702614
-6.302032  -9.773285  3.635597
-0.445053  -0.773254  0.381302
190.856415  295.865265  -107.609665
157.280121  243.739349  -88.616318
-155.808197  -243.901123  88.526344
0.232950  0.247961  0.014477
4.778839  7.247922  -2.518985
8.414701  12.848675  -4.546494
-13.115436  -20.253265  7.064336
-5.902428  -9.150728  3.118827
-0.132877  -0.267932  -0.038245
4.481909  6.839073  -2.564568
8.172881  12.525441  -4.586287
11.124796  17.075291  -6.204323
13.485456  20.715908  -7.499405
15.373100  23.629116  -8.536114
16.882309  25.960365  -9.366116
18.088737  27.826004  -10.030731
19.052917  29.319107  -10.563019
19.823250  30.514114  -10.989418
-121.481888  -184.822678  67.283737
-92.606674  -140.798401  51.286888
-69.507538  -105.578476  38.488846
-51.029175  -77.401947  28.249817
-36.247360  -54.860016  20.057945
-24.422684  -36.825592  13.503769
-14.963623  -22.397034  8.259659
289.533234  437.641327  -159.878860
236.199936  357.178802  -130.448029
193.532593  292.809753  -106.904099
159.397919  241.315308  -88.069641
132.089050  200.120178  -73.002594
110.240662  167.164062  -60.949310
92.760193  140.798584  -51.306885
78.773804  119.705200  -43.592957
-1005.060852  -1518.106934  554.263855
-799.487793  -1207.422485  440.864075
-635.031433  -958.875977  350.144257
1437.329956  2164.760254  -790.974426
1154.419556  1738.869141  -635.326904
928.089233  1398.155273  -510.808838
747.021973  1125.581787  -411.193848
602.164062  907.518555  -331.500732
486.272217  733.062012  -267.744263
393.551758  593.488770  -216.736328
-4312.878418  -6496.566895  2372.721680
-3445.784912  -5190.235352  1895.643066
-2752.116943  -4145.179199  1513.983032
-2197.186523  -3309.138672  1208.656006
-1753.244141  -2640.305664  964.394043
-1398.087891  -2105.233398  768.981934
-1113.955078  -1677.164062  612.646973
12661.309570  19068.365234  -6964.689453
10133.584961  15261.753906  -5574.304199
-10135.497070  -15262.388672  5575.596191
0.482740  0.243231  -0.184645
4.948606  7.299669  -2.717425
8.529367  12.958935  -4.749168
-13.531116  -20.415016  7.381463
0.413496  0.113825  -0.087968
4.925412  7.252491  -2.662116
-4.859073  -6.960414  2.641965
0.723396  1.621168  -0.489145
-0.051745  -1.848942  0.507030
4.585260  5.738349  -2.208042
-5.668773  -5.613947  2.217501
0.107600  2.754281  -0.850588
4.736665  9.462805  -3.310510
-4.225481  -12.112667  4.110295
1.286105  -2.402925  0.647315
5.703311  5.367204  -2.125388
9.244999  11.608738  -4.352088
-16.163906  -14.494228  6.822226
-8.232963  -4.252721  2.795176
-1.880315  3.954306  -0.431870
3.209690  10.533731  -3.018907
7.289575  15.811052  -5.093930
10.561353  20.046665  -6.759336
13.186631  23.448875  -8.097034
15.294689  26.184319  -9.172554
-39.637920  -96.004395  31.074503
1.150299  0.496253  -3.816078
5.689039  7.863058  -5.763802
9.327814  13.770075  -7.327303
12.246601  18.509237  -8.583414
14.589375  22.314083  -9.593594
-43.346607  -62.387146  31.521355
-29.869755  -42.376076  22.479671
31.607056  42.184883  -21.365131
30.108589  41.308453  -19.840050
-30.542191  -40.961224  19.839489
-0.827182  -0.415024  0.067991
4.184224  7.268735  -2.709285
-4.735762  -7.307787  2.660909
1.072658  1.781241  -0.645406
-0.153716  -1.704161  0.591499
-0.296052  0.178263  0.006151
4.647301  7.810032  -2.784847
-4.310847  -7.510419  2.819983
1.450667  1.685633  -0.544172
6.067464  9.055724  -3.240683
-7.815282  -11.056192  3.732444
-1.330157  -1.111297  0.170260
1.217181  1.202907  -0.221737
5.910914  8.722361  -3.003409
9.673435  14.751081  -5.233899
12.690971  19.587194  -7.023432
-28.118185  -43.231686  15.351120
-17.527332  -26.772823  9.434326
-9.047161  -13.592651  4.695768
-2.255535  -3.035431  0.899799
3.185257  5.423431  -2.142098
7.545383  12.203602  -4.580736
18.572765  26.099920  -8.428926
19.870358  28.770929  -9.620426
20.915892  30.920776  -10.578728
-41.034748  -59.671490  20.247562
-27.793324  -39.807175  13.305491
-17.192747  -23.902733  7.746753
44.553036  63.367676  -21.121803
40.699200  58.663105  -19.805239
-40.298927  -57.868015  19.796282
-27.167564  -38.299583  12.919109
-16.655079  -22.631914  7.412314
43.835159  60.832924  -20.331736
40.161900  56.699924  -19.198467
-40.168488  -57.189476  19.227564
-27.026279  -37.692253  12.438901
-16.505142  -22.081617  7.002938
-8.080860  -9.580238  2.649136
-1.334053  0.433739  -0.838940
53.096306  69.107849  -21.338707
47.622456  63.409954  -20.039278
43.250729  58.864464  -19.004753
39.760651  55.240829  -18.182121
36.975830  52.354599  -17.528976
34.755157  50.058182  -17.011391
32.985703  48.233490  -16.602211
-236.162231  -328.088959  108.404671
-183.734207  -254.259567  83.720947
-141.784729  -195.183655  63.969101
326.952911  449.868744  -147.794083
266.779236  368.143951  -121.252724
218.647308  302.776428  -100.024483
180.148529  250.494446  -83.046646
149.356140  208.680542  -69.469025
124.728455  175.240723  -58.611389
105.032104  148.499512  -49.929565
89.280396  127.116577  -42.988220
76.684082  110.019775  -37.439026
66.611572  96.351196  -33.003357
58.557495  85.424316  -29.458313
52.117554  76.690186  -26.625427
46.968628  69.709473  -24.362000
42.851807  64.130615  -22.553955
39.560059  59.672363  -21.109802
-1516.901489  -2142.670166  719.816040
-1208.240112  -1705.759644  572.781860
-961.309204  -1356.226562  455.152283
-763.761963  -1076.594238  361.045898
-605.720459  -852.880371  285.757446
3535.264160  4990.100586  -1674.520752
2833.509766  4000.493652  -1342.703369
2272.110352  3208.815186  -1077.252808
1822.992188  2575.478027  -864.894531
1463.696777  2068.809570  -695.009033
1176.255859  1663.470703  -559.100586
946.294922  1339.190430  -450.371094
762.314453  1079.750977  -363.383301
-11274.382812  -15935.394531  5352.626465
-9014.259766  -12739.956055  4279.026367
-7206.173828  -10183.619141  3420.150879
-5759.710938  -8138.558594  2733.051270
-4602.539062  -6502.501953  2183.369141
-3676.787109  -5193.632812  1743.616211
-2936.162109  -4146.503906  1391.799805
-2343.621094  -3308.746094  1110.329102
-1869.539062  -2638.460938  885.126953
-1490.207031  -2102.140625  704.931641
-1186.656250  -1672.960938  560.734375
-943.718750  -1329.480469  445.330078
-749.257812  -1054.535156  352.949219
41779.273438  59012.640625  -19810.888672
33429.386719  47219.527344  -15852.148438
-33429.402344  -47220.121094  15852.203125
-26737.312500  -37766.343750  12678.208984
-21383.513672  -30203.136719  10138.953125
48121.230469  67970.476562  -22817.365234
38503.605469  54386.726562  -18257.644531
30809.632812  43519.910156  -14609.929688
-69313.453125  -97906.257812  32867.355469
-55443.796875  -78314.171875  26289.964844
-44347.945312  -62640.328125  21027.986328
-35471.093750  -50101.000000  16818.328125
-28369.390625  -40069.218750  13450.492188
-22687.750000  -32043.421875  10756.078125
-18142.078125  -25622.281250  8600.382812
-14505.093750  -20484.718750  6875.617188
218969.937500  309278.468750  -103819.921875
175185.515625  247437.296875  -83061.101562
140158.421875  197964.968750  -66454.265625
112137.062500  158387.531250  -53168.937500
89720.125000  126725.812500  -42540.750000
71786.468750  101396.375000  -34038.156250
57439.312500  81132.437500  -27235.968750
45961.000000  64920.500000  -21793.937500
36777.562500  51949.812500  -17439.937500
-729166.062500  -1029916.000000  345733.625000
-583326.187500  -823922.312500  276583.093750
-466655.125000  -659128.500000  221263.031250
-373318.625000  -527294.125000  177007.187500
-298649.250000  -421826.250000  141602.437500
-238912.875000  -337450.750000  113278.250000
-191122.250000  -269948.000000  90618.187500
-152887.250000  -215942.750000  72488.937500
2304876.500000  3255519.750000  -1092843.875000
1843918.000000  2604440.500000  -874283.687500
1475153.750000  2083580.250000  -699436.625000
1180143.250000  1666893.500000  -559559.500000
944134.500000  1333544.000000  -447657.500000
-5443345.000000  -7688451.500000  2580935.500000
-4354660.500000  -6150738.500000  2064740.375000
-3483713.500000  -4920569.500000  1651784.625000
-2786953.500000  -3936431.000000  1321419.000000
-2229539.000000  -3149111.000000  1057123.000000
12854883.000000  18156872.000000  -6095075.000000
10283951.000000  14525562.000000  -4876082.000000
8227211.000000  11620521.000000  -3900891.000000
-18511144.000000  -26146056.000000  8776964.000000
-14808861.000000  -20916768.000000  7021545.000000
-11847026.000000  -16733328.000000  5617206.000000
-9477542.000000  -13386552.000000  4493727.000000
-7581924.000000  -10709088.000000  3594930.000000
-6065380.000000  -8567044.000000  2875868.000000
49780900.000000  70313016.000000  -23603356.000000
39825004.000000  56250816.000000  -18882822.000000
31860344.000000  45001120.000000  -15106416.000000
25488624.000000  36001400.000000  -12085300.000000
-97173840.000000  -137253152.000000  46074480.000000
-77738728.000000  -109802040.000000  36859420.000000
77738728.000000  109802040.000000  -36859424.000000
62191344.000000  87842136.000000  -29487710.000000
49753420.000000  70274200.000000  -23590332.000000
39803016.000000  56219760.000000  -18872400.000000
31842592.000000  44976048.000000  -15098000.000000
25474064.000000  35980800.000000  -12078392.000000
-209065040.000000  -295293824.000000  99127128.000000
-167252544.000000  -236235776.000000  79301944.000000
-133802752.000000  -188989616.000000  63441896.000000
-107042976.000000  -151192800.000000  50753888.000000
-85635072.000000  -120955200.000000  40603424.000000
-68508448.000000  -96764736.000000  32482928.000000
-54806720.000000  -77411648.000000  25986320.000000
-43844544.000000  -61928192.000000  20788672.000000
-35073792.000000  -49539904.000000  16630080.000000
-28055872.000000  -39627520.000000  13302592.000000
-22440000.000000  -31695424.000000  10639872.000000
746469440.000000  1054350272.000000  -353934816.000000
597183808.000000  843491904.000000  -283151776.000000
477756928.000000  674807360.000000  -226526080.000000
382216576.000000  539861376.000000  -181226016.000000
305784832.000000  431905408.000000  -144986240.000000
244639232.000000  345540352.000000  -115994432.000000
