0.100000  0.100000  0.100000
0.100007  0.100000  0.100000
0.101004  0.100808  0.100855
0.101004  0.100808  0.100855
0.101483  0.100757  0.100596
0.101832  0.100800  0.100590
0.101832  0.100800  0.100590
0.101832  0.100800  0.100590
0.102003  0.100603  0.101092
0.102003  0.100603  0.101092
0.102083  0.100753  0.101415
0.102185  0.100687  0.101830
0.102185  0.100687  0.101830
0.102917  0.101780  0.103026
0.102917  0.101780  0.103026
0.103590  0.101795  0.103210
0.105262  0.102869  0.104442
0.105262  0.102869  0.104442
0.105572  0.102936  0.103938
0.105590  0.102858  0.103486
0.105590  0.102858  0.103486
0.105590  0.102858  0.103486
0.105822  0.103376  0.103102
0.105897  0.103301  0.102788
0.105897  0.103301  0.102788
0.106831  0.104178  0.103682
0.106831  0.104178  0.103682
0.106870  0.104010  0.103918
0.107868  0.104846  0.105044
0.107868  0.104846  0.105044
0.107868  0.104846  0.105044
0.107925  0.104577  0.105132
0.107925  0.104577  0.105132
0.108235  0.104549  0.105203
0.108235  0.104549  0.105203
0.109205  0.105766  0.106246
0.109205  0.105766  0.106246
0.109205  0.105766  0.106246
0.109636  0.106055  0.105780
0.109743  0.105935  0.105601
0.109743  0.105935  0.105601
0.110748  0.106933  0.106403
0.110748  0.106933  0.106403
0.110748  0.106933  0.106403
0.111200  0.107073  0.106328
0.112528  0.108153  0.107249
0.112528  0.108153  0.107249
0.112640  0.108048  0.107004
0.112702  0.108218  0.106737
0.112869  0.108277  0.106483
0.113168  0.108267  0.106303
0.113168  0.108267  0.106303
0.113923  0.109386  0.107188
0.113923  0.109386  0.107188
0.113941  0.109341  0.107397
0.114288  0.109256  0.106990
0.114519  0.109505  0.103034
0.114535  0.109555  0.103204
0.114535  0.109555  0.103204
0.114535  0.109555  0.103204
0.114823  0.109393  0.103680
0.114972  0.109287  0.104047
0.114972  0.109287  0.104047
0.115168  0.108913  0.104289
0.115182  0.108846  0.104524
0.116211  0.109786  0.105662
0.116211  0.109786  0.105662
0.116349  0.110067  0.109152
0.116349  0.110067  0.109152
0.116551  0.109860  0.109042
0.116551  0.109860  0.109042
0.116551  0.109860  0.109042
0.116551  0.109860  0.109042
0.116551  0.109860  0.109042
0.116828  0.109817  0.108916
0.118211  0.110877  0.109899
0.118211  0.110877  0.109899
0.118382  0.111070  0.110034
0.118382  0.111070  0.110034
0.118382  0.111070  0.110034
0.119280  0.111728  0.111156
0.119280  0.111728  0.111156
0.119691  0.111777  0.111332
0.119743  0.112436  0.111387
0.119743  0.112436  0.111387
0.120733  0.113241  0.112437
0.120733  0.113241  0.112437
0.120952  0.112973  0.112038
0.120999  0.113215  0.113403
0.120999  0.113215  0.113403
0.121194  0.113075  0.113891
0.121375  0.113530  0.114341
0.121375  0.113530  0.114341
0.122463  0.114797  0.115715
0.122463  0.114797  0.115715
0.122463  0.114797  0.115715
0.122463  0.114797  0.115715
0.123473  0.116058  0.116933
0.123473  0.116058  0.116933
0.123696  0.115868  0.116441
0.123696  0.115868  0.116441
0.123696  0.115868  0.116441
0.123885  0.115651  0.116353
0.125265  0.116626  0.117446
0.125265  0.116626  0.117446
0.125517  0.117070  0.117647
0.125517  0.117070  0.117647
0.126472  0.117978  0.122196
0.126472  0.117978  0.122196
0.126472  0.117978  0.122196
0.126472  0.117978  0.122196
0.126644  0.117689  0.121542
0.126644  0.117689  0.121542
0.126871  0.117624  0.121204
0.126996  0.117747  0.120951
0.128180  0.118886  0.121830
0.128180  0.118886  0.121830
0.128180  0.118886  0.121830
0.128180  0.118886  0.121830
0.129273  0.119817  0.123718
0.129273  0.119817  0.123718
0.129273  0.119817  0.123718
0.129273  0.119817  0.123718
0.129489  0.120158  0.124028
0.129725  0.119906  0.124228
0.131144  0.120839  0.125585
0.131144  0.120839  0.125585
0.131144  0.120839  0.125585
0.131308  0.120876  0.124624
0.131477  0.120794  0.123560
0.131477  0.120794  0.123560
0.131682  0.120529  0.123103
0.132974  0.121393  0.123825
0.132974  0.121393  0.123825
0.132974  0.121393  0.123825
0.133915  0.122375  0.124221
0.133915  0.122375  0.124221
0.133915  0.122375  0.124221
0.134244  0.122311  0.125771
0.134244  0.122311  0.125771
0.134597  0.122232  0.126290
0.134597  0.122232  0.126290
0.134597  0.122232  0.126290
0.134884  0.121936  0.126594
0.136202  0.122772  0.127884
0.138626  0.124694  0.130239
0.141643  0.127263  0.133163
0.141643  0.127263  0.133163
0.141989  0.127387  0.133123
0.141989  0.127387  0.133123
0.141989  0.127387  0.133123
0.141989  0.127387  0.133123
0.142211  0.126987  0.133121
0.142417  0.126984  0.133080
0.142417  0.126984  0.133080
0.143538  0.128190  0.134159
0.143538  0.128190  0.134159
0.143538  0.128190  0.134159
0.144465  0.129383  0.135536
0.144465  0.129383  0.135536
0.144465  0.129383  0.135536
0.144660  0.129818  0.135826
0.144687  0.129652  0.135981
0.144687  0.129652  0.135981
0.144687  0.129652  0.135981
0.145582  0.131144  0.137282
0.145582  0.131144  0.137282
0.145854  0.131079  0.137531
0.145854  0.131079  0.137531
0.146317  0.131028  0.137260
0.147846  0.132078  0.138166
0.150584  0.134292  0.140281
0.150584  0.134292  0.140281
0.150824  0.134148  0.139547
0.150875  0.134087  0.139460
0.152165  0.135200  0.140579
0.152165  0.135200  0.140579
0.152185  0.135255  0.140790
0.152185  0.135255  0.140790
0.152260  0.135197  0.141239
0.152503  0.135351  0.141530
0.152503  0.135351  0.141530
0.152594  0.135424  0.141722
0.152741  0.135696  0.141907
0.154031  0.136997  0.143173
0.154031  0.136997  0.143173
0.154267  0.137140  0.144573
0.154267  0.137140  0.144573
0.154267  0.137140  0.144573
0.154385  0.137053  0.144426
0.154590  0.136869  0.144293
0.154590  0.136869  0.144293
0.154590  0.136869  0.144293
0.154590  0.136869  0.144293
0.154590  0.136869  0.144293
0.155905  0.137966  0.145527
0.155905  0.137966  0.145527
0.156253  0.138113  0.146784
0.157764  0.139386  0.148925
0.157764  0.139386  0.148925
0.158184  0.139934  0.148765
0.158184  0.139934  0.148765
0.158184  0.139934  0.148765
0.158184  0.139934  0.148765
0.158231  0.139966  0.148704
0.158231  0.139966  0.148704
0.158724  0.139703  0.149222
0.158724  0.139703  0.149222
0.158970  0.139346  0.148253
0.159112  0.139337  0.147574
0.160578  0.140568  0.148259
0.160578  0.140568  0.148259
0.160968  0.140687  0.147223
0.162481  0.141909  0.147646
0.162481  0.141909  0.147646
0.162481  0.141909  0.147646
0.162807  0.141732  0.136970
0.164299  0.142757  0.130328
0.164299  0.142757  0.130328
0.164323  0.143110  0.132772
0.164403  0.142937  0.133741
0.164435  0.143009  0.134459
0.164525  0.143200  0.135056
0.166008  0.144659  0.136831
0.166008  0.144659  0.136831
0.166008  0.144659  0.136831
0.166244  0.144551  0.137436
0.166244  0.144551  0.137436
0.166456  0.144616  0.136856
0.166520  0.144653  0.136445
0.166520  0.144653  0.136445
0.166829  0.144956  0.136218
0.166829  0.144956  0.136218
0.166829  0.144956  0.136218
0.166830  0.144954  0.136044
0.168100  0.146118  0.137040
0.168100  0.146118  0.137040
0.168561  0.146602  0.136742
0.168561  0.146602  0.136742
0.168561  0.146602  0.136742
0.168638  0.146687  0.136798
0.168774  0.146643  0.136789
0.168774  0.146643  0.136789
0.168843  0.146554  0.136775
0.168843  0.146554  0.136775
0.168843  0.146554  0.136775
0.168976  0.146591  0.136974
0.168976  0.146591  0.136974
0.168996  0.146540  0.136743
0.169104  0.146618  0.136596
0.169117  0.146597  0.136486
0.169511  0.146640  0.136299
0.169511  0.146640  0.136299
0.169806  0.146497  0.136276
0.169806  0.146497  0.136276
0.169806  0.146497  0.136276
0.170042  0.146550  0.135543
0.170042  0.146550  0.135543
0.170042  0.146550  0.135543
0.170042  0.146550  0.135543
0.171232  0.147944  0.137218
0.171232  0.147944  0.137218
0.171534  0.147775  0.138143
0.173207  0.148911  0.140192
0.173207  0.148911  0.140192
0.173285  0.149238  0.140652
0.173285  0.149238  0.140652
0.173285  0.149238  0.140652
0.173618  0.149337  0.140991
0.173618  0.149337  0.140991
0.173618  0.149337  0.140991
0.173618  0.149337  0.140991
0.173773  0.149529  0.141220
0.173773  0.149529  0.141220
0.173862  0.149575  0.141346
0.175269  0.150829  0.142624
0.175269  0.150829  0.142624
0.175567  0.150277  0.142334
0.175567  0.150277  0.142334
0.175567  0.150277  0.142334
0.175567  0.150277  0.142334
0.175796  0.150301  0.141746
0.175938  0.150407  0.141294
0.175938  0.150407  0.141294
0.175938  0.150407  0.141294
0.177164  0.151411  0.142218
0.177164  0.151411  0.142218
0.177591  0.151352  0.142203
0.177591  0.151352  0.142203
0.177591  0.151352  0.142203
0.177591  0.151352  0.142203
0.177591  0.151352  0.142203
0.177697  0.151565  0.142208
0.177871  0.151487  0.142258
0.177871  0.151487  0.142258
0.178158  0.151543  0.145533
0.178158  0.151543  0.145533
0.178158  0.151543  0.145533
0.178793  0.151711  0.144880
0.178793  0.151711  0.144880
0.178828  0.151659  0.144419
0.178828  0.151659  0.144419
0.180157  0.152992  0.145454
0.180157  0.152992  0.145454
0.180493  0.152753  0.144994
0.180860  0.152781  0.144935
0.180860  0.152781  0.144935
0.181192  0.153056  0.145049
0.181202  0.153067  0.145110
0.181372  0.152774  0.145189
0.181372  0.152774  0.145189
0.181372  0.152774  0.145189
0.181372  0.152774  0.145189
0.181376  0.152747  0.145255
0.181558  0.153114  0.145256
0.183190  0.154756  0.146543
0.183190  0.154756  0.146543
0.183441  0.154769  0.143773
0.183441  0.154769  0.143773
0.183795  0.154998  0.143975
0.183795  0.154998  0.143975
0.183795  0.154998  0.143975
0.183981  0.155176  0.144209
0.183981  0.155176  0.144209
0.183981  0.155176  0.144209
0.185412  0.156985  0.145634
0.185412  0.156985  0.145634
0.185660  0.156651  0.148370
0.187363  0.157697  0.152049
0.187363  0.157697  0.152049
0.187363  0.157697  0.152049
0.187363  0.157697  0.152049
0.187556  0.157392  0.151967
0.187929  0.157802  0.151815
0.187929  0.157802  0.151815
0.189193  0.159243  0.153052
0.189193  0.159243  0.153052
0.189193  0.159243  0.153052
0.189193  0.159243  0.153052
0.189207  0.159268  0.153262
0.189253  0.159245  0.153511
0.190695  0.160485  0.154939
0.190695  0.160485  0.154939
0.190806  0.160585  0.154956
0.190806  0.160585  0.154956
0.192012  0.161855  0.156378
0.192012  0.161855  0.156378
0.192063  0.161657  0.156499
0.192063  0.161657  0.156499
0.192307  0.162022  0.156227
0.192307  0.162022  0.156227
0.192484  0.162038  0.156028
0.192484  0.162038  0.156028
0.192484  0.162038  0.156028
0.193836  0.163397  0.157145
0.193836  0.163397  0.157145
0.193836  0.163397  0.157145
0.193836  0.163397  0.157145
0.194060  0.163529  0.157252
0.194180  0.163695  0.157346
0.194180  0.163695  0.157346
0.194409  0.163418  0.157411
0.194820  0.163413  0.157478
0.194820  0.163413  0.157478
0.194820  0.163413  0.157478
0.196056  0.164728  0.158861
0.196056  0.164728  0.158861
0.196750  0.165130  0.154252
0.196750  0.165130  0.154252
0.196833  0.165690  0.156457
0.196833  0.165690  0.156457
0.196926  0.165551  0.157009
0.197030  0.165359  0.157452
0.197030  0.165359  0.157452
0.197030  0.165359  0.157452
0.198362  0.166469  0.158831
0.198362  0.166469  0.158831
0.198362  0.166469  0.158831
0.198404  0.166262  0.157117
0.198404  0.166262  0.157117
0.199978  0.167629  0.157240
0.199978  0.167629  0.157240
0.199978  0.167629  0.157240
0.200065  0.167797  0.156659
0.200065  0.167797  0.156659
0.201462  0.169040  0.157602
0.201462  0.169040  0.157602
0.201744  0.169175  0.157807
0.201744  0.169175  0.157807
0.201744  0.169175  0.157807
0.201744  0.169175  0.157807
0.201900  0.169293  0.157918
0.202171  0.169185  0.158025
0.203972  0.170484  0.159453
0.203972  0.170484  0.159453
0.203972  0.170484  0.159453
0.203972  0.170484  0.159453
0.203972  0.170484  0.159453
0.204108  0.170654  0.160504
0.204439  0.170584  0.161220
0.204439  0.170584  0.161220
0.204439  0.170584  0.161220
0.204475  0.170404  0.161649
0.204475  0.170404  0.161649
0.204475  0.170404  0.161649
0.205855  0.171844  0.163072
0.208680  0.174545  0.165711
0.208680  0.174545  0.165711
0.208680  0.174545  0.165711
0.208680  0.174545  0.165711
0.208806  0.174105  0.165665
0.209021  0.174551  0.165576
0.209021  0.174551  0.165576
0.209021  0.174551  0.165576
0.209225  0.174817  0.165552
0.211015  0.176483  0.166914
0.211015  0.176483  0.166914
0.211236  0.176455  0.167178
0.213056  0.177873  0.168806
0.215867  0.180226  0.171266
0.215867  0.180226  0.171266
0.215867  0.180226  0.171266
0.215867  0.180226  0.171266
0.216131  0.180167  0.171345
0.216131  0.180167  0.171345
0.217531  0.181784  0.172700
0.217531  0.181784  0.172700
0.217775  0.181901  0.172748
0.218286  0.182813  0.172809
0.218286  0.182813  0.172809
0.221384  0.181525  0.173066
0.225544  0.181877  0.174645
0.230800  0.183672  0.177442
0.236075  0.186277  0.180726
0.242471  0.190059  0.185076
0.248732  0.194175  0.189581
0.256086  0.199348  0.195073
0.256086  0.199348  0.195073
0.257820  0.199785  0.197932
0.260782  0.200929  0.198451
0.265012  0.203354  0.200343
0.270744  0.207151  0.203649
0.270744  0.207151  0.203649
0.270744  0.207151  0.203649
0.270744  0.207151  0.203649
0.285931  0.218041  0.206300
0.311251  0.218009  0.208964
0.311251  0.218009  0.208964
0.311744  0.225525  0.208922
0.314356  0.233868  0.210517
0.318262  0.241567  0.213179
0.323522  0.249554  0.216902
0.323522  0.249554  0.216902
0.323522  0.249554  0.216902
0.363013  0.275474  0.224677
0.396986  0.298129  0.232522
0.396986  0.298129  0.232522
0.396986  0.298129  0.232522
0.396986  0.298129  0.232522
0.396986  0.298129  0.232522
0.396986  0.298129  0.232522
0.448215  0.401026  0.100000
0.463177  0.359306  0.100000
0.479144  0.325347  0.100000
0.493418  0.302796  0.100000
0.500000  0.286128  0.100000
0.500000  0.286128  0.100000
0.500000  0.286128  0.100000
0.500000  0.286128  0.100000
0.500000  0.286128  0.100000
0.500000  0.265014  0.100000
0.500000  0.265014  0.100000
0.500000  0.265014  0.100000
0.500000  0.265014  0.100000
0.500000  0.292486  0.210781
0.500000  0.318428  0.308746
0.500000  0.197738  0.100000
0.500000  0.100000  0.100000
0.500000  0.100000  0.100000
0.500000  0.100000  0.100000
0.500000  0.100000  0.100000
0.500000  0.100000  0.100000
0.500000  0.100000  0.100000
0.500000  0.100000  0.100000
0.500000  0.100000  0.100000
0.500000  0.100000  0.100000
0.500000  0.100000  0.100000
0.500000  0.100000  0.100000
0.500000  0.100000  0.100000
0.500000  0.100000  0.100000
0.500000  0.100000  0.100000
0.500000  0.100338  0.100000
0.500000  0.101560  0.100000
0.500000  0.103700  0.100000
0.500000  0.103700  0.100000
0.500000  0.103700  0.100000
0.500000  0.100000  0.100000
0.500000  0.100000  0.100000
0.500000  0.100000  0.100058
0.500000  0.100131  0.101222
0.500000  0.100131  0.101222
0.500000  0.100131  0.101222
0.500000  0.100131  0.101222
0.500000  0.100000  0.103412
0.500000  0.100000  0.106251
0.500000  0.100000  0.110008
0.500000  0.100000  0.110008
0.500000  0.100000  0.110008
0.500000  0.100000  0.110008
0.500000  0.100000  0.118668
0.500000  0.144275  0.119069
0.500000  0.144275  0.119069
0.500000  0.146576  0.120737
0.500000  0.146576  0.120737
0.500000  0.146576  0.120737
0.500000  0.141114  0.121583
0.500000  0.137984  0.123646
0.500000  0.136762  0.126603
0.500000  0.136762  0.126603
0.500000  0.150379  0.127006
0.500000  0.163976  0.128902
0.500000  0.163976  0.128902
0.500000  0.163976  0.128902
0.500000  0.159514  0.133095
0.500000  0.159514  0.133095
0.500000  0.159514  0.133095
0.500000  0.159514  0.133095
0.500000  0.155479  0.136301
0.500000  0.153897  0.140153
0.500000  0.153957  0.144703
0.500000  0.155434  0.150406
0.500000  0.157825  0.156176
0.500000  0.161397  0.163074
0.500000  0.165307  0.169714
0.500000  0.165307  0.169714
0.500000  0.165307  0.169714
0.500000  0.146815  0.157320
0.500000  0.134634  0.150025
0.500000  0.134634  0.150025
0.500000  0.134634  0.150025
0.500000  0.134634  0.150025
0.500000  0.134634  0.150025
0.500000  0.134634  0.150025
0.500000  0.100000  0.110254
0.500000  0.100000  0.100000
0.500000  0.100000  0.100000
0.500000  0.100000  0.100000
0.500000  0.100000  0.100000
0.500000  0.100000  0.100000
0.500000  0.100000  0.100000
0.500000  0.100000  0.100000
0.500000  0.100000  0.100000
0.500000  0.100000  0.100971
0.500000  0.100000  0.103546
0.500000  0.100000  0.107003
0.500000  0.100000  0.107003
0.500000  0.100000  0.107003
0.500000  0.100000  0.107629
0.500000  0.100000  0.108080
0.500000  0.100298  0.110162
0.500000  0.100298  0.110162
0.500000  0.100298  0.110162
0.500000  0.105300  0.113558
0.500000  0.105300  0.113558
0.500000  0.102130  0.115680
0.500000  0.100796  0.119083
0.500000  0.100796  0.119083
0.500000  0.100796  0.119083
0.500000  0.100796  0.119083
0.500000  0.100796  0.119083
0.500000  0.106441  0.123936
0.500000  0.112792  0.130356
0.500000  0.118629  0.136951
0.500000  0.124574  0.144225
0.500000  0.130617  0.152065
0.500000  0.100000  0.110001
0.500000  0.100000  0.100000
0.500000  0.100000  0.100000
0.500000  0.100000  0.100000
0.500000  0.100000  0.100000
0.500000  0.100000  0.100000
0.500000  0.100000  0.100000
0.500000  0.100000  0.100000
0.500000  0.100000  0.100000
0.500000  0.100000  0.100000
0.500000  0.100000  0.100000
0.500000  0.100000  0.100000
0.500000  0.100000  0.100000
0.500000  0.100000  0.100000
0.500000  0.100000  0.100000
0.500000  0.107610  0.102415
0.500000  0.114368  0.106089
0.500000  0.100000  0.102820
0.500000  0.100000  0.102373
0.500000  0.100000  0.104091
0.500000  0.100000  0.107277
0.500000  0.100000  0.112311
0.500000  0.100000  0.118044
0.500000  0.100000  0.118044
0.500000  0.100000  0.118171
0.500000  0.100000  0.120359
0.500000  0.100000  0.120359
0.500000  0.100000  0.120359
0.500000  0.100000  0.113704
0.500000  0.100000  0.113704
0.500000  0.100000  0.113704
0.500000  0.119544  0.114383
0.500000  0.135242  0.117003
0.500000  0.135242  0.117003
0.500000  0.135242  0.117003
0.500000  0.135242  0.117003
0.500000  0.135242  0.117003
0.500000  0.135242  0.117003
0.500000  0.157661  0.108963
0.500000  0.157661  0.108963
0.500000  0.157661  0.108963
0.500000  0.154661  0.115322
0.500000  0.168813  0.102335
0.500000  0.183036  0.100000
0.500000  0.183036  0.100000
0.500000  0.183036  0.100000
0.500000  0.183036  0.100000
0.500000  0.183036  0.100000
0.500000  0.183036  0.100000
0.500000  0.157386  0.100000
0.500000  0.140444  0.100000
0.500000  0.127111  0.100000
0.500000  0.127111  0.100000
0.500000  0.127111  0.100000
0.500000  0.127111  0.100000
0.500000  0.100000  0.100000
0.500000  0.100000  0.100000
0.500000  0.100000  0.100000
0.500000  0.100000  0.100000
0.500000  0.100000  0.100000
0.500000  0.100000  0.100000
0.500000  0.100000  0.100000
0.500000  0.100000  0.100000
0.500000  0.100000  0.100000
0.500000  0.100000  0.100000
0.500000  0.100000  0.100000
0.500000  0.100000  0.100000
0.500000  0.100000  0.100000
0.500000  0.100000  0.100000
0.500000  0.100000  0.100000
0.500000  0.100000  0.100544
0.500000  0.100000  0.103243
0.500000  0.100000  0.103243
0.500000  0.100000  0.103243
0.500000  0.100000  0.103243
0.500000  0.100000  0.100000
0.500000  0.100000  0.100000
0.500000  0.100000  0.100000
0.500000  0.100000  0.100000
0.500000  0.100000  0.100000
0.500000  0.100000  0.100000
0.500000  0.100000  0.100000
0.500000  0.100000  0.100000
0.500000  0.100000  0.100000
0.500000  0.100000  0.100000
0.500000  0.103569  0.100000
0.500000  0.107826  0.100000
0.500000  0.112658  0.100000
0.500000  0.112658  0.100000
0.500000  0.118222  0.101858
0.500000  0.118222  0.101858
0.500000  0.118222  0.101858
0.500000  0.118222  0.101858
0.500000  0.116339  0.108691
0.500000  0.136096  0.100000
0.500000  0.136096  0.100000
0.500000  0.136096  0.100000
0.500000  0.127782  0.100000
0.500000  0.127782  0.100000
0.500000  0.128260  0.100724
0.500000  0.130177  0.103939
0.500000  0.130177  0.103939
0.500000  0.130177  0.103939
0.500000  0.130177  0.103939
0.500000  0.130177  0.103939
0.500000  0.130177  0.103939
0.500000  0.137256  0.100000
0.500000  0.144497  0.100000
0.500000  0.144497  0.100000
0.500000  0.144497  0.100000
0.500000  0.144497  0.100000
0.500000  0.141846  0.100000
0.500000  0.141263  0.100000
0.500000  0.142426  0.100000
0.500000  0.145208  0.100000
0.500000  0.145208  0.100000
0.500000  0.142208  0.100936
0.500000  0.141676  0.104402
0.500000  0.142923  0.110072
0.500000  0.145568  0.117382
0.500000  0.149383  0.126166
0.500000  0.154109  0.136068
0.500000  0.159626  0.147001
0.500000  0.159626  0.147001
0.500000  0.159626  0.147001
0.500000  0.159626  0.147001
0.500000  0.159626  0.147001
0.500000  0.205902  0.229874
0.500000  0.241341  0.293264
0.500000  0.179316  0.216468
0.500000  0.136549  0.164607
0.500000  0.100407  0.122041
0.500000  0.100407  0.122041
0.500000  0.100407  0.122041
0.500000  0.100407  0.122041
0.500000  0.157403  0.184681
0.500000  0.200316  0.233185
0.500000  0.200316  0.233185
0.500000  0.200316  0.233185
0.500000  0.200316  0.233185
0.500000  0.500000  0.500000
0.500000  0.499787  0.492341
0.500000  0.500000  0.490934
0.500000  0.500000  0.494750
0.500000  0.500000  0.500000
0.500000  0.500000  0.500000
0.500000  0.500000  0.500000
0.500000  0.500000  0.500000
0.500000  0.500000  0.500000
0.500000  0.500000  0.500000
0.500000  0.478016  0.493635
0.500000  0.462419  0.493410
0.500000  0.454343  0.498076
0.500000  0.454343  0.498076
0.500000  0.454343  0.498076
0.500000  0.454343  0.498076
0.500000  0.488637  0.500000
0.500000  0.500000  0.500000
0.500000  0.500000  0.500000
0.500000  0.500000  0.500000
0.500000  0.500000  0.500000
0.500000  0.500000  0.500000
0.500000  0.500000  0.500000
0.500000  0.500000  0.500000
0.500000  0.500000  0.500000
0.500000  0.500000  0.500000
0.500000  0.500000  0.500000
0.500000  0.500000  0.499794
0.500000  0.493360  0.500000
0.500000  0.491551  0.500000
0.500000  0.493617  0.500000
0.500000  0.498730  0.500000
0.500000  0.500000  0.500000
0.500000  0.500000  0.500000
0.500000  0.500000  0.500000
0.500000  0.500000  0.500000
0.500000  0.500000  0.500000
0.500000  0.500000  0.500000
0.500000  0.500000  0.500000
0.500000  0.490918  0.452164
0.500000  0.487710  0.422338
0.500000  0.488603  0.400713
0.500000  0.492637  0.389881
0.500000  0.492637  0.389881
0.500000  0.492637  0.389881
0.500000  0.480536  0.290070
0.500000  0.474195  0.213338
0.500000  0.474195  0.213338
0.500000  0.474195  0.213338
0.500000  0.474195  0.213338
0.500000  0.474195  0.213338
0.500000  0.488775  0.220639
0.500000  0.427609  0.189172
0.500000  0.427609  0.189172
0.500000  0.427609  0.189172
0.500000  0.418795  0.190217
0.500000  0.411979  0.191930
0.500000  0.410076  0.196870
0.500000  0.417323  0.190859
0.500000  0.417323  0.190859
0.500000  0.417323  0.190859
0.500000  0.417323  0.190859
0.500000  0.426028  0.178132
0.500000  0.435437  0.172579
0.500000  0.447424  0.171698
0.500000  0.447424  0.171698
0.500000  0.447424  0.171698
0.500000  0.463605  0.157206
0.500000  0.479896  0.149464
0.500000  0.496245  0.147046
0.500000  0.500000  0.148772
0.500000  0.500000  0.154324
0.500000  0.500000  0.162746
0.500000  0.500000  0.172517
0.500000  0.500000  0.185321
0.500000  0.500000  0.185321
0.500000  0.500000  0.185321
0.500000  0.500000  0.185321
0.500000  0.500000  0.185321
0.500000  0.500000  0.214255
0.500000  0.500000  0.244825
0.500000  0.500000  0.271335
0.500000  0.500000  0.271335
0.500000  0.493852  0.274005
0.500000  0.492300  0.281074
0.500000  0.500000  0.276018
0.500000  0.500000  0.276301
0.500000  0.500000  0.276301
0.500000  0.500000  0.276301
0.500000  0.500000  0.276301
0.500000  0.497419  0.288457
0.500000  0.499062  0.301765
0.500000  0.499062  0.301765
0.500000  0.500000  0.277510
0.500000  0.500000  0.262964
0.500000  0.446272  0.297732
0.500000  0.446272  0.297732
0.500000  0.446272  0.297732
0.500000  0.444947  0.301793
0.500000  0.444947  0.301793
0.500000  0.444947  0.301793
0.500000  0.412648  0.293943
0.500000  0.392632  0.292803
0.500000  0.378162  0.296757
0.500000  0.378162  0.296757
0.500000  0.378162  0.296757
0.500000  0.378162  0.296757
0.500000  0.378162  0.296757
0.500000  0.378162  0.296757
0.500000  0.392484  0.310684
0.500000  0.407241  0.326825
0.500000  0.422086  0.344457
0.500000  0.437507  0.363890
0.500000  0.437507  0.363890
0.500000  0.437507  0.363890
0.500000  0.379453  0.316651
0.500000  0.331356  0.280034
0.500000  0.500000  0.431024
0.500000  0.500000  0.500000
0.500000  0.500000  0.500000
0.500000  0.234732  0.256595
0.500000  0.234732  0.256595
0.500000  0.237362  0.257718
0.500000  0.242281  0.263762
0.500000  0.248247  0.272792
0.500000  0.248247  0.272792
0.500000  0.248247  0.272792
0.500000  0.246928  0.278862
0.500000  0.229857  0.276661
0.500000  0.219631  0.279686
0.500000  0.219631  0.279686
0.500000  0.219631  0.279686
0.500000  0.219631  0.279686
0.500000  0.219631  0.279686
0.500000  0.211984  0.269873
0.500000  0.211984  0.269873
0.500000  0.211984  0.269873
0.500000  0.214771  0.278635
0.500000  0.219681  0.291570
0.500000  0.225418  0.305542
0.500000  0.218107  0.257878
0.500000  0.214965  0.227345
0.500000  0.214659  0.205477
0.500000  0.216740  0.193496
0.500000  0.216740  0.193496
0.500000  0.216740  0.193496
0.500000  0.216740  0.193496
0.500000  0.216740  0.193496
0.500000  0.216740  0.193496
0.500000  0.216740  0.193496
0.500000  0.216740  0.193496
0.500000  0.184672  0.100000
0.500000  0.184672  0.100000
0.500000  0.184672  0.100000
0.500000  0.190950  0.107988
0.500000  0.197633  0.117720
0.500000  0.179320  0.100000
0.500000  0.192487  0.100368
0.500000  0.182126  0.101396
0.500000  0.176715  0.106069
0.500000  0.174479  0.113662
0.500000  0.174741  0.124893
0.500000  0.177212  0.138303
0.500000  0.181069  0.152154
0.500000  0.186388  0.167871
0.500000  0.192843  0.184913
0.500000  0.192843  0.184913
0.500000  0.192843  0.184913
0.500000  0.192843  0.184913
0.500000  0.175476  0.271513
0.500000  0.163942  0.344297
0.500000  0.156142  0.413122
0.500000  0.156142  0.413122
0.500000  0.156142  0.413122
0.500000  0.156142  0.413122
0.500000  0.156142  0.413122
0.500000  0.156142  0.413122
0.500000  0.156142  0.413122
0.500000  0.156142  0.413122
0.500000  0.156142  0.413122
0.500000  0.156142  0.413122
0.500000  0.156142  0.413122
0.500000  0.100000  0.500000
0.500000  0.100000  0.500000
0.500000  0.100000  0.500000
0.500000  0.101480  0.500000
0.500000  0.104694  0.500000
0.500000  0.108920  0.500000
0.500000  0.108920  0.500000
0.500000  0.108920  0.500000
0.500000  0.108920  0.500000
0.500000  0.108920  0.500000
0.500000  0.108920  0.500000
0.500000  0.108920  0.500000
0.500000  0.108920  0.500000
0.500000  0.157321  0.500000
0.500000  0.194067  0.500000
0.500000  0.229220  0.500000
0.500000  0.257178  0.500000
0.500000  0.257178  0.500000
0.500000  0.257178  0.500000
0.500000  0.257178  0.500000
0.500000  0.404285  0.500000
0.500000  0.400836  0.499906
0.500000  0.400015  0.499711
0.500000  0.400015  0.499711
0.500000  0.408545  0.498676
0.500000  0.419531  0.500000
0.500000  0.430656  0.500000
0.500000  0.430656  0.500000
0.500000  0.430656  0.500000
0.500000  0.430656  0.500000
0.500000  0.471016  0.500000
0.500000  0.471016  0.500000
0.500000  0.471016  0.500000
0.500000  0.480295  0.500000
0.500000  0.490579  0.500000
0.500000  0.500000  0.500000
0.500000  0.500000  0.500000
0.500000  0.495287  0.500000
0.500000  0.495543  0.500000
0.500000  0.499496  0.500000
0.500000  0.499496  0.500000
0.500000  0.499496  0.500000
0.500000  0.499496  0.500000
0.500000  0.500000  0.493187
0.500000  0.500000  0.493917
0.500000  0.500000  0.500000
0.500000  0.500000  0.500000
0.500000  0.500000  0.500000
0.500000  0.500000  0.500000
0.500000  0.500000  0.500000
0.500000  0.500000  0.500000
0.500000  0.500000  0.500000
0.500000  0.500000  0.500000
0.500000  0.500000  0.500000
0.500000  0.500000  0.500000
0.500000  0.500000  0.500000
0.500000  0.500000  0.500000
0.500000  0.500000  0.500000
0.500000  0.500000  0.500000
0.500000  0.500000  0.500000
0.500000  0.500000  0.500000
0.500000  0.500000  0.500000
0.500000  0.500000  0.500000
0.500000  0.500000  0.500000
0.500000  0.500000  0.500000
0.500000  0.464615  0.476911
0.500000  0.442590  0.466379
0.500000  0.426963  0.463833
0.500000  0.418988  0.468114
0.500000  0.471384  0.470995
0.500000  0.500000  0.480338
0.500000  0.500000  0.493076
0.500000  0.500000  0.500000
0.500000  0.500000  0.500000
0.500000  0.500000  0.500000
0.500000  0.500000  0.500000
0.500000  0.500000  0.500000
0.500000  0.500000  0.500000
0.500000  0.500000  0.500000
0.500000  0.500000  0.500000
0.500000  0.500000  0.500000
0.500000  0.500000  0.500000
0.500000  0.500000  0.500000
0.500000  0.500000  0.500000
0.500000  0.500000  0.500000
0.500000  0.500000  0.500000
0.500000  0.500000  0.500000
0.500000  0.500000  0.500000
0.500000  0.500000  0.500000
0.500000  0.500000  0.500000
0.500000  0.500000  0.500000
0.500000  0.500000  0.500000
0.500000  0.500000  0.500000
0.500000  0.500000  0.500000
0.500000  0.500000  0.500000
0.500000  0.500000  0.500000
0.500000  0.500000  0.500000
0.500000  0.500000  0.500000
0.500000  0.493369  0.500000
0.500000  0.491640  0.500000
0.500000  0.491640  0.500000
0.500000  0.491640  0.500000
0.500000  0.491640  0.500000
0.500000  0.491640  0.500000
0.500000  0.500000  0.486227
0.500000  0.500000  0.482597
0.500000  0.500000  0.486352
0.500000  0.500000  0.495452
0.500000  0.500000  0.500000
0.500000  0.500000  0.500000
0.500000  0.500000  0.500000
0.500000  0.500000  0.436098
0.500000  0.500000  0.396156
0.500000  0.500000  0.367091
0.500000  0.500000  0.367091
0.500000  0.500000  0.367091
0.500000  0.500000  0.367091
0.500000  0.500000  0.367091
0.500000  0.500000  0.367091
0.500000  0.500000  0.380339
0.500000  0.500000  0.380339
0.500000  0.500000  0.367773
0.500000  0.500000  0.363136
0.500000  0.500000  0.365586
0.500000  0.500000  0.373508
0.500000  0.500000  0.373508
0.500000  0.500000  0.364966
0.500000  0.500000  0.361332
0.500000  0.500000  0.364450
0.500000  0.500000  0.373492
0.500000  0.500000  0.387340
0.500000  0.500000  0.403329
0.500000  0.500000  0.424265
0.500000  0.500000  0.445703
0.500000  0.500000  0.445703
0.500000  0.500000  0.445703
0.500000  0.500000  0.444048
0.500000  0.500000  0.449341
0.500000  0.500000  0.449341
0.500000  0.500000  0.449341
0.500000  0.500000  0.443566
0.500000  0.500000  0.445998
0.500000  0.500000  0.454520
0.500000  0.500000  0.468039
0.500000  0.500000  0.484017
0.500000  0.500000  0.500000
0.500000  0.500000  0.500000
0.500000  0.500000  0.500000
0.500000  0.500000  0.500000
0.500000  0.500000  0.500000
0.500000  0.500000  0.500000
0.500000  0.500000  0.500000
0.500000  0.500000  0.500000
0.500000  0.500000  0.500000
0.500000  0.500000  0.500000
0.500000  0.500000  0.500000
0.500000  0.500000  0.500000
0.500000  0.500000  0.500000
0.500000  0.500000  0.500000
0.500000  0.466785  0.473974
0.500000  0.446583  0.461910
0.500000  0.446583  0.461910
0.500000  0.446583  0.461910
0.500000  0.413729  0.446134
0.500000  0.388049  0.439184
0.500000  0.371813  0.440580
0.500000  0.371813  0.440580
0.500000  0.371813  0.440580
0.500000  0.344717  0.435482
0.500000  0.341774  0.434891
0.500000  0.341774  0.434891
0.500000  0.337707  0.434746
0.500000  0.337354  0.441138
0.500000  0.340164  0.453907
0.500000  0.335762  0.433899
0.500000  0.334935  0.423315
0.500000  0.334935  0.423315
0.500000  0.334935  0.423315
0.500000  0.334935  0.423315
0.500000  0.366853  0.372750
0.500000  0.395730  0.337957
0.500000  0.395730  0.337957
0.500000  0.395730  0.337957
0.500000  0.395730  0.337957
0.500000  0.395730  0.337957
0.500000  0.395730  0.337957
0.500000  0.395730  0.337957
0.500000  0.500000  0.151035
0.500000  0.500000  0.100000
0.500000  0.500000  0.100000
0.500000  0.500000  0.100000
0.500000  0.500000  0.100000
0.500000  0.500000  0.100000
0.500000  0.500000  0.100000
0.500000  0.500000  0.100000
0.500000  0.500000  0.100000
0.500000  0.500000  0.103391
0.500000  0.500000  0.103391
0.500000  0.500000  0.103391
0.500000  0.500000  0.100000
0.500000  0.500000  0.100000
0.500000  0.500000  0.100000
0.500000  0.500000  0.100000
0.500000  0.500000  0.102365
0.500000  0.500000  0.109846
0.500000  0.500000  0.120249
0.500000  0.500000  0.135026
0.500000  0.500000  0.150797
0.500000  0.500000  0.170477
0.500000  0.500000  0.170477
0.500000  0.500000  0.170477
0.500000  0.500000  0.170477
0.500000  0.500000  0.170477
0.500000  0.500000  0.199745
0.500000  0.500000  0.205635
0.500000  0.492376  0.208415
0.500000  0.490324  0.216141
0.500000  0.492198  0.228076
0.500000  0.497201  0.243368
0.500000  0.500000  0.261387
0.500000  0.500000  0.283353
0.500000  0.500000  0.304829
0.500000  0.500000  0.330247
0.500000  0.500000  0.354770
0.500000  0.500000  0.354770
0.500000  0.500000  0.354770
0.500000  0.486771  0.346977
0.500000  0.486771  0.346977
0.500000  0.486771  0.346977
0.500000  0.500000  0.338402
0.500000  0.500000  0.338041
0.500000  0.500000  0.344806
0.500000  0.500000  0.356092
0.500000  0.500000  0.371089
0.500000  0.500000  0.391111
0.500000  0.500000  0.411922
0.500000  0.500000  0.437733
0.500000  0.500000  0.463309
0.500000  0.500000  0.489962
0.500000  0.500000  0.489962
0.500000  0.500000  0.489962
0.500000  0.500000  0.489962
0.500000  0.500000  0.489962
0.500000  0.500000  0.489962
0.500000  0.466949  0.500000
0.500000  0.441817  0.500000
0.500000  0.426846  0.500000
0.500000  0.426846  0.500000
0.500000  0.500000  0.500000
0.500000  0.500000  0.500000
0.500000  0.500000  0.500000
0.500000  0.500000  0.500000
0.500000  0.500000  0.500000
0.500000  0.500000  0.500000
0.500000  0.500000  0.500000
0.500000  0.500000  0.500000
0.500000  0.500000  0.500000
0.500000  0.500000  0.500000
0.500000  0.500000  0.500000
0.500000  0.500000  0.465527
0.500000  0.500000  0.467419
0.500000  0.500000  0.475947
0.500000  0.500000  0.491399
0.500000  0.500000  0.500000
0.500000  0.500000  0.500000
0.500000  0.500000  0.500000
0.500000  0.500000  0.500000
0.500000  0.500000  0.500000
0.500000  0.500000  0.500000
0.500000  0.500000  0.500000
0.500000  0.500000  0.500000
0.500000  0.500000  0.500000
0.500000  0.500000  0.500000
0.500000  0.500000  0.500000
0.500000  0.500000  0.500000
0.500000  0.500000  0.500000
0.500000  0.500000  0.420740
0.500000  0.500000  0.364928
0.500000  0.500000  0.369426
0.500000  0.500000  0.379595
0.500000  0.500000  0.395621
0.500000  0.500000  0.413748
0.500000  0.500000  0.437397
0.500000  0.500000  0.461252
0.500000  0.500000  0.486896
0.500000  0.500000  0.500000
0.500000  0.500000  0.500000
0.500000  0.500000  0.500000
0.500000  0.500000  0.500000
0.500000  0.500000  0.500000
0.500000  0.500000  0.500000
0.500000  0.500000  0.500000
0.500000  0.500000  0.500000
0.500000  0.500000  0.500000
0.500000  0.500000  0.500000
0.500000  0.500000  0.500000
0.500000  0.500000  0.500000
0.500000  0.500000  0.500000
0.500000  0.500000  0.500000
0.500000  0.500000  0.500000
0.500000  0.495519  0.490740
0.500000  0.495519  0.490740
0.500000  0.495519  0.490740
0.500000  0.500000  0.469946
0.500000  0.500000  0.461483
0.500000  0.500000  0.444471
0.500000  0.474770  0.430772
0.500000  0.457735  0.426978
0.500000  0.447163  0.430985
0.500000  0.440924  0.442400
0.500000  0.439257  0.457854
0.500000  0.439257  0.457854
0.500000  0.439257  0.457854
0.500000  0.439257  0.457854
0.500000  0.439257  0.457854
0.500000  0.439257  0.457854
0.500000  0.439257  0.457854
0.500000  0.429521  0.412891
0.500000  0.423821  0.380442
0.500000  0.423821  0.380442
0.500000  0.423821  0.380442
0.500000  0.423821  0.380442
0.500000  0.423821  0.380442
0.500000  0.423821  0.380442
0.500000  0.199945  0.127674
0.500000  0.100000  0.100000
0.500000  0.100000  0.100000
0.500000  0.100000  0.100000
0.500000  0.100000  0.100000
0.500000  0.100000  0.100000
0.500000  0.100000  0.100000
0.500000  0.100000  0.100000
0.500000  0.100000  0.100000
0.500000  0.100000  0.100000
0.500000  0.100000  0.100000
0.500000  0.100000  0.100000
0.500000  0.100000  0.100000
0.500000  0.100000  0.100000
0.500000  0.100000  0.100000
0.500000  0.100000  0.100000
0.500000  0.101308  0.100000
0.500000  0.101308  0.100000
0.500000  0.101308  0.100000
0.500000  0.101308  0.100000
0.500000  0.124346  0.100000
0.500000  0.124346  0.100000
0.500000  0.123213  0.100000
0.500000  0.123486  0.104860
0.500000  0.124866  0.114227
0.500000  0.127398  0.128770
0.500000  0.130418  0.144971
0.500000  0.130418  0.144971
0.500000  0.136477  0.143587
0.500000  0.142445  0.148171
0.500000  0.121192  0.142587
0.500000  0.121192  0.142587
0.500000  0.121192  0.142587
0.500000  0.121192  0.142587
0.500000  0.121192  0.142587
0.500000  0.143336  0.102793
0.500000  0.162372  0.100000
0.500000  0.178944  0.100000
0.500000  0.193598  0.100000
0.500000  0.206773  0.100603
0.500000  0.206773  0.100603
0.500000  0.206773  0.100603
0.500000  0.206773  0.100603
0.500000  0.206773  0.100603
0.500000  0.206773  0.100603
0.500000  0.307792  0.100000
0.500000  0.307792  0.100000
0.500000  0.288348  0.100000
0.500000  0.288348  0.100000
0.500000  0.288348  0.100000
0.500000  0.288348  0.100000
0.500000  0.288348  0.100000
0.500000  0.294970  0.100000
0.500000  0.301886  0.100000
0.500000  0.310054  0.100337
0.500000  0.317987  0.106123
0.500000  0.327189  0.117358
0.500000  0.335905  0.131115
0.500000  0.335905  0.131115
0.500000  0.335905  0.131115
0.500000  0.335905  0.131115
0.500000  0.387735  0.150192
0.500000  0.427592  0.169794
0.500000  0.462000  0.191361
0.500000  0.495313  0.216984
0.500000  0.495313  0.216984
0.500000  0.495313  0.216984
0.500000  0.495313  0.216984
0.500000  0.495313  0.216984
0.500000  0.495313  0.216984
0.500000  0.495313  0.216984
0.500000  0.484823  0.163354
0.500000  0.479996  0.130355
0.500000  0.479996  0.130355
0.500000  0.479996  0.130355
0.500000  0.479996  0.130355
0.500000  0.479996  0.130355
0.500000  0.479996  0.130355
0.500000  0.479996  0.130355
0.500000  0.382852  0.100000
0.500000  0.382852  0.100000
0.500000  0.382852  0.100000
0.500000  0.382852  0.100000
0.500000  0.374671  0.100000
0.500000  0.370585  0.100000
0.500000  0.369816  0.100000
0.500000  0.348569  0.107812
0.500000  0.333747  0.119782
0.500000  0.333747  0.119782
0.500000  0.333747  0.119782
0.500000  0.333747  0.119782
0.500000  0.317245  0.126158
0.500000  0.307409  0.136480
0.500000  0.300876  0.151876
0.500000  0.297988  0.168844
0.500000  0.297988  0.168844
0.500000  0.297988  0.168844
0.500000  0.259709  0.201879
0.500000  0.233792  0.231763
0.500000  0.233792  0.231763
0.500000  0.232820  0.230617
0.500000  0.233575  0.236162
0.500000  0.233575  0.236162
0.500000  0.233575  0.236162
0.500000  0.238469  0.232887
0.500000  0.246030  0.242602
0.500000  0.246030  0.242602
0.500000  0.246030  0.242602
0.500000  0.246030  0.242602
0.500000  0.228808  0.213998
0.500000  0.228808  0.213998
0.500000  0.228808  0.213998
0.500000  0.228808  0.213998
0.500000  0.228808  0.213998
0.500000  0.228808  0.213998
0.500000  0.206713  0.170702
0.500000  0.208420  0.169273
0.500000  0.211160  0.174301
0.500000  0.211160  0.174301
0.500000  0.211160  0.174301
0.500000  0.219772  0.170254
0.500000  0.219772  0.170254
0.500000  0.219772  0.170254
0.500000  0.219772  0.170254
0.500000  0.219772  0.170254
0.500000  0.219772  0.170254
0.500000  0.233600  0.100630
0.500000  0.233600  0.100630
0.500000  0.233600  0.100630
0.500000  0.233600  0.100630
0.500000  0.263863  0.100000
0.500000  0.268154  0.101993
0.500000  0.254171  0.101114
0.500000  0.244422  0.106276
0.500000  0.244422  0.106276
0.500000  0.262777  0.100000
0.500000  0.280684  0.100000
0.500000  0.295347  0.104844
0.500000  0.264712  0.100000
0.500000  0.239977  0.100413
0.500000  0.239977  0.100413
0.500000  0.239977  0.100413
0.500000  0.239977  0.100413
0.500000  0.193490  0.100000
0.500000  0.157461  0.100000
0.500000  0.132190  0.100000
0.500000  0.132190  0.100000
0.500000  0.132190  0.100000
0.500000  0.132190  0.100000
0.500000  0.139907  0.100000
0.500000  0.139907  0.100000
0.500000  0.140131  0.100392
0.500000  0.140131  0.100392
0.500000  0.154891  0.100000
0.500000  0.169016  0.104832
0.500000  0.180249  0.114013
0.500000  0.148060  0.100102
0.500000  0.148060  0.100102
0.500000  0.148060  0.100102
0.500000  0.148060  0.100102
0.500000  0.119083  0.100000
0.500000  0.124602  0.101853
0.500000  0.126031  0.101510
0.500000  0.125517  0.101066
0.500000  0.125517  0.101066
0.500000  0.125517  0.101066
0.500000  0.125517  0.101066
0.500000  0.125517  0.101066
0.500000  0.156940  0.100000
0.500000  0.156940  0.100000
0.500000  0.156940  0.100000
0.500000  0.156940  0.100000
0.500000  0.156940  0.100000
0.500000  0.135333  0.100758
0.500000  0.120655  0.106990
0.500000  0.120655  0.106990
0.500000  0.120655  0.106990
0.500000  0.121239  0.151361
0.500000  0.121239  0.151361
0.500000  0.121239  0.151361
0.500000  0.121239  0.151361
0.500000  0.116372  0.129777
0.500000  0.112945  0.117418
0.500000  0.107668  0.129793
0.500000  0.103732  0.147325
0.500000  0.100000  0.156312
0.500000  0.100000  0.168804
0.500000  0.100000  0.168804
0.500000  0.121615  0.163357
0.500000  0.121615  0.163357
0.500000  0.121615  0.163357
0.500000  0.100000  0.158331
0.500000  0.100000  0.160329
0.500000  0.100000  0.160329
0.500000  0.100000  0.160329
0.500000  0.100000  0.160329
0.500000  0.118543  0.161827
0.500000  0.118543  0.161827
0.500000  0.101204  0.162566
0.500000  0.100000  0.169848
0.500000  0.100000  0.169848
0.500000  0.100000  0.169848
0.500000  0.100000  0.168471
0.500000  0.100000  0.167356
0.500000  0.100000  0.173208
0.500000  0.100000  0.183584
0.500000  0.100000  0.183584
0.500000  0.100000  0.183393
0.500000  0.100000  0.183393
0.500000  0.100000  0.183393
0.500000  0.100000  0.177384
0.500000  0.100000  0.177384
0.500000  0.100000  0.177384
0.500000  0.100000  0.179058
0.500000  0.100000  0.186880
0.500000  0.100000  0.186880
0.500000  0.100000  0.186880
0.500000  0.100000  0.184381
0.500000  0.100000  0.188650
0.500000  0.100000  0.199274
0.500000  0.100000  0.199274
0.500000  0.100000  0.199274
0.500000  0.100000  0.199274
0.500000  0.100000  0.199274
0.500000  0.100000  0.195579
0.500000  0.100000  0.195579
0.500000  0.100000  0.195579
0.500000  0.107894  0.192591
0.500000  0.114012  0.196768
0.500000  0.120047  0.207273
0.500000  0.125082  0.221170
0.500000  0.130273  0.240427
0.500000  0.134711  0.260701
0.500000  0.134711  0.260701
0.500000  0.119444  0.262361
0.500000  0.106659  0.271077
0.500000  0.100000  0.283956
0.500000  0.100000  0.283956
0.500000  0.100000  0.283956
0.500000  0.100000  0.283956
0.500000  0.100000  0.283956
0.500000  0.100000  0.283956
0.500000  0.127947  0.245977
0.500000  0.126398  0.247834
0.500000  0.125836  0.256004
0.500000  0.125836  0.256004
0.500000  0.114910  0.255936
0.500000  0.114910  0.255936
0.500000  0.114910  0.255936
0.500000  0.100000  0.251618
0.500000  0.100000  0.254945
0.500000  0.100000  0.254945
0.500000  0.100000  0.254945
0.500000  0.100000  0.254353
0.500000  0.100000  0.260385
0.500000  0.100000  0.260385
0.500000  0.100000  0.259963
0.500000  0.100000  0.266181
0.500000  0.100000  0.266181
0.500000  0.100000  0.264508
0.500000  0.100000  0.264508
0.500000  0.100000  0.264508
0.500000  0.100000  0.264608
0.500000  0.100000  0.264608
0.500000  0.100000  0.264608
0.500000  0.100000  0.263386
0.500000  0.100000  0.269078
0.500000  0.100000  0.269078
0.500000  0.100000  0.268718
0.500000  0.100000  0.275452
0.500000  0.100000  0.287885
0.500000  0.100000  0.287885
0.500000  0.100000  0.287885
0.500000  0.100000  0.287885
0.500000  0.103634  0.282008
0.500000  0.107338  0.284335
0.500000  0.107338  0.284335
0.500000  0.100000  0.287321
0.500000  0.101149  0.286984
0.500000  0.102690  0.294155
0.500000  0.102690  0.294155
0.500000  0.100000  0.295399
0.500000  0.100000  0.295399
0.500000  0.100000  0.295399
0.500000  0.100000  0.295399
0.500000  0.100000  0.296114
0.500000  0.100000  0.296114
0.500000  0.100000  0.296114
0.500000  0.100000  0.296114
0.500000  0.100000  0.287672
0.500000  0.100000  0.287233
0.500000  0.100000  0.294294
0.500000  0.100000  0.294294
0.500000  0.100000  0.294294
0.500000  0.100000  0.294294
0.500000  0.100000  0.294294
0.500000  0.100000  0.294294
0.500000  0.100000  0.253762
0.500000  0.100000  0.253762
0.500000  0.100000  0.253762
0.500000  0.100000  0.248192
0.500000  0.100000  0.248192
0.500000  0.100000  0.248192
0.500000  0.100000  0.248192
0.500000  0.100000  0.248192
0.500000  0.100000  0.213247
0.500000  0.100000  0.213247
0.500000  0.100000  0.214721
0.500000  0.100000  0.215541
0.500000  0.100000  0.222802
0.500000  0.100000  0.235293
0.500000  0.100000  0.235293
0.500000  0.100000  0.235293
0.500000  0.100000  0.247191
0.500000  0.100000  0.264871
0.500000  0.108614  0.255093
0.500000  0.108614  0.255093
0.500000  0.108614  0.255093
0.500000  0.108614  0.255093
0.500000  0.105427  0.254160
0.500000  0.102619  0.252808
0.500000  0.100795  0.258407
0.500000  0.100000  0.270824
0.500000  0.100000  0.286603
0.500000  0.100000  0.286603
0.500000  0.100000  0.286603
0.500000  0.100000  0.286603
0.500000  0.100000  0.286603
0.500000  0.100000  0.286603
0.500000  0.100000  0.286927
0.500000  0.102569  0.286874
0.500000  0.104867  0.293787
0.500000  0.107307  0.307494
0.500000  0.107307  0.307494
0.500000  0.107307  0.307494
0.500000  0.107307  0.307494
0.500000  0.107307  0.307494
0.500000  0.100000  0.306641
0.500000  0.100000  0.312887
0.500000  0.100000  0.312887
0.500000  0.111817  0.312657
0.500000  0.111817  0.312657
0.500000  0.100000  0.312760
0.500000  0.100000  0.313139
0.500000  0.100000  0.313139
0.500000  0.100000  0.313139
0.500000  0.100000  0.312168
0.500000  0.100000  0.318508
0.500000  0.100000  0.318508
0.500000  0.100000  0.318069
0.500000  0.100000  0.325266
0.500000  0.100000  0.338670
0.500000  0.100000  0.355381
0.500000  0.100000  0.355381
0.500000  0.100000  0.355381
0.500000  0.100000  0.368208
0.500000  0.100000  0.368941
0.500000  0.100000  0.377517
0.500000  0.100000  0.377517
0.500000  0.100000  0.378522
0.500000  0.100000  0.378522
0.500000  0.100000  0.378522
0.500000  0.100000  0.370500
0.500000  0.100000  0.370500
0.500000  0.100000  0.370500
0.500000  0.100000  0.375358
0.500000  0.100000  0.387805
0.500000  0.100000  0.387805
0.500000  0.100000  0.383199
0.500000  0.100000  0.387042
0.500000  0.139795  0.383714
0.500000  0.139795  0.383714
0.500000  0.139795  0.383714
0.500000  0.139795  0.383714
0.500000  0.139795  0.383714
0.500000  0.122986  0.376732
0.500000  0.101136  0.377999
0.500000  0.101136  0.377999
0.500000  0.100000  0.378897
0.500000  0.100000  0.378897
0.500000  0.100000  0.378897
0.500000  0.100000  0.377700
0.500000  0.106911  0.378162
0.500000  0.106911  0.378162
0.500000  0.100000  0.377947
0.500000  0.100309  0.376398
0.500000  0.100309  0.376398
0.500000  0.100309  0.376398
0.500000  0.100309  0.376398
0.500000  0.100309  0.376398
0.500000  0.100309  0.376398
0.500000  0.100000  0.382004
0.500000  0.128158  0.383661
0.500000  0.128158  0.383661
0.500000  0.115256  0.384709
0.500000  0.106166  0.392733
0.500000  0.106166  0.392733
0.500000  0.106166  0.392733
0.500000  0.100000  0.392218
0.500000  0.116944  0.391669
0.500000  0.132335  0.399204
0.500000  0.132335  0.399204
0.500000  0.118058  0.399437
0.500000  0.106906  0.407658
0.500000  0.100000  0.420920
0.500000  0.100000  0.420920
0.500000  0.100000  0.420920
0.500000  0.100000  0.420920
0.500000  0.100000  0.439449
0.500000  0.100000  0.464094
0.500000  0.100000  0.464094
0.500000  0.100000  0.465998
0.500000  0.100000  0.465620
0.500000  0.100000  0.473894
0.500000  0.100000  0.473894
0.500000  0.100000  0.473984
0.500000  0.116881  0.474428
0.500000  0.116881  0.474428
0.500000  0.100583  0.474491
0.500000  0.100000  0.475093
0.500000  0.100000  0.475093
0.500000  0.100000  0.475093
0.500000  0.100000  0.475369
0.500000  0.113229  0.474411
0.500000  0.125475  0.482169
0.500000  0.125475  0.482169
0.500000  0.125475  0.482169
0.500000  0.115523  0.482378
0.500000  0.107048  0.491036
0.500000  0.100969  0.500000
0.500000  0.100000  0.500000
0.500000  0.100000  0.500000
0.500000  0.100000  0.500000
0.500000  0.103929  0.498876
0.500000  0.107622  0.500000
0.500000  0.107622  0.500000
0.500000  0.107622  0.500000
0.500000  0.100000  0.493676
0.500000  0.100000  0.496897
0.500000  0.100000  0.500000
0.500000  0.105039  0.485504
0.500000  0.108887  0.483011
0.500000  0.112206  0.489098
0.500000  0.112206  0.489098
0.500000  0.112206  0.489098
0.500000  0.112206  0.489098
0.500000  0.112206  0.489098
0.500000  0.125455  0.451750
0.500000  0.118837  0.455164
0.500000  0.104286  0.456215
0.500000  0.104286  0.456215
0.500000  0.104286  0.456215
0.500000  0.104286  0.456215
0.500000  0.104286  0.456215
0.500000  0.104286  0.456215
0.500000  0.100000  0.462522
0.500000  0.100000  0.475523
0.500000  0.100000  0.475523
0.500000  0.100000  0.475523
0.500000  0.100000  0.475523
0.500000  0.100000  0.472537
0.500000  0.100000  0.472537
0.500000  0.100000  0.474180
0.500000  0.100000  0.474180
0.500000  0.100000  0.474180
0.500000  0.100000  0.469304
0.500000  0.100000  0.471913
0.500000  0.100000  0.471913
0.500000  0.100000  0.470345
0.500000  0.100000  0.476782
0.500000  0.100000  0.476782
0.500000  0.100000  0.476782
0.500000  0.100000  0.475162
0.500000  0.100000  0.481698
0.500000  0.100000  0.495202
0.500000  0.100000  0.500000
0.500000  0.100000  0.500000
0.500000  0.100000  0.500000
0.500000  0.100000  0.500000
0.500000  0.100000  0.500000
0.500000  0.100000  0.500000
0.500000  0.100000  0.500000
0.500000  0.100000  0.500000
0.500000  0.100000  0.491330
0.500000  0.100000  0.492083
0.500000  0.100000  0.492083
0.500000  0.100000  0.492906
0.500000  0.100000  0.492906
0.500000  0.100000  0.492906
0.500000  0.100000  0.492906
0.500000  0.100000  0.492906
0.500000  0.100000  0.492906
0.500000  0.100000  0.454337
0.500000  0.100000  0.454337
0.500000  0.100000  0.454337
0.500000  0.100000  0.454337
0.500000  0.100000  0.456277
0.500000  0.100000  0.465301
0.500000  0.137628  0.455177
0.500000  0.137628  0.455177
0.500000  0.126667  0.453724
0.500000  0.138174  0.453424
0.500000  0.138174  0.453424
0.500000  0.121112  0.453387
0.500000  0.107453  0.461040
0.500000  0.120737  0.453255
0.500000  0.120737  0.453255
0.500000  0.100000  0.453240
0.500000  0.100000  0.453922
0.500000  0.100000  0.453922
0.500000  0.100000  0.453922
0.500000  0.100000  0.453922
0.500000  0.100000  0.431354
0.500000  0.100000  0.422718
0.500000  0.100000  0.423516
0.500000  0.166451  0.421357
0.500000  0.187983  0.421649
0.500000  0.205140  0.429285
0.500000  0.220752  0.444114
0.500000  0.232714  0.462362
0.500000  0.232714  0.462362
0.500000  0.232714  0.462362
0.500000  0.214815  0.463357
0.500000  0.238768  0.463713
0.500000  0.261138  0.472420
0.500000  0.279959  0.487852
0.500000  0.220310  0.470598
0.500000  0.220310  0.470598
0.500000  0.220310  0.470598
0.500000  0.220310  0.470598
0.500000  0.220310  0.470598
0.500000  0.145791  0.451233
0.500000  0.100000  0.444422
0.500000  0.100000  0.444422
0.500000  0.100000  0.444422
0.500000  0.100000  0.439357
0.500000  0.100000  0.439357
0.500000  0.100000  0.438660
0.500000  0.100000  0.446343
0.500000  0.100000  0.446343
0.500000  0.100000  0.442521
0.500000  0.100000  0.442772
0.500000  0.100000  0.450514
0.500000  0.100000  0.464865
0.500000  0.100000  0.484527
0.500000  0.100000  0.484527
0.500000  0.100000  0.484527
0.500000  0.100000  0.484527
0.500000  0.100000  0.480107
0.500000  0.100000  0.484493
0.500000  0.100000  0.484493
0.500000  0.100251  0.485683
0.500000  0.100000  0.486541
0.500000  0.100000  0.486541
0.500000  0.100000  0.486541
0.500000  0.100000  0.477921
0.500000  0.100000  0.479483
0.500000  0.100000  0.479483
0.500000  0.100000  0.479483
0.500000  0.100000  0.479483
0.500000  0.100000  0.479483
0.500000  0.100000  0.479483
0.500000  0.100000  0.438054
0.500000  0.100000  0.437589
0.500000  0.100000  0.437589
0.500000  0.100000  0.437589
0.500000  0.100000  0.437589
0.500000  0.100000  0.436633
0.500000  0.100000  0.436633
0.500000  0.100000  0.436633
0.500000  0.100000  0.436633
0.500000  0.100000  0.412065
0.500000  0.100000  0.412065
0.500000  0.100000  0.412065
0.500000  0.100000  0.412065
0.500000  0.100000  0.398124
0.500000  0.100000  0.393741
0.500000  0.143687  0.398876
0.500000  0.143687  0.398876
0.500000  0.143687  0.398876
0.500000  0.143687  0.398876
0.500000  0.143687  0.398876
0.500000  0.143687  0.398876
0.500000  0.143687  0.398876
0.500000  0.100000  0.338457
0.500000  0.100000  0.337093
0.500000  0.100000  0.337093
0.500000  0.100000  0.337093
0.500000  0.100000  0.337093
0.500000  0.100000  0.318267
0.500000  0.100000  0.318267
0.500000  0.100000  0.319827
0.500000  0.100000  0.328602
0.500000  0.100000  0.328602
0.500000  0.100000  0.330602
0.500000  0.100000  0.338964
0.500000  0.100000  0.338964
0.500000  0.100000  0.338964
0.500000  0.100000  0.339887
0.500000  0.100000  0.347871
0.500000  0.100000  0.347871
0.500000  0.100000  0.347130
0.500000  0.100000  0.347130
0.500000  0.100000  0.347130
0.500000  0.100000  0.342199
0.500000  0.100000  0.345521
0.500000  0.100000  0.345521
0.500000  0.100000  0.347201
0.500000  0.100000  0.356388
0.500000  0.100000  0.356388
0.500000  0.106747  0.355814
0.500000  0.111444  0.361969
0.500000  0.111444  0.361969
0.500000  0.122876  0.361445
0.500000  0.122876  0.361445
0.500000  0.113631  0.361305
0.500000  0.113631  0.361305
0.500000  0.113631  0.361305
0.500000  0.113631  0.361305
0.500000  0.100000  0.338475
0.500000  0.100000  0.327600
0.500000  0.100000  0.326091
0.500000  0.100000  0.326091
0.500000  0.100000  0.326253
0.500000  0.100000  0.326253
0.500000  0.100000  0.326253
0.500000  0.100000  0.317925
0.500000  0.100000  0.317925
0.500000  0.100000  0.317925
0.500000  0.100000  0.317672
0.500000  0.106259  0.316957
0.500000  0.111667  0.323793
0.500000  0.111667  0.323793
0.500000  0.111667  0.323793
0.500000  0.111667  0.323793
0.500000  0.100000  0.310566
0.500000  0.100000  0.307239
0.500000  0.100000  0.307239
0.500000  0.100000  0.307239
0.500000  0.100000  0.307239
0.500000  0.128449  0.287547
0.500000  0.128449  0.287547
0.500000  0.128449  0.287547
0.500000  0.128449  0.287547
0.500000  0.100000  0.273259
0.500000  0.100000  0.273259
0.500000  0.100000  0.273259
0.500000  0.100000  0.273259
0.500000  0.100000  0.255155
0.500000  0.100000  0.255155
0.500000  0.100000  0.255155
0.500000  0.100000  0.255155
0.500000  0.100000  0.254802
0.500000  0.100000  0.261791
0.500000  0.100000  0.273191
0.500000  0.100000  0.273191
0.500000  0.100000  0.273191
0.500000  0.100000  0.273191
0.500000  0.100000  0.273191
0.500000  0.100000  0.273191
0.500000  0.100000  0.273191
0.500000  0.100000  0.253299
0.500000  0.100000  0.244106
0.500000  0.100000  0.244106
0.500000  0.100000  0.244106
0.500000  0.100000  0.228646
0.500000  0.100854  0.229517
0.500000  0.100854  0.229517
0.500000  0.100000  0.229248
0.500000  0.100000  0.235556
0.500000  0.100000  0.235556
0.500000  0.100000  0.235556
0.500000  0.100000  0.235556
0.500000  0.100000  0.235556
0.500000  0.100000  0.211603
0.500000  0.100000  0.211603
0.500000  0.100000  0.211603
0.500000  0.100000  0.203650
0.500000  0.100000  0.204121
0.500000  0.100000  0.204121
0.500000  0.100000  0.204121
0.500000  0.113604  0.197956
0.500000  0.125551  0.199275
0.500000  0.125551  0.199275
0.500000  0.125551  0.199275
0.500000  0.143803  0.202342
0.500000  0.143803  0.202342
0.500000  0.143803  0.202342
0.500000  0.184655  0.192782
0.500000  0.166884  0.191555
0.500000  0.166884  0.191555
0.500000  0.166884  0.191555
0.500000  0.172342  0.185637
0.500000  0.177349  0.187155
0.500000  0.181210  0.194598
0.500000  0.181210  0.194598
0.500000  0.191576  0.193152
0.500000  0.169509  0.194827
0.500000  0.152224  0.202423
0.500000  0.152224  0.202423
0.500000  0.152224  0.202423
0.500000  0.153671  0.202980
0.500000  0.153671  0.202980
0.500000  0.153671  0.202980
0.500000  0.153671  0.202980
0.500000  0.183575  0.192513
0.500000  0.183575  0.192513
0.500000  0.176344  0.192746
0.500000  0.176344  0.192746
0.500000  0.176344  0.192746
0.500000  0.176344  0.192746
0.500000  0.176344  0.192746
0.500000  0.126270  0.162532
0.500000  0.126270  0.162532
0.500000  0.126270  0.162532
0.500000  0.121632  0.160262
0.500000  0.121632  0.160262
0.500000  0.121632  0.160262
0.500000  0.121632  0.160262
0.500000  0.121632  0.160262
0.500000  0.121632  0.160262
0.500000  0.100000  0.109369
0.500000  0.100000  0.109369
0.500000  0.100000  0.109369
0.500000  0.100000  0.109369
0.500000  0.100000  0.100000
0.500000  0.114019  0.100000
0.500000  0.114019  0.100000
0.500000  0.114019  0.100000
0.500000  0.114019  0.100000
0.500000  0.114019  0.100000
0.500000  0.100000  0.100000
0.500000  0.100000  0.100000
0.500000  0.100000  0.100000
0.500000  0.100000  0.100259
0.500000  0.100000  0.100259
0.500000  0.100000  0.100259
0.500000  0.100000  0.100000
0.500000  0.100000  0.100000
0.500000  0.100000  0.100000
0.500000  0.100000  0.100000
0.500000  0.100000  0.100000
0.500000  0.100000  0.100000
0.500000  0.100000  0.100000
0.500000  0.100000  0.100000
0.500000  0.144365  0.100000
0.500000  0.121898  0.100000
0.500000  0.130316  0.100834
0.500000  0.130316  0.100834
0.500000  0.130316  0.100834
0.500000  0.130316  0.100834
0.500000  0.122861  0.100000
0.500000  0.117921  0.100893
0.500000  0.117921  0.100893
0.500000  0.117921  0.100893
0.500000  0.104516  0.100000
0.500000  0.104516  0.100000
0.500000  0.104516  0.100000
0.500000  0.101538  0.100000
0.500000  0.100000  0.102676
0.500000  0.100000  0.101572
0.500000  0.100000  0.101572
0.500000  0.100000  0.101650
0.500000  0.100000  0.101650
0.500000  0.100000  0.101650
0.500000  0.100000  0.101650
0.500000  0.100000  0.100000
0.500000  0.100000  0.100000
0.500000  0.114900  0.100000
0.500000  0.126436  0.105141
0.500000  0.135347  0.114951
0.500000  0.135347  0.114951
0.500000  0.135347  0.114951
0.500000  0.135347  0.114951
0.500000  0.135347  0.114951
0.500000  0.157174  0.119564
0.500000  0.172909  0.128589
0.500000  0.186897  0.142978
0.500000  0.186897  0.142978
0.500000  0.186897  0.142978
0.500000  0.186897  0.142978
0.500000  0.180507  0.134593
0.500000  0.160482  0.135772
0.500000  0.175857  0.137702
0.500000  0.175857  0.137702
0.500000  0.175857  0.137702
0.500000  0.175857  0.137702
0.500000  0.175857  0.137702
0.500000  0.157797  0.107391
0.500000  0.144499  0.100000
0.500000  0.133889  0.100000
0.500000  0.133889  0.100000
0.500000  0.133889  0.100000
0.500000  0.133889  0.100000
0.500000  0.133889  0.100000
0.500000  0.172989  0.100000
0.500000  0.153378  0.100000
0.500000  0.153378  0.100000
0.500000  0.144520  0.101755
0.500000  0.144520  0.101755
0.500000  0.117546  0.101976
0.500000  0.100000  0.108437
0.500000  0.100000  0.118719
0.500000  0.100000  0.132452
0.500000  0.100000  0.151199
0.500000  0.100000  0.151199
0.500000  0.189675  0.100000
0.500000  0.189675  0.100000
0.500000  0.189675  0.100000
0.500000  0.189675  0.100000
0.500000  0.207227  0.100000
0.500000  0.222705  0.100271
0.500000  0.222705  0.100271
0.500000  0.222705  0.100271
0.500000  0.222705  0.100271
0.500000  0.222705  0.100271
0.500000  0.222705  0.100271
0.500000  0.213776  0.100000
0.500000  0.206032  0.100000
0.500000  0.206032  0.100000
0.500000  0.206032  0.100000
0.500000  0.206032  0.100000
0.500000  0.206032  0.100000
0.500000  0.206032  0.100000
0.500000  0.206032  0.100000
0.500000  0.162560  0.100000
0.500000  0.125062  0.100000
0.500000  0.125062  0.100000
0.500000  0.125062  0.100000
0.500000  0.125062  0.100000
0.500000  0.125062  0.100000
0.500000  0.166300  0.100000
0.500000  0.159239  0.101203
0.500000  0.142359  0.101614
0.500000  0.129967  0.107529
0.500000  0.119347  0.118335
0.500000  0.119347  0.118335
0.500000  0.119347  0.118335
0.500000  0.106549  0.124919
0.500000  0.106549  0.124919
0.500000  0.106549  0.124919
0.500000  0.100000  0.117630
0.500000  0.100000  0.117578
0.500000  0.100000  0.117578
0.500000  0.100000  0.117578
0.500000  0.117060  0.105760
0.500000  0.106533  0.104645
0.500000  0.100000  0.109831
0.500000  0.100000  0.106136
0.500000  0.100000  0.109106
0.500000  0.100000  0.109106
0.500000  0.100000  0.109106
0.500000  0.100000  0.109106
0.500000  0.100000  0.109106
0.500000  0.100000  0.109106
0.500000  0.100000  0.109106
0.500000  0.100000  0.109106
0.500000  0.100000  0.109106
0.500000  0.100000  0.131899
0.500000  0.100000  0.131899
0.500000  0.100000  0.131899
0.500000  0.100000  0.131899
0.500000  0.100000  0.120442
0.500000  0.100000  0.116282
0.500000  0.100000  0.118951
0.500000  0.100000  0.127457
0.500000  0.100000  0.139266
0.500000  0.100000  0.155940
0.500000  0.100000  0.155940
0.500000  0.100000  0.155940
0.500000  0.100000  0.155940
0.500000  0.100000  0.155940
0.500000  0.100000  0.140262
0.500000  0.100000  0.135068
0.500000  0.100000  0.136677
0.500000  0.100000  0.136677
0.500000  0.100000  0.136677
0.500000  0.100000  0.137651
0.500000  0.100000  0.144435
0.500000  0.100000  0.144435
0.500000  0.100000  0.144435
0.500000  0.100000  0.145062
0.500000  0.100000  0.145062
0.500000  0.100000  0.145062
0.500000  0.100000  0.145062
0.500000  0.103061  0.128164
0.500000  0.103061  0.128164
0.500000  0.103061  0.128164
0.500000  0.100000  0.119683
0.500000  0.100000  0.119683
0.500000  0.100000  0.119683
0.500000  0.100000  0.119683
0.500000  0.100000  0.119683
0.500000  0.100000  0.118044
0.500000  0.106118  0.117270
0.500000  0.107323  0.104377
0.500000  0.107807  0.100000
0.500000  0.107807  0.100000
0.500000  0.107807  0.100000
0.500000  0.107807  0.100000
0.500000  0.107807  0.100000
0.500000  0.120086  0.100000
0.500000  0.130312  0.100000
0.500000  0.130312  0.100000
0.500000  0.130312  0.100000
0.500000  0.130312  0.100000
0.500000  0.130312  0.100000
0.500000  0.130312  0.100000
0.500000  0.103097  0.100000
0.500000  0.100000  0.100000
0.500000  0.100000  0.100000
0.500000  0.100393  0.101809
0.500000  0.100181  0.108554
0.500000  0.100181  0.108554
0.500000  0.100181  0.108554
0.500000  0.100181  0.108554
0.500000  0.100181  0.108554
0.500000  0.100000  0.101353
0.500000  0.100000  0.101606
0.500000  0.100000  0.107810
0.500000  0.100000  0.107810
0.500000  0.100000  0.107924
0.500000  0.105185  0.107094
0.500000  0.103865  0.106471
0.500000  0.103865  0.106471
0.500000  0.103865  0.106471
0.500000  0.103865  0.106471
0.500000  0.103865  0.106471
0.500000  0.103865  0.106471
0.500000  0.100000  0.100000
0.500000  0.100000  0.100000
0.500000  0.150986  0.135019
0.500000  0.187192  0.165665
0.500000  0.187192  0.165665
0.500000  0.187192  0.165665
0.500000  0.187192  0.165665
0.500000  0.277358  0.194489
0.500000  0.234975  0.195084
0.500000  0.234975  0.195084
0.500000  0.234975  0.195084
0.500000  0.234975  0.195084
0.500000  0.241478  0.175997
0.500000  0.246824  0.166701
0.500000  0.223333  0.177190
0.500000  0.206509  0.190459
0.500000  0.206509  0.190459
0.500000  0.206509  0.190459
0.500000  0.206509  0.190459
0.500000  0.136180  0.193075
0.500000  0.100000  0.201843
0.500000  0.100000  0.213952
0.500000  0.100000  0.213952
0.500000  0.100000  0.213169
0.500000  0.100000  0.218736
0.500000  0.100000  0.229347
0.500000  0.135205  0.205899
0.500000  0.162752  0.193364
0.500000  0.162752  0.193364
0.500000  0.162752  0.193364
0.500000  0.156469  0.178765
0.500000  0.153712  0.183459
0.500000  0.150969  0.193919
0.500000  0.150969  0.193919
0.500000  0.150969  0.193919
0.500000  0.150969  0.193919
0.500000  0.150969  0.193919
0.500000  0.150969  0.193919
0.500000  0.150969  0.193919
0.500000  0.162264  0.100000
0.500000  0.162264  0.100000
0.500000  0.162264  0.100000
0.500000  0.162264  0.100000
0.500000  0.162264  0.100000
0.500000  0.100000  0.100000
0.500000  0.100000  0.100000
0.500000  0.100000  0.100000
0.500000  0.100000  0.100000
0.500000  0.100000  0.100000
0.500000  0.100000  0.100000
0.500000  0.100000  0.100000
0.500000  0.100000  0.100000
0.500000  0.100000  0.100000
0.500000  0.100000  0.100000
0.500000  0.100000  0.100000
0.500000  0.100000  0.100000
0.500000  0.100000  0.100000
0.500000  0.100000  0.100000
0.500000  0.100000  0.100000
0.500000  0.100000  0.100000
0.500000  0.100742  0.100000
0.500000  0.100701  0.100429
0.500000  0.100701  0.100429
0.500000  0.100701  0.100429
0.500000  0.100701  0.100429
0.500000  0.100701  0.100429
0.500000  0.179359  0.100000
0.500000  0.236569  0.100000
0.500000  0.286849  0.104939
0.500000  0.286849  0.104939
0.500000  0.305158  0.103061
0.500000  0.318840  0.107009
0.500000  0.318840  0.107009
0.500000  0.337429  0.106305
0.500000  0.354717  0.111587
0.500000  0.367693  0.120664
0.500000  0.367693  0.120664
0.500000  0.367693  0.120664
0.500000  0.367693  0.120664
0.500000  0.367693  0.120664
0.500000  0.367693  0.120664
0.500000  0.397893  0.109934
0.500000  0.397893  0.109934
0.500000  0.395447  0.110529
0.500000  0.394507  0.116533
0.500000  0.394601  0.126910
0.500000  0.394601  0.126910
0.500000  0.392636  0.128036
0.500000  0.391890  0.134489
0.500000  0.392129  0.146113
0.500000  0.393092  0.159901
0.500000  0.393092  0.159901
0.500000  0.382249  0.161881
0.500000  0.373455  0.169783
0.500000  0.367772  0.181145
0.500000  0.363884  0.195980
0.500000  0.361170  0.215545
0.500000  0.361170  0.215545
0.500000  0.361170  0.215545
0.500000  0.361170  0.215545
0.500000  0.368196  0.209587
0.500000  0.368196  0.209587
0.500000  0.352174  0.209861
0.500000  0.341177  0.215854
0.500000  0.333071  0.226280
0.500000  0.326423  0.241940
0.500000  0.326423  0.241940
0.500000  0.326423  0.241940
0.500000  0.326423  0.241940
0.500000  0.326423  0.241940
0.500000  0.255639  0.262910
0.500000  0.204201  0.284173
0.500000  0.204201  0.284173
0.500000  0.208034  0.284455
0.500000  0.211040  0.290837
0.500000  0.213653  0.303558
0.500000  0.215483  0.319253
0.500000  0.215483  0.319253
0.500000  0.215483  0.319253
0.500000  0.215483  0.319253
0.500000  0.215483  0.319253
0.500000  0.209827  0.324084
0.500000  0.204754  0.335139
0.500000  0.218696  0.325324
0.500000  0.228758  0.324417
0.500000  0.237683  0.330504
0.500000  0.237683  0.330504
0.500000  0.237683  0.330504
0.500000  0.247229  0.326563
0.500000  0.254674  0.326195
0.500000  0.261372  0.332715
0.500000  0.266943  0.344935
0.500000  0.271152  0.360156
0.500000  0.271152  0.360156
0.500000  0.272747  0.360268
0.500000  0.274270  0.367017
0.500000  0.274270  0.367017
0.500000  0.274270  0.367017
0.500000  0.279687  0.365394
0.500000  0.284742  0.371389
0.500000  0.288636  0.382419
0.500000  0.291712  0.396565
