0.100000  0.100000  0.100000
0.100001  0.100000  0.100004
0.100005  0.100000  0.100007
0.100005  0.100000  0.100007
0.100009  0.100000  0.100009
0.100012  0.100000  0.100012
0.100028  0.100000  0.100015
0.100041  0.100000  0.100017
0.100056  0.100000  0.100022
0.100065  0.100000  0.100027
0.100065  0.100000  0.100027
0.100065  0.100000  0.100027
0.100065  0.100000  0.100027
0.100067  0.100000  0.100031
0.100067  0.100000  0.100031
0.100067  0.100000  0.100031
0.100070  0.100000  0.100037
0.100070  0.100000  0.100037
0.100070  0.100000  0.100037
0.100070  0.100000  0.100037
0.100070  0.100000  0.100037
0.100070  0.100000  0.100037
0.100070  0.100000  0.100037
0.100070  0.100000  0.100037
0.100070  0.100000  0.100037
0.100070  0.100000  0.100037
0.100071  0.100000  0.100042
0.100073  0.100000  0.100046
0.100073  0.100000  0.100046
0.100077  0.100000  0.100051
0.100077  0.100000  0.100051
0.100077  0.100000  0.100051
0.100077  0.100000  0.100051
0.100077  0.100000  0.100051
0.100077  0.100000  0.100051
0.100077  0.100000  0.100051
0.100077  0.100000  0.100051
0.100077  0.100000  0.100051
0.100077  0.100000  0.100051
0.100077  0.100000  0.100051
0.100077  0.100000  0.100051
0.100077  0.100000  0.100051
0.100077  0.100000  0.100051
0.100077  0.100000  0.100051
0.100077  0.100000  0.100051
0.100077  0.100000  0.100051
0.100077  0.100000  0.100051
0.100077  0.100000  0.100051
0.100077  0.100000  0.100051
0.100077  0.100000  0.100051
0.100077  0.100000  0.100051
0.100077  0.100000  0.100051
0.100077  0.100000  0.100051
0.100077  0.100000  0.100051
0.100077  0.100000  0.100051
0.100077  0.100000  0.100051
0.100077  0.100000  0.100051
0.100077  0.100000  0.100051
0.100077  0.100000  0.100051
0.100077  0.100000  0.100051
0.100077  0.100000  0.100051
0.100077  0.100000  0.100051
0.100077  0.100000  0.100051
0.100077  0.100000  0.100051
0.100077  0.100000  0.100051
0.100077  0.100000  0.100051
0.100077  0.100000  0.100051
0.100077  0.100000  0.100051
0.100077  0.100000  0.100051
0.100077  0.100000  0.100051
0.100077  0.100000  0.100051
0.100077  0.100000  0.100051
0.100077  0.100000  0.100051
0.100077  0.100000  0.100051
0.100077  0.100000  0.100051
0.100077  0.100000  0.100051
0.100077  0.100000  0.100051
0.100077  0.100000  0.100051
0.100077  0.100000  0.100051
0.100077  0.100000  0.100051
0.100077  0.100000  0.100051
0.100077  0.100000  0.100051
0.100077  0.100000  0.100051
0.100077  0.100000  0.100051
0.100077  0.100000  0.100051
0.100077  0.100000  0.100051
0.100077  0.100000  0.100051
0.100077  0.100000  0.100051
0.100077  0.100000  0.100051
0.100077  0.100000  0.100051
0.100077  0.100000  0.100051
0.100077  0.100000  0.100051
0.100077  0.100000  0.100051
0.100077  0.100000  0.100051
0.100077  0.100000  0.100051
0.100077  0.100000  0.100051
0.100077  0.100000  0.100051
0.100077  0.100000  0.100051
0.100077  0.100000  0.100051
0.100077  0.100000  0.100051
0.100077  0.100000  0.100051
0.100077  0.100000  0.100051
0.100077  0.100000  0.100051
0.100077  0.100000  0.100051
0.100077  0.100000  0.100051
0.100077  0.100000  0.100051
0.100077  0.100000  0.100051
0.100077  0.100000  0.100051
0.100077  0.100000  0.100051
0.100077  0.100000  0.100051
0.100077  0.100000  0.100051
0.100077  0.100000  0.100051
0.100077  0.100000  0.100051
0.100077  0.100000  0.100051
0.100077  0.100000  0.100051
0.100077  0.100000  0.100051
0.100077  0.100000  0.100051
0.100077  0.100000  0.100051
0.100077  0.100000  0.100051
0.100077  0.100000  0.100051
0.100077  0.100000  0.100051
0.100077  0.100000  0.100051
0.100077  0.100000  0.100051
0.100077  0.100000  0.100051
0.100077  0.100000  0.100051
0.100077  0.100000  0.100051
0.100077  0.100000  0.100051
0.100077  0.100000  0.100051
0.100077  0.100000  0.100051
0.100077  0.100000  0.100051
0.100077  0.100000  0.100051
0.100077  0.100000  0.100051
0.100077  0.100000  0.100051
0.100077  0.100000  0.100051
0.100077  0.100000  0.100051
0.100077  0.100000  0.100051
0.100077  0.100000  0.100051
0.100077  0.100000  0.100051
0.100077  0.100000  0.100051
0.100077  0.100000  0.100051
0.100077  0.100000  0.100051
0.100077  0.100000  0.100051
0.100077  0.100000  0.100051
0.100077  0.100000  0.100051
0.100077  0.100000  0.100051
0.100077  0.100000  0.100051
0.100077  0.100000  0.100051
0.100077  0.100000  0.100051
0.100077  0.100000  0.100051
0.100077  0.100000  0.100051
0.100077  0.100000  0.100051
0.100077  0.100000  0.100051
0.100077  0.100000  0.100051
0.100077  0.100000  0.100051
0.100077  0.100000  0.100051
0.100077  0.100000  0.100051
0.100077  0.100000  0.100051
0.100077  0.100000  0.100051
0.100077  0.100000  0.100051
0.100077  0.100000  0.100051
0.100077  0.100000  0.100051
0.100077  0.100000  0.100051
0.100077  0.100000  0.100051
0.100077  0.100000  0.100051
0.100077  0.100000  0.100051
0.100077  0.100000  0.100051
0.100077  0.100000  0.100051
0.100077  0.100000  0.100051
0.100077  0.100000  0.100051
0.100077  0.100000  0.100051
0.100077  0.100000  0.100051
0.100077  0.100000  0.100051
0.100077  0.100000  0.100051
0.100077  0.100000  0.100051
0.100077  0.100000  0.100051
0.100077  0.100000  0.100051
0.100077  0.100000  0.100051
0.100077  0.100000  0.100051
0.100077  0.100000  0.100051
0.100077  0.100000  0.100051
0.100077  0.100000  0.100051
0.100077  0.100000  0.100051
0.100077  0.100000  0.100051
0.100077  0.100000  0.100051
0.100077  0.100000  0.100051
0.100077  0.100000  0.100051
0.100077  0.100000  0.100051
0.100077  0.100000  0.100051
0.100077  0.100000  0.100051
0.100077  0.100000  0.100051
0.100077  0.100000  0.100051
0.100077  0.100000  0.100051
0.100077  0.100000  0.100051
0.100077  0.100000  0.100051
0.100077  0.100000  0.100051
0.100077  0.100000  0.100051
0.100077  0.100000  0.100051
0.100077  0.100000  0.100051
0.100077  0.100000  0.100051
0.100077  0.100000  0.100051
0.100077  0.100000  0.100051
0.100077  0.100000  0.100051
0.100077  0.100000  0.100051
0.100077  0.100000  0.100051
0.100077  0.100000  0.100051
0.100077  0.100000  0.100051
0.100077  0.100000  0.100051
0.100077  0.100000  0.100051
0.100077  0.100000  0.100051
0.100077  0.100000  0.100051
0.100077  0.100000  0.100051
0.100077  0.100000  0.100051
0.100077  0.100000  0.100051
0.100077  0.100000  0.100051
0.100077  0.100000  0.100051
0.100077  0.100000  0.100051
0.100077  0.100000  0.100051
0.100077  0.100000  0.100051
0.100077  0.100000  0.100051
0.100077  0.100000  0.100051
0.100077  0.100000  0.100051
0.100077  0.100000  0.100051
0.100077  0.100000  0.100051
0.100077  0.100000  0.100051
0.100077  0.100000  0.100051
0.100077  0.100000  0.100051
0.100077  0.100000  0.100051
0.100077  0.100000  0.100051
0.100077  0.100000  0.100051
0.100077  0.100000  0.100051
0.100077  0.100000  0.100051
0.100077  0.100000  0.100051
0.100077  0.100000  0.100051
0.100077  0.100000  0.100051
0.100077  0.100000  0.100051
0.100077  0.100000  0.100051
0.100077  0.100000  0.100051
0.100077  0.100000  0.100051
0.100077  0.100000  0.100051
0.100077  0.100000  0.100051
0.100077  0.100000  0.100051
0.100077  0.100000  0.100051
0.100077  0.100000  0.100051
0.100077  0.100000  0.100051
0.100077  0.100000  0.100051
0.100077  0.100000  0.100051
0.100077  0.100000  0.100051
0.100077  0.100000  0.100051
0.100077  0.100000  0.100051
0.100077  0.100000  0.100051
0.100077  0.100000  0.100051
0.100077  0.100000  0.100051
0.100077  0.100000  0.100051
0.100077  0.100000  0.100051
0.100077  0.100000  0.100051
0.100077  0.100000  0.100051
0.100077  0.100000  0.100051
0.100077  0.100000  0.100051
0.100077  0.100000  0.100051
0.100077  0.100000  0.100051
0.100077  0.100000  0.100051
0.100077  0.100000  0.100051
0.100077  0.100000  0.100051
0.100077  0.100000  0.100051
0.100077  0.100000  0.100051
0.100077  0.100000  0.100051
0.100077  0.100000  0.100051
0.100077  0.100000  0.100051
0.100077  0.100000  0.100051
0.100077  0.100000  0.100051
0.100077  0.100000  0.100051
0.100077  0.100000  0.100051
0.100077  0.100000  0.100051
0.100077  0.100000  0.100051
0.100077  0.100000  0.100051
0.100077  0.100000  0.100051
0.100077  0.100000  0.100051
0.100077  0.100000  0.100051
0.100077  0.100000  0.100051
0.100077  0.100000  0.100051
0.100077  0.100000  0.100051
0.100077  0.100000  0.100051
0.100077  0.100000  0.100051
0.100077  0.100000  0.100051
0.100077  0.100000  0.100051
0.100077  0.100000  0.100051
0.100077  0.100000  0.100051
0.100077  0.100000  0.100051
0.100077  0.100000  0.100051
0.100077  0.100000  0.100051
0.100077  0.100000  0.100051
0.100077  0.100000  0.100051
0.100077  0.100000  0.100051
0.100077  0.100000  0.100051
0.100077  0.100000  0.100051
0.100077  0.100000  0.100051
0.100077  0.100000  0.100051
0.100077  0.100000  0.100051
0.100077  0.100000  0.100051
0.100077  0.100000  0.100051
0.100077  0.100000  0.100051
0.100077  0.100000  0.100051
0.100077  0.100000  0.100051
0.100077  0.100000  0.100051
0.100077  0.100000  0.100051
0.100077  0.100000  0.100051
0.100077  0.100000  0.100051
0.100077  0.100000  0.100051
0.100077  0.100000  0.100051
0.100077  0.100000  0.100051
0.100077  0.100000  0.100051
0.100077  0.100000  0.100051
0.100077  0.100000  0.100051
0.100077  0.100000  0.100051
0.100077  0.100000  0.100051
0.100077  0.100000  0.100051
0.100077  0.100000  0.100051
0.100077  0.100000  0.100051
0.100077  0.100000  0.100051
0.100077  0.100000  0.100051
0.100077  0.100000  0.100051
0.100077  0.100000  0.100051
0.100077  0.100000  0.100051
0.100077  0.100000  0.100051
0.100077  0.100000  0.100051
0.100077  0.100000  0.100051
0.100077  0.100000  0.100051
0.100077  0.100000  0.100051
0.100077  0.100000  0.100051
0.100077  0.100000  0.100051
0.100077  0.100000  0.100051
0.100077  0.100000  0.100051
0.100077  0.100000  0.100051
0.100077  0.100000  0.100051
0.100077  0.100000  0.100051
0.100077  0.100000  0.100051
0.100077  0.100000  0.100051
0.100077  0.100000  0.100051
0.100077  0.100000  0.100051
0.100077  0.100000  0.100051
0.100077  0.100000  0.100051
0.100077  0.100000  0.100051
0.100077  0.100000  0.100051
0.100077  0.100000  0.100051
0.100077  0.100000  0.100051
0.100077  0.100000  0.100051
0.100077  0.100000  0.100051
0.100077  0.100000  0.100051
0.100077  0.100000  0.100051
0.100077  0.100000  0.100051
0.100077  0.100000  0.100051
0.100077  0.100000  0.100051
0.100077  0.100000  0.100051
0.100077  0.100000  0.100051
0.100077  0.100000  0.100051
0.100077  0.100000  0.100051
0.100077  0.100000  0.100051
0.100077  0.100000  0.100051
0.100077  0.100000  0.100051
0.100077  0.100000  0.100051
0.100077  0.100000  0.100051
0.100077  0.100000  0.100051
0.100077  0.100000  0.100051
0.100077  0.100000  0.100051
0.100077  0.100000  0.100051
0.100077  0.100000  0.100051
0.100077  0.100000  0.100051
0.100077  0.100000  0.100051
0.100077  0.100000  0.100051
0.100077  0.100000  0.100051
0.100077  0.100000  0.100051
0.100077  0.100000  0.100051
0.100077  0.100000  0.100051
0.100077  0.100000  0.100051
0.100077  0.100000  0.100051
0.100077  0.100000  0.100051
0.100077  0.100000  0.100051
0.100077  0.100000  0.100051
0.100077  0.100000  0.100051
0.100077  0.100000  0.100051
0.100077  0.100000  0.100051
0.100077  0.100000  0.100051
0.100077  0.100000  0.100051
0.100077  0.100000  0.100051
0.100077  0.100000  0.100051
0.100077  0.100000  0.100051
0.100077  0.100000  0.100051
0.100077  0.100000  0.100051
0.100077  0.100000  0.100051
0.100077  0.100000  0.100051
0.100077  0.100000  0.100051
0.100077  0.100000  0.100051
0.100077  0.100000  0.100051
0.100077  0.100000  0.100051
0.100077  0.100000  0.100051
0.100077  0.100000  0.100051
0.100077  0.100000  0.100051
0.100077  0.100000  0.100051
0.100077  0.100000  0.100051
0.100077  0.100000  0.100051
0.100077  0.100000  0.100051
0.100077  0.100000  0.100051
0.100077  0.100000  0.100051
0.100077  0.100000  0.100051
0.100077  0.100000  0.100051
0.100077  0.100000  0.100051
0.100077  0.100000  0.100051
0.100077  0.100000  0.100051
0.100077  0.100000  0.100051
0.100077  0.100000  0.100051
0.100077  0.100000  0.100051
0.100077  0.100000  0.100051
0.100077  0.100000  0.100051
0.100077  0.100000  0.100051
0.100077  0.100000  0.100051
0.100077  0.100000  0.100051
0.100077  0.100000  0.100051
0.100077  0.100000  0.100051
0.100077  0.100000  0.100051
0.100077  0.100000  0.100051
0.100077  0.100000  0.100051
0.100077  0.100000  0.100051
0.100077  0.100000  0.100051
0.100077  0.100000  0.100051
0.100077  0.100000  0.100051
0.100077  0.100000  0.100051
0.100077  0.100000  0.100051
0.100077  0.100000  0.100051
0.100077  0.100000  0.100051
0.100077  0.100000  0.100051
0.100077  0.100000  0.100051
0.100077  0.100000  0.100051
0.100077  0.100000  0.100051
0.100077  0.100000  0.100051
0.100077  0.100000  0.100051
0.100077  0.100000  0.100051
0.100077  0.100000  0.100051
0.100077  0.100000  0.100051
0.100077  0.100000  0.100051
0.100077  0.100000  0.100051
0.100077  0.100000  0.100051
0.100077  0.100000  0.100051
0.100077  0.100000  0.100051
0.100077  0.100000  0.100051
0.100077  0.100000  0.100051
0.100077  0.100000  0.100051
0.100077  0.100000  0.100051
0.100077  0.100000  0.100051
0.100077  0.100000  0.100051
0.100077  0.100000  0.100051
0.100077  0.100000  0.100051
0.100077  0.100000  0.100051
0.100077  0.100000  0.100051
0.100077  0.100000  0.100051
0.100077  0.100000  0.100051
0.100077  0.100000  0.100051
0.100082  0.100000  0.100119
0.100082  0.100000  0.100119
0.100082  0.100000  0.100119
0.100086  0.100000  0.100176
0.100086  0.100000  0.100176
0.100086  0.100000  0.100176
0.100524  0.100467  0.100000
0.100993  0.100976  0.100000
0.101392  0.101457  0.100000
0.101800  0.101956  0.100000
0.101806  0.101792  0.100158
0.101806  0.101792  0.100158
0.101806  0.101792  0.100158
0.101806  0.101792  0.100158
0.101806  0.101792  0.100158
0.101842  0.101221  0.100693
0.101877  0.100660  0.101220
0.101911  0.100046  0.101800
0.101911  0.100046  0.101800
0.101911  0.100046  0.101800
0.101911  0.100046  0.101800
0.101936  0.100000  0.102008
0.101964  0.100000  0.102222
0.101964  0.100000  0.102222
0.101964  0.100000  0.102222
0.101989  0.100000  0.102424
0.102013  0.100000  0.102625
0.102039  0.100000  0.102833
0.102064  0.100000  0.103034
0.102089  0.100000  0.103235
0.102089  0.100000  0.103235
0.102114  0.100000  0.103441
0.102139  0.100000  0.103640
0.102139  0.100000  0.103640
0.102164  0.100000  0.103840
0.102190  0.100000  0.104049
0.102215  0.100000  0.104249
0.102239  0.100000  0.104449
0.102239  0.100000  0.104449
0.102239  0.100000  0.104449
0.102239  0.100000  0.104449
0.102239  0.100000  0.104449
0.102239  0.100000  0.104449
0.102239  0.100000  0.104449
0.102262  0.100000  0.104669
0.102262  0.100000  0.104669
0.102284  0.100000  0.104892
0.102284  0.100000  0.104892
0.102292  0.100000  0.104988
0.102292  0.100000  0.104988
0.102292  0.100000  0.104988
0.102292  0.100000  0.104988
0.102294  0.100000  0.105006
0.102294  0.100000  0.105006
0.102294  0.100000  0.105006
0.102294  0.100000  0.105006
0.102330  0.100000  0.105331
0.102352  0.100000  0.105593
0.102352  0.100000  0.105593
0.102373  0.100000  0.105851
0.102373  0.100000  0.105851
0.102373  0.100000  0.105851
0.102380  0.100000  0.105908
0.102380  0.100000  0.105908
0.102380  0.100000  0.105908
0.102387  0.100000  0.105981
0.102393  0.100000  0.106050
0.102393  0.100000  0.106050
0.102393  0.100000  0.106050
0.102393  0.100000  0.106050
0.102393  0.100000  0.106050
0.102393  0.100000  0.106050
0.102393  0.100000  0.106050
0.102393  0.100000  0.106050
0.102393  0.100000  0.106050
0.102393  0.100000  0.106050
0.102393  0.100000  0.106050
0.102393  0.100000  0.106050
0.102393  0.100000  0.106050
0.102438  0.100000  0.106625
0.102491  0.100000  0.107149
0.102539  0.100000  0.107647
0.102539  0.100000  0.107647
0.102566  0.100000  0.107937
0.102566  0.100000  0.107937
0.102566  0.100000  0.107937
0.102594  0.100000  0.108228
0.102594  0.100000  0.108228
0.102669  0.100000  0.108908
0.102669  0.100000  0.108908
0.102669  0.100000  0.108908
0.102697  0.100000  0.109282
0.102704  0.100000  0.109345
0.102712  0.100000  0.109412
0.102712  0.100000  0.109412
0.102738  0.100000  0.109684
0.102763  0.100000  0.109936
0.102763  0.100000  0.109936
0.102763  0.100000  0.109936
0.102818  0.100000  0.110381
0.102865  0.100000  0.110876
0.102912  0.100000  0.111434
0.102912  0.100000  0.111434
0.102912  0.100000  0.111434
0.102932  0.100000  0.111690
0.102932  0.100000  0.111690
0.102951  0.100000  0.111941
0.102971  0.100000  0.112213
0.102971  0.100000  0.112213
0.102987  0.100000  0.112413
0.102987  0.100000  0.112413
0.102999  0.100000  0.112571
0.103010  0.100000  0.112722
0.103010  0.100000  0.112722
0.103010  0.100000  0.112722
0.103020  0.100000  0.112867
0.103031  0.100000  0.113016
0.103041  0.100000  0.113155
0.103041  0.100000  0.113155
0.103041  0.100000  0.113155
0.103041  0.100000  0.113155
0.103041  0.100000  0.113155
0.103041  0.100000  0.113155
0.103041  0.100000  0.113155
0.103041  0.100000  0.113155
0.103041  0.100000  0.113155
0.103041  0.100000  0.113155
0.103041  0.100000  0.113155
0.103041  0.100000  0.113155
0.103041  0.100000  0.113155
0.103041  0.100000  0.113155
0.103041  0.100000  0.113155
0.103041  0.100000  0.113155
0.103041  0.100000  0.113155
0.103041  0.100000  0.113155
0.103041  0.100000  0.113155
0.103041  0.100000  0.113155
0.103041  0.100000  0.113155
0.103041  0.100000  0.113155
0.103041  0.100000  0.113155
0.103041  0.100000  0.113155
0.103041  0.100000  0.113155
0.103041  0.100000  0.113155
0.103053  0.100000  0.113920
0.103053  0.100000  0.113920
0.103206  0.100888  0.112879
0.103206  0.100888  0.112879
0.103325  0.101454  0.112194
0.103325  0.101454  0.112194
0.103398  0.102026  0.111549
0.103398  0.102026  0.111549
0.103404  0.101555  0.112014
0.103404  0.101555  0.112014
0.103404  0.101555  0.112014
0.103409  0.101326  0.112237
0.103415  0.101096  0.112462
0.103420  0.100863  0.112690
0.103422  0.100398  0.113152
0.103422  0.100398  0.113152
0.103423  0.100000  0.113712
0.103437  0.100559  0.113140
0.103440  0.100146  0.113549
0.103443  0.100000  0.113993
0.103505  0.100407  0.113525
0.103557  0.100768  0.113111
0.103631  0.101168  0.112638
0.103691  0.101527  0.112218
0.103691  0.101527  0.112218
0.103715  0.100707  0.113014
0.103715  0.100707  0.113014
0.103715  0.100707  0.113014
0.103724  0.100273  0.113440
0.103724  0.100273  0.113440
0.103724  0.100273  0.113440
0.103727  0.100160  0.113550
0.103730  0.100055  0.113652
0.103730  0.100055  0.113652
0.103732  0.100000  0.113945
0.103732  0.100000  0.113966
0.103733  0.100000  0.113993
0.103734  0.100000  0.114024
0.103734  0.100000  0.114024
0.103734  0.100000  0.114024
0.103736  0.100000  0.114082
0.103738  0.100000  0.114154
0.103738  0.100000  0.114154
0.103738  0.100000  0.114154
0.103738  0.100000  0.114154
0.103738  0.100000  0.114154
0.103738  0.100000  0.114154
0.103738  0.100000  0.114154
0.103743  0.100000  0.114285
0.103743  0.100000  0.114285
0.103743  0.100000  0.114285
0.103752  0.100000  0.114388
0.103762  0.100000  0.114510
0.103762  0.100000  0.114510
0.103771  0.100000  0.114632
0.103771  0.100000  0.114632
0.103775  0.100000  0.114724
0.103777  0.100000  0.114812
0.103779  0.100000  0.115091
0.103779  0.100000  0.115091
0.103782  0.100000  0.115349
0.103782  0.100000  0.115364
0.103782  0.100000  0.115364
0.103782  0.100000  0.115383
0.103782  0.100000  0.115383
0.103782  0.100000  0.115383
0.103782  0.100000  0.115383
0.103782  0.100000  0.115404
0.103782  0.100000  0.115404
0.103783  0.100000  0.115424
0.103783  0.100000  0.115424
0.103783  0.100000  0.115424
0.103783  0.100000  0.115424
0.103783  0.100000  0.115463
0.103783  0.100000  0.115463
0.103783  0.100000  0.115463
0.103783  0.100000  0.115463
0.103783  0.100000  0.115463
0.103783  0.100000  0.115463
0.103786  0.100000  0.115566
0.103786  0.100000  0.115566
0.103789  0.100000  0.115678
0.103791  0.100000  0.116019
0.103816  0.100349  0.115646
0.103816  0.100349  0.115646
0.103917  0.100666  0.115226
0.104021  0.101009  0.114780
0.104025  0.100769  0.115017
0.104025  0.100769  0.115017
0.104028  0.100525  0.115257
0.104032  0.100263  0.115516
0.104032  0.100263  0.115516
0.104032  0.100263  0.115516
0.104160  0.100451  0.115199
0.104295  0.100636  0.114880
0.104430  0.100821  0.114560
0.104558  0.101002  0.114249
0.104689  0.101190  0.113931
0.104689  0.101190  0.113931
0.104689  0.101190  0.113931
0.104689  0.101190  0.113931
0.104689  0.101190  0.113931
0.104689  0.101190  0.113931
0.104871  0.101423  0.113516
0.104871  0.101423  0.113516
0.104875  0.101242  0.113693
0.104875  0.101242  0.113693
0.104879  0.101052  0.113880
0.104879  0.101052  0.113880
0.104879  0.101052  0.113880
0.104879  0.101052  0.113880
0.104879  0.101041  0.113890
0.104879  0.101041  0.113890
0.104880  0.100514  0.114416
0.104880  0.100514  0.114416
0.104884  0.100000  0.114951
0.104884  0.100000  0.114951
0.104884  0.100000  0.114951
0.104889  0.100000  0.115142
0.104893  0.100000  0.115306
0.104898  0.100000  0.115479
0.104903  0.100000  0.115657
0.104919  0.100000  0.116096
0.104920  0.100460  0.115635
0.104921  0.100042  0.116052
0.104921  0.100042  0.116052
0.104929  0.100000  0.116345
0.104938  0.100000  0.116670
0.104946  0.100000  0.116959
0.104946  0.100000  0.116959
0.104946  0.100000  0.116959
0.104946  0.100000  0.116959
0.104946  0.100000  0.116959
0.104946  0.100000  0.116959
0.104946  0.100000  0.116959
0.104946  0.100000  0.116959
0.104946  0.100000  0.116959
0.104946  0.100000  0.116959
0.104946  0.100000  0.116959
0.104991  0.100000  0.117502
0.105031  0.100000  0.117995
0.105071  0.100000  0.118473
0.105071  0.100000  0.118473
0.105076  0.100000  0.118606
0.105076  0.100000  0.118606
0.105076  0.100000  0.118606
0.105076  0.100000  0.118606
0.105084  0.100000  0.118796
0.105084  0.100000  0.118796
0.105084  0.100000  0.118796
0.105084  0.100000  0.118796
0.105084  0.100000  0.118796
0.105084  0.100000  0.118796
0.105084  0.100000  0.118796
0.105084  0.100000  0.118796
0.105084  0.100000  0.118796
0.105084  0.100000  0.118796
0.105084  0.100000  0.118796
0.105084  0.100000  0.118796
0.105084  0.100000  0.118796
0.105087  0.100000  0.119072
0.105087  0.100000  0.119072
0.105087  0.100000  0.119072
0.105087  0.100000  0.119072
0.105087  0.100000  0.119072
0.105088  0.100000  0.119239
0.105089  0.100000  0.119454
0.105090  0.100000  0.119640
0.105090  0.100000  0.119640
0.105090  0.100000  0.119640
0.105090  0.100000  0.119640
0.105090  0.100000  0.119640
0.105104  0.100000  0.120000
0.105104  0.100000  0.120000
0.105104  0.100000  0.120000
0.105107  0.100000  0.120050
0.105110  0.100000  0.120114
0.105110  0.100000  0.120114
0.105110  0.100000  0.120114
0.105110  0.100000  0.120114
0.105110  0.100000  0.120114
0.105110  0.100000  0.120114
0.105110  0.100000  0.120114
0.105114  0.100000  0.120218
0.105117  0.100000  0.120313
0.105117  0.100000  0.120313
0.105121  0.100000  0.120416
0.105125  0.100000  0.120522
0.105129  0.100000  0.120635
0.105132  0.100000  0.120730
0.105136  0.100000  0.120843
0.105136  0.100000  0.120843
0.105136  0.100000  0.120843
0.105136  0.100000  0.120843
0.105136  0.100000  0.120843
0.105136  0.100000  0.120843
0.105136  0.100000  0.120843
0.105136  0.100000  0.120843
0.105136  0.100000  0.120843
0.105136  0.100000  0.120843
0.105136  0.100000  0.120843
0.105137  0.100000  0.120864
0.105137  0.100000  0.120864
0.105137  0.100000  0.120864
0.105137  0.100000  0.120864
0.105137  0.100000  0.120864
0.105137  0.100000  0.120864
0.105137  0.100000  0.120864
0.105137  0.100000  0.120864
0.105137  0.100000  0.120864
0.105137  0.100000  0.121431
0.105137  0.100000  0.121431
0.105139  0.100000  0.121499
0.105140  0.100000  0.121521
0.105140  0.100000  0.121521
0.105140  0.100000  0.121521
0.105140  0.100000  0.121521
0.105140  0.100000  0.121521
0.105140  0.100000  0.121521
0.105140  0.100000  0.121521
0.105140  0.100000  0.121521
0.105140  0.100000  0.121521
0.105140  0.100000  0.121521
0.105140  0.100000  0.121521
0.105140  0.100000  0.121521
0.105140  0.100000  0.121521
0.105140  0.100000  0.121521
0.105140  0.100000  0.121521
0.105140  0.100000  0.121521
0.105140  0.100000  0.121532
0.105140  0.100000  0.121546
0.105140  0.100000  0.121546
0.105140  0.100000  0.121546
0.105140  0.100000  0.121546
0.105140  0.100000  0.121546
0.105141  0.100000  0.121585
0.105141  0.100000  0.121585
0.105141  0.100000  0.121585
0.105141  0.100000  0.121585
0.105141  0.100000  0.121585
0.105141  0.100000  0.121585
0.105148  0.100496  0.121082
0.105209  0.100000  0.121564
0.105220  0.100342  0.121210
0.105373  0.100060  0.121340
0.105380  0.100323  0.121069
0.105491  0.100125  0.121157
0.105491  0.100130  0.121151
0.105491  0.100130  0.121151
0.105491  0.100140  0.121141
0.105609  0.100149  0.121014
0.105721  0.100218  0.120833
0.105721  0.100218  0.120833
0.105721  0.100218  0.120833
0.105835  0.100290  0.120647
0.105835  0.100290  0.120647
0.105841  0.100595  0.120337
0.106023  0.100287  0.120462
0.106030  0.100595  0.120148
0.106210  0.100281  0.120281
0.106456  0.100197  0.120120
0.106681  0.100134  0.119957
0.106683  0.100195  0.119894
0.106685  0.100256  0.119831
0.106914  0.100192  0.119666
0.106916  0.100255  0.119601
0.107151  0.100187  0.119434
0.107591  0.100466  0.118715
0.107981  0.100709  0.118083
0.108360  0.100997  0.117415
0.108360  0.100997  0.117415
0.108360  0.100997  0.117415
0.108360  0.100997  0.117415
0.108362  0.101120  0.117289
0.108399  0.100912  0.117460
0.108401  0.101107  0.117264
0.108477  0.100908  0.117388
0.108478  0.101110  0.117185
0.108512  0.100905  0.117355
0.108514  0.101099  0.117160
0.108515  0.101294  0.116963
0.108570  0.101094  0.117109
0.108591  0.101629  0.116553
0.108611  0.102209  0.115953
0.108632  0.102746  0.115395
0.108640  0.102952  0.115180
0.108650  0.103156  0.114966
0.108936  0.102934  0.114902
0.108944  0.103057  0.114772
0.109309  0.102928  0.114536
0.109673  0.102798  0.114302
0.110034  0.102669  0.114069
0.110394  0.102541  0.113838
0.110751  0.102413  0.113608
0.111106  0.102288  0.113379
0.111112  0.102404  0.113256
0.111462  0.102280  0.113030
0.111810  0.102156  0.112806
0.112037  0.101662  0.113074
0.112044  0.102010  0.112718
0.112049  0.102384  0.112339
0.112175  0.102025  0.112573
0.112273  0.101645  0.112854
0.112384  0.101281  0.113107
0.112384  0.101281  0.113107
0.112384  0.101281  0.113107
0.112384  0.101281  0.113107
0.112386  0.100544  0.113842
0.112388  0.100000  0.114571
0.112388  0.100000  0.114571
0.112388  0.100000  0.114571
0.112388  0.100000  0.114571
0.112388  0.101421  0.113149
0.112388  0.101421  0.113149
0.112388  0.101421  0.113149
0.112811  0.100845  0.113302
0.112831  0.101244  0.112883
0.113146  0.100788  0.113024
0.113478  0.100801  0.112679
0.113478  0.100801  0.112679
0.113479  0.100821  0.112659
0.113582  0.100827  0.112550
0.113662  0.100834  0.112462
0.113662  0.100834  0.112462
0.113662  0.100834  0.112462
0.113691  0.101026  0.112241
0.113739  0.101195  0.112025
0.113739  0.101195  0.112025
0.114007  0.101194  0.111758
0.114285  0.101122  0.111552
0.114569  0.101131  0.111259
0.114855  0.100940  0.111163
0.115134  0.100761  0.111064
0.115141  0.100940  0.110878
0.115490  0.101188  0.110280
0.115490  0.101188  0.110280
0.115751  0.101358  0.109850
0.115751  0.101358  0.109850
0.115759  0.101664  0.109536
0.115863  0.101470  0.109626
0.115866  0.101665  0.109428
0.115866  0.101665  0.109428
0.115866  0.101665  0.109428
0.115866  0.101665  0.109428
0.115866  0.101665  0.109428
0.115866  0.101665  0.109428
0.115866  0.101665  0.109428
0.115866  0.101665  0.109428
0.115866  0.101665  0.109428
0.115866  0.101665  0.109428
0.116131  0.103684  0.107143
0.116131  0.103684  0.107143
0.116341  0.105025  0.105592
0.116474  0.106295  0.104189
0.116474  0.106295  0.104189
0.116602  0.107687  0.102669
0.116727  0.108956  0.101275
0.116851  0.110358  0.100000
0.116972  0.111615  0.100000
0.116972  0.111615  0.100000
0.116972  0.111615  0.100000
0.116972  0.111615  0.100000
0.116972  0.111615  0.100000
0.116980  0.111471  0.100136
0.116980  0.111471  0.100136
0.116988  0.111327  0.100272
0.116996  0.111198  0.100394
0.116996  0.111198  0.100394
0.116996  0.111198  0.100394
0.116996  0.111198  0.100394
0.116996  0.111198  0.100394
0.116996  0.111198  0.100394
0.116996  0.111198  0.100394
0.116996  0.111198  0.100394
0.116999  0.111149  0.100439
0.117002  0.111101  0.100485
0.117002  0.111101  0.100485
0.117002  0.111101  0.100485
0.117002  0.111101  0.100485
0.117005  0.111045  0.100537
0.117074  0.113735  0.100000
0.117440  0.116182  0.100000
0.117845  0.118938  0.100000
0.118229  0.121539  0.100000
0.118610  0.124123  0.100000
0.118993  0.126734  0.100000
0.119375  0.129347  0.100000
0.119375  0.129347  0.100000
0.119768  0.132061  0.100000
0.119768  0.132061  0.100000
0.119768  0.132061  0.100000
0.119768  0.132061  0.100000
0.119768  0.132061  0.100000
0.119768  0.132061  0.100000
0.119768  0.132061  0.100000
0.119769  0.132026  0.100034
0.119769  0.132026  0.100034
0.119772  0.131852  0.100205
0.119772  0.131852  0.100205
0.119772  0.131852  0.100205
0.119772  0.131852  0.100205
0.119772  0.131852  0.100205
0.119803  0.132370  0.100000
0.119831  0.132837  0.100000
0.120218  0.132282  0.100168
0.120246  0.132755  0.100000
0.120274  0.133232  0.100000
0.120276  0.133245  0.100000
0.120278  0.133202  0.100041
0.120278  0.133202  0.100041
0.120278  0.133202  0.100041
0.120278  0.133202  0.100041
0.120278  0.133202  0.100041
0.120278  0.133202  0.100041
0.120278  0.133202  0.100041
0.120278  0.133202  0.100041
0.120278  0.133202  0.100041
0.120278  0.133202  0.100041
0.120278  0.133202  0.100041
0.120278  0.133202  0.100041
0.120278  0.133202  0.100041
0.120278  0.133202  0.100041
0.120278  0.133202  0.100041
0.120278  0.133202  0.100041
0.120278  0.133202  0.100041
0.120278  0.133202  0.100041
0.120278  0.133202  0.100041
0.120278  0.133202  0.100041
0.120278  0.133202  0.100041
0.120278  0.133202  0.100041
0.120278  0.133202  0.100041
0.120278  0.133202  0.100041
0.120293  0.132778  0.100450
0.120317  0.132283  0.100922
0.120329  0.131932  0.101261
0.120340  0.131601  0.101580
0.120377  0.132506  0.100638
0.120421  0.133294  0.100000
0.120505  0.134018  0.100000
0.120581  0.134668  0.100000
0.120581  0.134668  0.100000
0.120657  0.135321  0.100000
0.120657  0.135321  0.100000
0.120738  0.136041  0.100000
0.120811  0.136686  0.100000
0.120811  0.136686  0.100000
0.120811  0.136686  0.100000
0.120834  0.136293  0.100370
0.120859  0.135859  0.100779
0.120883  0.135463  0.101153
0.120908  0.135031  0.101559
0.120908  0.135031  0.101559
0.120908  0.135031  0.101559
0.120908  0.135031  0.101559
0.120908  0.135031  0.101559
0.120908  0.135031  0.101559
0.120908  0.135031  0.101559
0.120908  0.135031  0.101559
0.120929  0.134823  0.101745
0.120966  0.134234  0.102298
0.120966  0.134234  0.102298
0.120966  0.134234  0.102298
0.120966  0.134234  0.102298
0.120966  0.134234  0.102298
0.120966  0.134234  0.102298
0.120966  0.134234  0.102298
0.120966  0.134234  0.102298
0.120976  0.133953  0.102569
0.120976  0.133953  0.102569
0.120976  0.133953  0.102569
0.120976  0.133953  0.102569
0.120976  0.133953  0.102569
0.120990  0.133584  0.102924
0.121004  0.133180  0.103314
0.121004  0.133180  0.103314
0.121004  0.133180  0.103314
0.121023  0.132793  0.103682
0.121023  0.132793  0.103682
0.121023  0.132793  0.103682
0.121023  0.132793  0.103682
0.121023  0.132793  0.103682
0.121023  0.132793  0.103682
0.121023  0.132793  0.103682
0.121023  0.132793  0.103682
0.121023  0.132793  0.103682
0.121023  0.132793  0.103682
0.121023  0.132793  0.103682
0.121023  0.132793  0.103682
0.121023  0.132793  0.103682
0.121027  0.132420  0.104051
0.121031  0.132056  0.104410
0.121031  0.132056  0.104410
0.121031  0.132056  0.104410
0.121046  0.131575  0.104877
0.121046  0.131575  0.104877
0.121046  0.131575  0.104877
0.121051  0.130672  0.105774
0.121101  0.131618  0.104779
0.121115  0.130544  0.105839
0.121128  0.129466  0.106904
0.121128  0.129466  0.106904
0.121128  0.129466  0.106904
0.121142  0.128340  0.108015
0.121142  0.128340  0.108015
0.121142  0.128340  0.108015
0.121142  0.128340  0.108015
0.121142  0.128340  0.108015
0.122379  0.126427  0.108692
0.122587  0.127686  0.107225
0.122772  0.128841  0.105884
0.123673  0.127376  0.106448
0.124141  0.128127  0.105230
0.124141  0.128127  0.105230
0.124141  0.128127  0.105230
0.124141  0.128127  0.105230
0.124550  0.128264  0.104683
0.124550  0.128264  0.104683
0.124550  0.128264  0.104683
0.124956  0.128415  0.104127
0.124956  0.128415  0.104127
0.124956  0.128415  0.104127
0.125279  0.128561  0.103657
0.125327  0.128330  0.103841
0.125327  0.128330  0.103841
0.125366  0.128032  0.104099
0.125400  0.127769  0.104329
0.125436  0.127481  0.104581
0.125436  0.127481  0.104581
0.125436  0.127481  0.104581
0.125436  0.127481  0.104581
0.125465  0.127164  0.104869
0.125465  0.127164  0.104869
0.125494  0.126835  0.105169
0.125520  0.126536  0.105442
0.125549  0.126206  0.105742
0.125549  0.126206  0.105742
0.125549  0.126206  0.105742
0.127489  0.125225  0.104784
0.128993  0.124300  0.104204
0.130496  0.123373  0.103629
0.131987  0.122456  0.103055
0.132217  0.123150  0.102130
0.133697  0.122243  0.101557
0.135319  0.121255  0.100924
0.136756  0.120376  0.100366
0.136756  0.120376  0.100366
0.136805  0.119787  0.100906
0.136805  0.119787  0.100906
0.136805  0.119787  0.100906
0.136805  0.119787  0.100906
0.136832  0.119463  0.101203
0.136832  0.119463  0.101203
0.136898  0.118884  0.101716
0.136963  0.118287  0.102248
0.136963  0.118287  0.102248
0.136963  0.118287  0.102248
0.136963  0.118287  0.102248
0.137201  0.116976  0.103321
0.137421  0.115686  0.104390
0.137421  0.115686  0.104390
0.137421  0.115686  0.104390
0.137421  0.115686  0.104390
0.137636  0.114398  0.105464
0.137717  0.113788  0.105992
0.137717  0.113788  0.105992
0.137717  0.113788  0.105992
0.137802  0.113136  0.106560
0.137877  0.112555  0.107065
0.137959  0.111915  0.107623
0.137959  0.111915  0.107623
0.138716  0.109907  0.108875
0.139549  0.107691  0.110258
0.139549  0.107691  0.110258
0.139549  0.107691  0.110258
0.139549  0.107691  0.110258
0.139549  0.107691  0.110258
0.139834  0.106203  0.111460
0.139834  0.106203  0.111460
0.140152  0.104589  0.112757
0.140438  0.103135  0.113925
0.140438  0.103135  0.113925
0.140438  0.103135  0.113925
0.140438  0.103135  0.113925
0.140750  0.101531  0.115217
0.140750  0.101531  0.115217
0.140927  0.100822  0.115749
0.140938  0.100069  0.116491
0.140948  0.100000  0.117176
0.140959  0.100000  0.117932
0.140968  0.100000  0.118624
0.140979  0.100000  0.119384
0.140979  0.100000  0.119384
0.141261  0.100000  0.120090
0.141825  0.100000  0.121035
0.141825  0.100000  0.121035
0.141825  0.100000  0.121035
0.141825  0.100000  0.121035
0.141825  0.100000  0.121035
0.141825  0.100000  0.121035
0.141825  0.100000  0.121035
0.142034  0.100000  0.122004
0.142034  0.100000  0.122004
0.142034  0.100000  0.122004
0.142034  0.100000  0.122004
0.142034  0.100000  0.122004
0.142034  0.100000  0.122004
0.142034  0.100000  0.122004
0.142357  0.100000  0.123737
0.142648  0.100000  0.125306
0.142648  0.100000  0.125306
0.142648  0.100000  0.125306
0.142648  0.100000  0.125306
0.142648  0.100000  0.125306
0.142986  0.100000  0.126889
0.143303  0.100000  0.128525
0.143303  0.100000  0.128525
0.143303  0.100000  0.128525
0.143303  0.100000  0.128525
0.143506  0.100000  0.129435
0.143690  0.100000  0.130258
0.143893  0.100000  0.131163
0.143893  0.100000  0.131163
0.143893  0.100000  0.131163
0.143893  0.100000  0.131163
0.143893  0.100000  0.131163
0.143893  0.100000  0.131163
0.143893  0.100000  0.131163
0.143893  0.100000  0.131163
0.143956  0.100000  0.131761
0.144049  0.100000  0.132497
0.144111  0.100000  0.133246
0.144111  0.100000  0.133246
0.144184  0.100000  0.134318
0.144230  0.100000  0.135278
0.144230  0.100000  0.135278
0.144230  0.100000  0.135278
0.144230  0.100000  0.135278
0.144274  0.100000  0.136539
0.144274  0.100000  0.136539
0.144321  0.100000  0.137196
0.144321  0.100000  0.137196
0.144375  0.100000  0.137877
0.144375  0.100000  0.137877
0.144408  0.100000  0.138704
0.144408  0.100000  0.138704
0.144408  0.100000  0.138704
0.144435  0.100000  0.139445
0.144435  0.100000  0.139445
0.144435  0.100000  0.139445
0.144435  0.100000  0.139445
0.144435  0.100000  0.139445
0.144435  0.100000  0.139445
0.144435  0.100000  0.139445
0.144436  0.100000  0.139718
0.144441  0.100000  0.140083
0.144441  0.100000  0.140083
0.144446  0.100000  0.140466
0.144446  0.100000  0.140466
0.144446  0.100000  0.140466
0.144446  0.100000  0.140466
0.144446  0.100000  0.140466
0.144446  0.100000  0.140466
0.144447  0.100000  0.140562
0.144448  0.100000  0.140718
0.144450  0.100000  0.140894
0.144453  0.100000  0.141053
0.144455  0.100000  0.141236
0.144455  0.100000  0.141236
0.144455  0.100000  0.141236
0.144455  0.100000  0.141236
0.144455  0.100000  0.141236
0.144455  0.100000  0.141236
0.144455  0.100000  0.141236
0.144455  0.100000  0.141236
0.144455  0.100000  0.141236
0.144455  0.100000  0.141236
0.144455  0.100000  0.141236
0.144455  0.100000  0.141236
0.144455  0.100000  0.141236
0.144455  0.100000  0.141236
0.144455  0.100000  0.141236
0.144662  0.100854  0.140176
0.144844  0.101609  0.139238
0.144887  0.102248  0.138556
0.144887  0.102248  0.138556
0.144907  0.102835  0.137949
0.144907  0.102835  0.137949
0.144907  0.102835  0.137949
0.144907  0.102835  0.137949
0.144907  0.102835  0.137949
0.144907  0.102835  0.137949
0.144917  0.102572  0.138202
0.144917  0.102572  0.138202
0.144917  0.102572  0.138202
0.144917  0.102572  0.138202
0.144917  0.102572  0.138202
0.144917  0.102572  0.138202
0.144917  0.102572  0.138202
0.144917  0.102572  0.138202
0.144917  0.102572  0.138202
0.144917  0.102572  0.138202
0.144917  0.102572  0.138202
0.144917  0.102572  0.138202
0.144917  0.102572  0.138202
0.144917  0.102572  0.138202
0.144929  0.102143  0.138619
0.144929  0.102143  0.138619
0.144942  0.101738  0.139011
0.144942  0.101738  0.139011
0.144942  0.101738  0.139011
0.144946  0.101621  0.139123
0.144951  0.101507  0.139234
0.144951  0.101507  0.139234
0.144951  0.101507  0.139234
0.144951  0.101507  0.139234
0.144951  0.101507  0.139234
0.144951  0.101507  0.139234
0.144951  0.101507  0.139234
0.144951  0.101507  0.139234
0.144951  0.101507  0.139234
0.144951  0.101507  0.139234
0.144951  0.101507  0.139234
0.144951  0.101507  0.139234
0.144951  0.101507  0.139234
0.144951  0.101507  0.139234
0.144951  0.101507  0.139234
0.144957  0.101457  0.139277
0.144963  0.101398  0.139330
0.144973  0.101304  0.139414
0.144986  0.101192  0.139513
0.144998  0.101089  0.139605
0.144998  0.101089  0.139605
0.144998  0.101089  0.139605
0.145004  0.101031  0.139655
0.145004  0.101031  0.139655
0.145013  0.100959  0.139719
0.145013  0.100959  0.139719
0.145082  0.100340  0.140269
0.145137  0.100000  0.140677
0.145137  0.100000  0.140677
0.145182  0.100000  0.141027
0.145182  0.100000  0.141027
0.145182  0.100000  0.141027
0.145182  0.100000  0.141027
0.145182  0.100000  0.141027
0.145182  0.100000  0.141027
0.145182  0.100000  0.141027
0.145182  0.100000  0.141027
0.145186  0.100000  0.141117
0.145186  0.100000  0.141117
0.145193  0.100000  0.141367
0.145193  0.100000  0.141367
0.145200  0.100000  0.141770
0.145200  0.100000  0.141770
0.145200  0.100000  0.141770
0.145200  0.100000  0.141770
0.145200  0.100000  0.141770
0.145219  0.100000  0.142161
0.145219  0.100000  0.142161
0.145219  0.100000  0.142161
0.145219  0.100000  0.142161
0.145219  0.100000  0.142161
0.145219  0.100000  0.142161
0.145219  0.100000  0.142161
0.145219  0.100000  0.142161
0.145219  0.100000  0.142161
0.145219  0.100000  0.142161
0.145219  0.100000  0.142161
0.145219  0.100000  0.142161
0.145219  0.100000  0.142161
0.145222  0.100000  0.142187
0.145234  0.100000  0.142282
0.145234  0.100000  0.142282
0.145234  0.100000  0.142282
0.145267  0.100000  0.142584
0.145267  0.100000  0.142584
0.145305  0.100000  0.142995
0.145341  0.100000  0.143367
0.145375  0.100000  0.143805
0.145375  0.100000  0.143805
0.145408  0.100000  0.144314
0.145438  0.100000  0.144774
0.145488  0.100000  0.145313
0.145538  0.100000  0.145836
0.145538  0.100000  0.145836
0.145538  0.100000  0.145836
0.145567  0.100000  0.146096
0.145567  0.100000  0.146096
0.145567  0.100000  0.146096
0.145567  0.100000  0.146096
0.145567  0.100000  0.146096
0.145575  0.100000  0.146165
0.145583  0.100000  0.146226
0.145591  0.100000  0.146296
0.145679  0.100853  0.145354
0.145679  0.100853  0.145354
0.145679  0.100853  0.145354
0.145679  0.100853  0.145354
0.145679  0.100853  0.145354
0.145679  0.100853  0.145354
0.145703  0.100503  0.145681
0.145703  0.100503  0.145681
0.145723  0.100150  0.146014
0.145723  0.100150  0.146014
0.145723  0.100150  0.146014
0.145734  0.100000  0.146208
0.145734  0.100000  0.146208
0.145734  0.100000  0.146208
0.145750  0.100000  0.146449
0.145750  0.100000  0.146449
0.145750  0.100000  0.146449
0.145750  0.100000  0.146449
0.145750  0.100000  0.146449
0.145761  0.100000  0.146663
0.145772  0.100000  0.146872
0.145772  0.100000  0.146872
0.145772  0.100000  0.146872
0.145776  0.100000  0.146946
0.145776  0.100000  0.146946
0.145776  0.100000  0.146953
0.145776  0.100000  0.146953
0.145776  0.100000  0.146953
0.145776  0.100000  0.146953
0.145776  0.100000  0.146953
0.145781  0.100000  0.147076
0.145786  0.100000  0.147157
0.145791  0.100000  0.147231
0.145791  0.100000  0.147231
0.145800  0.100000  0.147421
0.145800  0.100000  0.147421
0.145809  0.100000  0.147623
0.145816  0.100000  0.147801
0.145816  0.100000  0.147801
0.145816  0.100000  0.147801
0.145816  0.100000  0.147801
0.145823  0.100000  0.147887
0.145823  0.100000  0.147887
0.145823  0.100000  0.147887
0.145823  0.100000  0.147887
0.145823  0.100000  0.147887
0.145823  0.100000  0.147887
0.145826  0.100000  0.147952
0.145829  0.100000  0.147998
0.145829  0.100000  0.147998
0.145829  0.100000  0.147998
0.145829  0.100000  0.147998
0.145829  0.100000  0.147998
0.145833  0.100000  0.148185
0.145833  0.100000  0.148185
0.145839  0.100000  0.148315
0.145839  0.100000  0.148315
0.145842  0.100000  0.148429
0.145842  0.100000  0.148429
0.145846  0.100000  0.148546
0.145849  0.100000  0.148644
0.145849  0.100000  0.148644
0.145849  0.100000  0.148644
0.145849  0.100000  0.148644
0.145849  0.100000  0.148644
0.145849  0.100000  0.148644
0.145849  0.100000  0.148644
0.145851  0.100000  0.148688
0.145851  0.100000  0.148688
0.145851  0.100000  0.148688
0.145855  0.100000  0.148796
0.145856  0.100000  0.148855
0.145858  0.100000  0.148909
0.145864  0.100000  0.149133
0.145864  0.100000  0.149133
0.145864  0.100000  0.149133
0.145864  0.100000  0.149133
0.145864  0.100000  0.149133
0.145874  0.100000  0.149337
0.145874  0.100000  0.149337
0.145874  0.100000  0.149337
0.145877  0.100000  0.149458
0.145877  0.100000  0.149458
0.145877  0.100000  0.149458
0.145877  0.100000  0.149458
0.145877  0.100000  0.149458
0.145877  0.100000  0.149458
0.145877  0.100000  0.149458
0.145877  0.100000  0.149458
0.145877  0.100000  0.149476
0.145878  0.100000  0.149503
0.145878  0.100000  0.149503
0.145878  0.100000  0.149503
0.145884  0.100000  0.149626
0.145884  0.100000  0.149626
0.145888  0.100000  0.149809
0.145895  0.100000  0.149991
0.145902  0.100000  0.150172
0.145902  0.100000  0.150172
0.145907  0.100000  0.150251
0.145907  0.100000  0.150251
0.145907  0.100000  0.150251
0.145910  0.100000  0.150306
0.145910  0.100000  0.150306
0.145910  0.100000  0.150306
0.145910  0.100000  0.150306
0.145910  0.100000  0.150306
0.145910  0.100000  0.150306
0.145910  0.100000  0.150306
0.145910  0.100000  0.150306
0.145910  0.100000  0.150306
0.145910  0.100000  0.150306
0.145910  0.100000  0.150306
0.145910  0.100000  0.150306
0.145910  0.100000  0.150306
0.145914  0.100000  0.150438
0.145918  0.100000  0.150559
0.145918  0.100000  0.150559
0.145918  0.100000  0.150559
0.145918  0.100000  0.150559
0.145918  0.100000  0.150559
0.145918  0.100000  0.150559
0.145918  0.100000  0.150559
0.145918  0.100000  0.150559
0.145918  0.100000  0.150559
0.145921  0.100000  0.150594
0.145921  0.100000  0.150594
0.145923  0.100000  0.150624
0.145923  0.100000  0.150624
0.145928  0.100000  0.150695
0.145928  0.100000  0.150695
0.145928  0.100000  0.150695
0.145932  0.100000  0.150762
0.145932  0.100000  0.150762
0.145932  0.100000  0.150762
0.145932  0.100000  0.150762
0.145932  0.100000  0.150762
0.145932  0.100000  0.150762
0.145932  0.100000  0.150762
0.145935  0.100000  0.150806
0.145938  0.100000  0.150854
0.145938  0.100000  0.150854
0.145943  0.100000  0.150947
0.145943  0.100000  0.150947
0.145943  0.100000  0.150947
0.145943  0.100000  0.150947
0.145943  0.100000  0.150947
0.145947  0.100000  0.151054
0.145950  0.100000  0.151181
0.145954  0.100000  0.151300
0.145958  0.100000  0.151431
0.145958  0.100000  0.151431
0.145958  0.100000  0.151431
0.145958  0.100000  0.151431
0.145958  0.100000  0.151431
0.145958  0.100000  0.151431
0.145958  0.100000  0.151431
0.145958  0.100000  0.151431
0.145958  0.100000  0.151431
0.145963  0.100000  0.151513
0.145967  0.100000  0.151592
0.145976  0.100000  0.151694
0.145984  0.100000  0.151792
0.145984  0.100000  0.151792
0.145984  0.100000  0.151792
0.145994  0.100000  0.152128
0.146003  0.100000  0.152420
0.146003  0.100000  0.152420
0.146008  0.100000  0.152575
0.146009  0.100000  0.152690
0.146009  0.100000  0.152690
0.146009  0.100000  0.152690
0.146009  0.100000  0.152690
0.146009  0.100000  0.152690
0.146009  0.100000  0.152690
0.146009  0.100000  0.152690
0.146010  0.100000  0.152763
0.146010  0.100000  0.152763
0.146017  0.100000  0.152953
0.146024  0.100000  0.153139
0.146030  0.100000  0.153314
0.146041  0.100000  0.153521
0.146041  0.100000  0.153521
0.146041  0.100000  0.153521
0.146045  0.100000  0.153613
0.146053  0.100000  0.153800
0.146053  0.100000  0.153800
0.146056  0.100000  0.153871
0.146056  0.100000  0.153871
0.146057  0.100000  0.153877
0.146057  0.100000  0.153877
0.146057  0.100000  0.153877
0.146057  0.100000  0.153877
0.146057  0.100000  0.153877
0.146057  0.100000  0.153877
0.146058  0.100000  0.154018
0.146066  0.100000  0.154256
0.146073  0.100000  0.154481
0.146073  0.100000  0.154481
0.146073  0.100000  0.154481
0.146073  0.100000  0.154481
0.146073  0.100000  0.154481
0.146073  0.100000  0.154481
0.146074  0.100000  0.154554
0.146075  0.100000  0.154600
0.146076  0.100000  0.154669
0.146078  0.100000  0.154746
0.146080  0.100000  0.154847
0.146084  0.100000  0.155045
0.146084  0.100000  0.155045
0.146084  0.100000  0.155045
0.146084  0.100000  0.155045
0.146097  0.100000  0.155345
0.146108  0.100000  0.155577
0.146108  0.100000  0.155577
0.146108  0.100000  0.155577
0.146108  0.100000  0.155577
0.146108  0.100000  0.155577
0.146173  0.100307  0.155205
0.146173  0.100307  0.155205
0.146180  0.100120  0.155385
0.146180  0.100120  0.155385
0.146180  0.100110  0.155395
0.146180  0.100110  0.155395
0.146241  0.100034  0.155410
0.146304  0.100000  0.155416
0.146304  0.100000  0.155416
0.146304  0.100000  0.155416
0.146304  0.100000  0.155416
0.146309  0.100000  0.155629
0.146314  0.100000  0.155814
0.146314  0.100000  0.155814
0.146319  0.100000  0.155985
0.146319  0.100000  0.155985
0.146319  0.100000  0.155985
0.146319  0.100000  0.155985
0.146319  0.100000  0.155985
0.146320  0.100000  0.155991
0.146320  0.100000  0.155998
0.146321  0.100000  0.156018
0.146321  0.100000  0.156018
0.146321  0.100000  0.156018
0.146321  0.100000  0.156018
0.146321  0.100000  0.156018
0.146321  0.100000  0.156037
0.146321  0.100000  0.156037
0.146321  0.100000  0.156037
0.146321  0.100000  0.156037
0.146321  0.100000  0.156037
0.146321  0.100000  0.156037
0.146321  0.100000  0.156037
0.146321  0.100000  0.156037
0.146321  0.100000  0.156037
0.146321  0.100000  0.156037
0.146321  0.100000  0.156037
0.146321  0.100000  0.156037
0.146321  0.100000  0.156037
0.146321  0.100000  0.156037
0.146321  0.100000  0.156037
0.146321  0.100000  0.156037
0.146321  0.100000  0.156037
0.146321  0.100000  0.156037
0.146321  0.100000  0.156037
0.146326  0.100000  0.156203
0.146326  0.100000  0.156203
0.146330  0.100000  0.156398
0.146335  0.100000  0.156583
0.146335  0.100000  0.156583
0.146335  0.100000  0.156884
0.146335  0.100000  0.157150
0.146336  0.100000  0.157428
0.146336  0.100000  0.157623
0.146338  0.100000  0.157787
0.146339  0.100000  0.157985
0.146339  0.100000  0.158193
0.146450  0.100215  0.157867
0.146450  0.100215  0.157867
0.146453  0.100007  0.158072
0.146453  0.100007  0.158072
0.146453  0.100007  0.158072
0.146455  0.100000  0.158201
0.146455  0.100000  0.158201
0.146455  0.100000  0.158201
0.146455  0.100000  0.158201
0.146455  0.100000  0.158201
0.146689  0.100046  0.157921
0.146689  0.100046  0.157921
0.146689  0.100046  0.157921
0.146938  0.100000  0.157736
0.147182  0.100026  0.157466
0.147182  0.100026  0.157466
0.147256  0.100096  0.157323
0.147256  0.100096  0.157323
0.147256  0.100096  0.157323
0.147256  0.100096  0.157323
0.147336  0.100293  0.157044
0.147336  0.100293  0.157044
0.147336  0.100293  0.157044
0.147336  0.100293  0.157044
0.147351  0.100425  0.156898
0.147351  0.100425  0.156898
0.147351  0.100425  0.156898
0.147351  0.100425  0.156898
0.147351  0.100425  0.156898
0.147351  0.100425  0.156898
0.147353  0.100385  0.156935
0.147353  0.100385  0.156935
0.147354  0.100353  0.156967
0.147354  0.100353  0.156967
0.147354  0.100353  0.156967
0.147354  0.100353  0.156967
0.147354  0.100353  0.156967
0.147354  0.100353  0.156967
0.147380  0.100343  0.156951
0.147380  0.100343  0.156951
0.147380  0.100343  0.156951
0.147380  0.100415  0.156879
0.147381  0.100489  0.156804
0.147382  0.100568  0.156724
0.147383  0.100646  0.156645
0.147383  0.100646  0.156645
0.147383  0.100646  0.156645
0.147383  0.100646  0.156645
0.147383  0.100646  0.156645
0.147383  0.100646  0.156645
0.147383  0.100646  0.156645
0.147383  0.100646  0.156645
0.147509  0.100682  0.156483
0.147509  0.100682  0.156483
0.147613  0.100598  0.156463
0.147615  0.100699  0.156359
0.147617  0.100794  0.156263
0.147741  0.100695  0.156238
0.147741  0.100695  0.156238
0.147744  0.100852  0.156078
0.147784  0.100777  0.156113
0.147784  0.100777  0.156113
0.147784  0.100831  0.156059
0.147836  0.100786  0.156052
0.147837  0.100835  0.156002
0.147837  0.100835  0.156002
0.148104  0.101113  0.155457
0.148104  0.101113  0.155457
0.148339  0.101278  0.155057
0.148553  0.101305  0.154817
0.148746  0.101354  0.154573
0.148935  0.101413  0.154326
0.148935  0.101413  0.154326
0.148935  0.101413  0.154326
0.149002  0.101373  0.154299
0.149002  0.101278  0.154394
0.149002  0.101278  0.154394
0.149040  0.101382  0.154253
0.149078  0.101486  0.154110
0.149078  0.101486  0.154110
0.149078  0.101486  0.154110
0.149078  0.101486  0.154110
0.149078  0.101486  0.154110
0.149078  0.101486  0.154110
0.149078  0.101486  0.154110
0.149078  0.101486  0.154110
0.149078  0.101486  0.154110
0.149078  0.101486  0.154110
0.149078  0.101486  0.154110
0.149078  0.101486  0.154110
0.149078  0.101486  0.154110
0.149078  0.101486  0.154110
0.149196  0.101598  0.153880
0.149397  0.101727  0.153549
0.149397  0.101727  0.153549
0.149472  0.101790  0.153412
0.149537  0.101860  0.153278
0.149599  0.101931  0.153144
0.149599  0.101931  0.153144
0.149647  0.101574  0.153453
0.149648  0.101893  0.153133
0.149648  0.101893  0.153133
0.149648  0.101893  0.153133
0.149648  0.101893  0.153133
0.149648  0.101893  0.153133
0.149648  0.101893  0.153133
0.149648  0.101893  0.153133
0.149648  0.101893  0.153133
0.149648  0.101893  0.153133
0.149648  0.101893  0.153133
0.149648  0.101893  0.153133
0.149649  0.101856  0.153170
0.149649  0.101856  0.153170
0.149649  0.101856  0.153170
0.149649  0.101856  0.153170
0.149649  0.101856  0.153170
0.149649  0.101856  0.153170
0.149649  0.101856  0.153170
0.149649  0.101856  0.153170
0.149649  0.101856  0.153170
0.149649  0.101856  0.153170
0.149649  0.101856  0.153170
0.149649  0.101856  0.153170
0.149649  0.101856  0.153170
0.149649  0.101856  0.153170
0.149649  0.101856  0.153170
0.149649  0.101856  0.153170
0.149649  0.101856  0.153170
0.149649  0.101856  0.153170
0.149649  0.101856  0.153170
0.149649  0.101856  0.153170
0.149649  0.101856  0.153170
0.149649  0.101856  0.153170
0.149649  0.101856  0.153170
0.149649  0.101856  0.153170
0.149649  0.101856  0.153170
0.149649  0.101856  0.153170
0.149898  0.102064  0.152711
0.149898  0.102064  0.152711
0.149898  0.102064  0.152711
0.149898  0.102064  0.152711
0.149898  0.102064  0.152711
0.149908  0.102204  0.152562
0.149914  0.102291  0.152468
0.150287  0.102273  0.152114
0.150659  0.102252  0.151763
0.150659  0.102252  0.151763
0.150822  0.102496  0.151356
0.150822  0.102496  0.151356
0.150823  0.102405  0.151446
0.150823  0.102405  0.151446
0.150852  0.102443  0.151379
0.150852  0.102443  0.151379
0.150996  0.102489  0.151189
0.150996  0.102489  0.151189
0.151067  0.102575  0.151032
0.151067  0.102575  0.151032
0.151069  0.102466  0.151139
0.151071  0.102340  0.151263
0.151071  0.102340  0.151263
0.151232  0.102506  0.150936
0.151232  0.102506  0.150936
0.151232  0.102506  0.150936
0.151233  0.102527  0.150914
0.151233  0.102550  0.150891
0.151370  0.102601  0.150703
0.151370  0.102601  0.150703
0.151495  0.102692  0.150486
0.151568  0.102778  0.150328
0.151568  0.102778  0.150328
0.151674  0.102855  0.150145
0.151674  0.102855  0.150145
0.151674  0.102783  0.150216
0.151674  0.102783  0.150216
0.151675  0.102712  0.150287
0.151675  0.102712  0.150287
0.151675  0.102712  0.150287
0.151675  0.102712  0.150287
0.151675  0.102712  0.150287
0.151675  0.102699  0.150300
0.151676  0.102661  0.150336
0.151678  0.102585  0.150411
0.151678  0.102585  0.150411
0.151678  0.102585  0.150411
0.151678  0.102585  0.150411
0.151681  0.102441  0.150552
0.151681  0.102441  0.150552
0.151681  0.102441  0.150552
0.151681  0.102441  0.150552
0.151681  0.102441  0.150552
0.151684  0.102344  0.150646
0.151684  0.102344  0.150646
0.151684  0.102344  0.150646
0.151684  0.102344  0.150646
0.151684  0.102344  0.150646
0.151684  0.102344  0.150646
0.151684  0.102344  0.150646
0.151684  0.102344  0.150646
0.151684  0.102344  0.150646
0.151684  0.102320  0.150670
0.151685  0.102292  0.150697
0.151685  0.102292  0.150697
0.151686  0.102274  0.150715
0.151687  0.102255  0.150732
0.151687  0.102188  0.150799
0.151687  0.102145  0.150842
0.151687  0.102145  0.150842
0.151687  0.102145  0.150842
0.151688  0.102266  0.150720
0.151707  0.102157  0.150811
0.151707  0.102157  0.150811
0.151707  0.102157  0.150811
0.151707  0.102157  0.150811
0.151707  0.102157  0.150811
0.151707  0.102157  0.150811
0.151707  0.102157  0.150811
0.151707  0.102157  0.150811
0.151707  0.102157  0.150811
0.151707  0.102157  0.150811
0.151707  0.102157  0.150811
0.151709  0.102085  0.150880
0.151709  0.102085  0.150880
0.151709  0.102085  0.150880
0.151711  0.102015  0.150948
0.151711  0.102015  0.150948
0.151711  0.102015  0.150948
0.151713  0.101944  0.151017
0.151713  0.101944  0.151017
0.151714  0.101922  0.151037
0.151715  0.101903  0.151056
0.151715  0.101903  0.151056
0.151715  0.101903  0.151056
0.151719  0.101775  0.151180
0.151723  0.101653  0.151298
0.151723  0.101653  0.151298
0.151723  0.101653  0.151298
0.151725  0.101543  0.151406
0.151727  0.101442  0.151504
0.151727  0.101442  0.151504
0.151729  0.101385  0.151559
0.151729  0.101385  0.151559
0.151729  0.101361  0.151584
0.151729  0.101361  0.151584
0.151730  0.101335  0.151609
0.151731  0.101309  0.151634
0.151731  0.101286  0.151656
0.151731  0.101286  0.151656
0.151731  0.101286  0.151656
0.151734  0.101154  0.151785
0.151734  0.101154  0.151785
0.151734  0.101154  0.151785
0.151736  0.101066  0.151872
0.151738  0.101002  0.151934
0.151740  0.100925  0.152008
0.151740  0.100925  0.152008
0.151740  0.100925  0.152008
0.151745  0.100795  0.152133
0.151751  0.100653  0.152271
0.151761  0.100809  0.152104
0.151766  0.101006  0.151902
0.151768  0.100898  0.152008
0.151768  0.100898  0.152008
0.151768  0.100898  0.152008
0.151768  0.100853  0.152053
0.151768  0.100853  0.152053
0.151769  0.100948  0.151957
0.151769  0.100948  0.151957
0.151769  0.100948  0.151957
0.151769  0.100948  0.151957
0.151769  0.100948  0.151957
0.151769  0.100939  0.151966
0.151769  0.100930  0.151975
0.151769  0.100930  0.151975
0.151769  0.100930  0.151975
0.151801  0.100784  0.152089
0.151801  0.100784  0.152089
0.151801  0.100784  0.152089
0.151801  0.100784  0.152089
0.151801  0.100784  0.152089
0.151801  0.100784  0.152089
0.151801  0.100784  0.152089
0.151801  0.100784  0.152089
0.151801  0.100784  0.152089
0.151801  0.100784  0.152089
0.151801  0.100784  0.152089
0.151801  0.100784  0.152089
0.151801  0.100784  0.152089
0.151801  0.100784  0.152089
0.151801  0.100784  0.152089
0.151801  0.100784  0.152089
0.151801  0.100784  0.152089
0.151801  0.100784  0.152089
0.151801  0.100784  0.152089
0.151801  0.100784  0.152089
0.151801  0.100784  0.152089
0.151801  0.100784  0.152089
0.151801  0.100784  0.152089
0.151801  0.100784  0.152089
0.151801  0.100784  0.152089
0.151802  0.100730  0.152143
0.151802  0.100730  0.152143
0.151802  0.100730  0.152143
0.151802  0.100715  0.152157
0.151802  0.100715  0.152157
0.151802  0.100660  0.152211
0.151802  0.100660  0.152211
0.151802  0.100660  0.152211
0.151802  0.100660  0.152211
0.151806  0.100559  0.152309
0.151806  0.100559  0.152309
0.151811  0.100409  0.152455
0.151813  0.100244  0.152617
0.151813  0.100244  0.152617
0.151813  0.100244  0.152617
0.151813  0.100244  0.152617
0.151813  0.100244  0.152617
0.151813  0.100244  0.152617
0.151813  0.100244  0.152617
0.151813  0.100244  0.152617
0.151814  0.100120  0.152740
0.151817  0.100000  0.152873
0.151818  0.100000  0.152914
0.151818  0.100000  0.152914
0.151819  0.100000  0.152955
0.151819  0.100000  0.152955
0.151821  0.100000  0.153023
0.151821  0.100000  0.153023
0.151821  0.100000  0.153023
0.151821  0.100000  0.153023
0.151821  0.100000  0.153023
0.151821  0.100000  0.153023
0.151821  0.100000  0.153023
0.151821  0.100000  0.153023
0.151821  0.100000  0.153023
0.151821  0.100000  0.153023
0.151821  0.100000  0.153023
0.151821  0.100000  0.153023
0.151821  0.100000  0.153023
0.151821  0.100000  0.153027
0.151821  0.100000  0.153027
0.151822  0.100000  0.153030
0.151822  0.100000  0.153030
0.151822  0.100000  0.153030
0.151822  0.100000  0.153030
0.151822  0.100000  0.153030
0.151825  0.100000  0.153100
0.151828  0.100000  0.153178
0.151831  0.100000  0.153251
0.151832  0.100000  0.153296
0.151833  0.100000  0.153361
0.151833  0.100000  0.153361
0.151833  0.100000  0.153361
0.151833  0.100000  0.153361
0.151833  0.100000  0.153361
0.151833  0.100000  0.153361
0.151833  0.100000  0.153361
0.151833  0.100000  0.153361
0.151833  0.100000  0.153361
0.151833  0.100000  0.153361
0.151833  0.100000  0.153361
0.151833  0.100000  0.153361
0.151833  0.100000  0.153361
0.151833  0.100000  0.153361
0.151833  0.100000  0.153361
0.151833  0.100000  0.153361
0.151833  0.100000  0.153361
0.151833  0.100000  0.153361
0.151833  0.100000  0.153361
0.151833  0.100000  0.153361
0.151833  0.100000  0.153361
0.151839  0.100000  0.153585
0.151839  0.100000  0.153585
0.151839  0.100000  0.153585
0.151839  0.100000  0.153585
0.151839  0.100000  0.153585
0.151840  0.100000  0.153828
0.151840  0.100000  0.153828
0.151842  0.100000  0.154049
0.151842  0.100000  0.154049
0.151842  0.100000  0.154049
0.151856  0.100000  0.154236
0.151856  0.100000  0.154236
0.151856  0.100000  0.154236
0.151856  0.100000  0.154236
0.151865  0.100000  0.154500
0.151865  0.100000  0.154500
0.151865  0.100000  0.154500
0.151865  0.100000  0.154500
0.151871  0.100000  0.154644
0.151875  0.100000  0.154703
0.151875  0.100000  0.154703
0.151875  0.100000  0.154703
0.151875  0.100000  0.154703
0.151875  0.100000  0.154703
0.151875  0.100000  0.154703
0.151875  0.100000  0.154703
0.151878  0.100000  0.154743
0.151880  0.100000  0.154779
0.151880  0.100000  0.154779
0.151880  0.100000  0.154779
0.151883  0.100000  0.154851
0.151883  0.100000  0.154851
0.151883  0.100000  0.154851
0.151883  0.100000  0.154851
0.151883  0.100000  0.154851
0.151883  0.100000  0.154851
0.151883  0.100000  0.154851
0.151883  0.100000  0.154851
0.151883  0.100000  0.154851
0.151888  0.100000  0.155047
0.151888  0.100000  0.155047
0.151897  0.100000  0.155289
0.151909  0.100000  0.155565
0.151922  0.100000  0.155837
0.151935  0.100000  0.156133
0.151942  0.100000  0.156372
0.151942  0.100000  0.156372
0.151942  0.100000  0.156372
0.151952  0.100000  0.156641
0.151952  0.100000  0.156641
0.151952  0.100000  0.156641
0.151952  0.100000  0.156641
0.151952  0.100000  0.156645
0.151952  0.100000  0.156649
0.151952  0.100000  0.156653
0.151952  0.100000  0.156653
0.151956  0.100000  0.156698
0.151956  0.100000  0.156698
0.151956  0.100000  0.156698
0.151956  0.100000  0.156698
0.151958  0.100000  0.156754
0.151961  0.100000  0.156812
0.151961  0.100000  0.156812
0.151962  0.100000  0.156843
0.151962  0.100000  0.156866
0.151962  0.100000  0.156866
0.151962  0.100000  0.156866
0.151963  0.100000  0.156931
0.151967  0.100000  0.157082
0.151970  0.100000  0.157216
0.151970  0.100000  0.157216
0.151973  0.100000  0.157274
0.151975  0.100000  0.157313
0.151977  0.100000  0.157355
0.151977  0.100000  0.157355
0.151978  0.100000  0.157453
0.151978  0.100000  0.157453
0.151978  0.100000  0.157453
0.151981  0.100000  0.157592
0.151984  0.100000  0.157731
0.151989  0.100000  0.157839
0.151993  0.100000  0.157947
0.151996  0.100000  0.158054
0.152000  0.100000  0.158159
0.152000  0.100000  0.158159
0.152000  0.100000  0.158159
0.152000  0.100000  0.158159
0.152000  0.100000  0.158159
0.152000  0.100000  0.158159
0.152000  0.100000  0.158159
0.152000  0.100000  0.158159
0.152000  0.100000  0.158159
0.152128  0.100002  0.158028
0.152129  0.100000  0.158126
0.152129  0.100000  0.158126
0.152130  0.100000  0.158150
0.152130  0.100000  0.158150
0.152130  0.100000  0.158150
0.152130  0.100000  0.158150
0.152131  0.100000  0.158255
0.152131  0.100000  0.158255
0.152131  0.100000  0.158255
0.152131  0.100000  0.158255
0.152131  0.100000  0.158255
0.152131  0.100000  0.158255
0.152131  0.100000  0.158255
0.152131  0.100000  0.158255
0.152131  0.100000  0.158255
0.152131  0.100000  0.158255
0.152131  0.100000  0.158255
0.152131  0.100000  0.158255
0.152131  0.100000  0.158255
0.152131  0.100000  0.158255
0.152142  0.100000  0.158484
0.152150  0.100000  0.158645
0.152150  0.100000  0.158645
0.152150  0.100000  0.158645
0.152164  0.100000  0.158884
0.152164  0.100000  0.158884
0.152164  0.100000  0.158884
0.152165  0.100000  0.159016
0.152166  0.100000  0.159125
0.152166  0.100000  0.159125
0.152166  0.100000  0.159125
0.152166  0.100000  0.159125
0.152188  0.100192  0.158910
0.152191  0.100107  0.158993
0.152191  0.100107  0.158993
0.152191  0.100067  0.159032
0.152192  0.100032  0.159067
0.152192  0.100000  0.159106
0.152192  0.100000  0.159106
0.152195  0.100000  0.159162
0.152195  0.100000  0.159162
0.152195  0.100000  0.159162
0.152231  0.100217  0.158908
0.152264  0.100414  0.158679
0.152297  0.100611  0.158449
0.152297  0.100611  0.158449
0.152297  0.100611  0.158449
0.152297  0.100611  0.158449
0.152297  0.100611  0.158449
0.152297  0.100611  0.158449
0.152297  0.100611  0.158449
0.152297  0.100611  0.158449
0.152297  0.100611  0.158449
0.152297  0.100602  0.158457
0.152297  0.100602  0.158457
0.152297  0.100602  0.158457
0.152297  0.100595  0.158464
0.152298  0.100587  0.158471
0.152298  0.100587  0.158471
0.152298  0.100587  0.158471
0.152298  0.100587  0.158471
0.152298  0.100587  0.158471
0.152298  0.100587  0.158471
0.152301  0.100480  0.158575
0.152301  0.100480  0.158575
0.152301  0.100480  0.158575
0.152304  0.100417  0.158635
0.152309  0.100316  0.158731
0.152309  0.100316  0.158731
0.152314  0.100209  0.158834
0.152318  0.100111  0.158927
0.152323  0.100015  0.159019
0.152327  0.100000  0.159126
0.152332  0.100000  0.159222
0.152332  0.100000  0.159222
0.152332  0.100000  0.159222
0.152332  0.100000  0.159222
0.152332  0.100000  0.159222
0.152332  0.100000  0.159222
0.152332  0.100000  0.159222
0.152332  0.100000  0.159222
0.152332  0.100000  0.159222
0.152332  0.100000  0.159222
0.152332  0.100000  0.159222
0.152332  0.100000  0.159222
0.152332  0.100000  0.159222
0.152388  0.100017  0.159149
0.152450  0.100035  0.159069
0.152450  0.100035  0.159069
0.152451  0.100000  0.159149
0.152452  0.100000  0.159222
0.152461  0.100000  0.159391
0.152466  0.100000  0.159495
0.152473  0.100000  0.159612
0.152479  0.100000  0.159716
0.152496  0.100000  0.159970
0.152496  0.100000  0.159970
0.152496  0.100000  0.159970
0.152496  0.100000  0.159970
0.152496  0.100000  0.159970
0.152496  0.100000  0.159970
0.152496  0.100000  0.159970
0.152496  0.100000  0.159970
0.152496  0.100000  0.159970
0.152496  0.100000  0.159970
0.152496  0.100000  0.159970
0.152497  0.100000  0.160006
0.152497  0.100000  0.160006
0.152497  0.100000  0.160006
0.152498  0.100000  0.160042
0.152498  0.100000  0.160042
0.152498  0.100000  0.160042
0.152503  0.100000  0.160203
0.152503  0.100000  0.160203
0.152503  0.100000  0.160203
0.152507  0.100000  0.160366
0.152508  0.100000  0.160437
0.152508  0.100000  0.160521
0.152508  0.100000  0.160521
0.152508  0.100000  0.160521
0.152509  0.100000  0.160534
0.152510  0.100000  0.160577
0.152510  0.100000  0.160577
0.152510  0.100000  0.160577
0.152512  0.100000  0.160620
0.152515  0.100000  0.160709
0.152519  0.100000  0.160791
0.152519  0.100000  0.160791
0.152522  0.100000  0.160871
0.152522  0.100000  0.160871
0.152522  0.100000  0.160871
0.152522  0.100000  0.160871
0.152528  0.100020  0.160846
0.152534  0.100039  0.160820
0.152534  0.100039  0.160820
0.152534  0.100039  0.160820
0.152540  0.100059  0.160794
0.152540  0.100059  0.160794
0.152540  0.100059  0.160794
0.152667  0.100148  0.160578
0.152670  0.100000  0.160792
0.152670  0.100000  0.160792
0.152670  0.100000  0.160792
0.152670  0.100000  0.160792
0.152671  0.100000  0.160905
0.152671  0.100000  0.160905
0.152671  0.100000  0.160905
0.152671  0.100000  0.160905
0.152671  0.100000  0.160905
0.152674  0.100000  0.161053
0.152677  0.100000  0.161204
0.152680  0.100000  0.161340
0.152680  0.100000  0.161340
0.152680  0.100000  0.161340
0.152682  0.100000  0.161451
0.152682  0.100000  0.161451
0.152682  0.100000  0.161451
0.152682  0.100000  0.161451
0.152682  0.100000  0.161451
0.152682  0.100000  0.161451
0.152682  0.100000  0.161451
