0.000001  0.000704  -0.000705
0.000127  -0.000513  0.000386
0.000391  -0.000777  0.000386
0.000001  0.000539  -0.000540
0.000371  -0.000556  0.000185
0.000365  -0.000671  0.000307
0.001573  -0.001824  0.000251
0.001297  -0.001561  0.000264
0.001570  -0.002013  0.000444
0.000858  -0.001331  0.000473
-0.000001  0.000785  -0.000784
-0.000001  0.000812  -0.000811
-0.000000  0.000734  -0.000733
0.000268  -0.000734  0.000466
-0.000001  0.000840  -0.000839
0.000000  0.000840  -0.000840
0.000235  -0.000840  0.000605
-0.003963  0.003468  0.000495
0.000001  0.000705  -0.000706
-0.000481  0.000069  0.000412
-0.000369  -0.000029  0.000397
-0.000305  -0.000069  0.000375
-0.000237  -0.000152  0.000390
-0.000185  -0.000231  0.000416
-0.000163  -0.000253  0.000415
0.000000  -0.000415  0.000415
0.000180  -0.000625  0.000445
0.000177  -0.000626  0.000449
-0.000000  -0.000449  0.000449
0.000377  -0.000811  0.000435
-nan  -nan  -nan
-nan  -nan  -nan
0.000000  0.000000  0.000000
0.000000  0.000000  0.000000
0.000000  0.000000  0.000000
0.000000  0.000000  0.000000
0.000000  0.000000  0.000000
0.000000  0.000000  0.000000
0.000000  0.000000  0.000000
0.000000  0.000000  0.000000
0.000000  0.000000  0.000000
0.000000  0.000000  0.000000
0.000000  0.000000  0.000000
0.000000  0.000000  0.000000
0.000000  0.000000  0.000000
0.000000  0.000000  0.000000
0.000000  0.000000  0.000000
0.000000  0.000000  0.000000
0.000000  0.000000  0.000000
0.000000  0.000000  0.000000
0.000000  0.000000  0.000000
0.000000  0.000000  0.000000
0.000000  0.000000  0.000000
0.000000  0.000000  0.000000
0.000000  0.000000  0.000000
0.000000  0.000000  0.000000
0.000000  0.000000  0.000000
0.000000  0.000000  0.000000
0.000000  0.000000  0.000000
0.000000  0.000000  0.000000
0.000000  0.000000  0.000000
0.000000  0.000000  0.000000
0.000000  0.000000  0.000000
0.000000  0.000000  0.000000
0.000000  0.000000  0.000000
0.000000  0.000000  0.000000
0.000000  0.000000  0.000000
0.000000  0.000000  0.000000
0.000000  0.000000  0.000000
0.000000  0.000000  0.000000
0.000000  0.000000  0.000000
0.000000  0.000000  0.000000
0.000000  0.000000  0.000000
0.000000  0.000000  0.000000
0.000000  0.000000  0.000000
0.000000  0.000000  0.000000
0.000000  0.000000  0.000000
0.000000  0.000000  0.000000
0.000000  0.000000  0.000000
0.000000  0.000000  0.000000
0.000000  0.000000  0.000000
0.000000  0.000000  0.000000
0.000000  0.000000  0.000000
0.000000  0.000000  0.000000
0.000000  0.000000  0.000000
0.000000  0.000000  0.000000
0.000000  0.000000  0.000000
0.000000  0.000000  0.000000
0.000000  0.000000  0.000000
0.000000  0.000000  0.000000
0.000000  0.000000  0.000000
0.000000  0.000000  0.000000
0.000000  0.000000  0.000000
0.000000  0.000000  0.000000
0.000000  0.000000  0.000000
0.000000  0.000000  0.000000
0.000000  0.000000  0.000000
0.000000  0.000000  0.000000
0.000000  0.000000  0.000000
0.000000  0.000000  0.000000
0.000000  0.000000  0.000000
0.000000  0.000000  0.000000
0.000000  0.000000  0.000000
0.000000  0.000000  0.000000
0.000000  0.000000  0.000000
0.000000  0.000000  0.000000
0.000000  0.000000  0.000000
0.000000  0.000000  0.000000
0.000000  0.000000  0.000000
0.000000  0.000000  0.000000
0.000000  0.000000  0.000000
0.000000  0.000000  0.000000
0.000000  0.000000  0.000000
0.000000  0.000000  0.000000
0.000000  0.000000  0.000000
0.000000  0.000000  0.000000
0.000000  0.000000  0.000000
0.000000  0.000000  0.000000
0.000000  0.000000  0.000000
0.000000  0.000000  0.000000
0.000000  0.000000  0.000000
0.000000  0.000000  0.000000
0.000000  0.000000  0.000000
0.000000  0.000000  0.000000
0.000000  0.000000  0.000000
0.000000  0.000000  0.000000
0.000000  0.000000  0.000000
0.000000  0.000000  0.000000
0.000000  0.000000  0.000000
0.000000  0.000000  0.000000
0.000000  0.000000  0.000000
0.000000  0.000000  0.000000
0.000000  0.000000  0.000000
0.000000  0.000000  0.000000
0.000000  0.000000  0.000000
0.000000  0.000000  0.000000
0.000000  0.000000  0.000000
0.000000  0.000000  0.000000
0.000000  0.000000  0.000000
0.000000  0.000000  0.000000
0.000000  0.000000  0.000000
0.000000  0.000000  0.000000
0.000000  0.000000  0.000000
0.000000  0.000000  0.000000
0.000000  0.000000  0.000000
0.000000  0.000000  0.000000
0.000000  0.000000  0.000000
0.000000  0.000000  0.000000
0.000000  0.000000  0.000000
0.000000  0.000000  0.000000
0.000000  0.000000  0.000000
0.000000  0.000000  0.000000
0.000000  0.000000  0.000000
0.000000  0.000000  0.000000
0.000000  0.000000  0.000000
0.000000  0.000000  0.000000
0.000000  0.000000  0.000000
0.000000  0.000000  0.000000
0.000000  0.000000  0.000000
0.000000  0.000000  0.000000
0.000000  0.000000  0.000000
0.000000  0.000000  0.000000
0.000000  0.000000  0.000000
0.000000  0.000000  0.000000
0.000000  0.000000  0.000000
0.000000  0.000000  0.000000
0.000000  0.000000  0.000000
0.000000  0.000000  0.000000
0.000000  0.000000  0.000000
0.000000  0.000000  0.000000
0.000000  0.000000  0.000000
0.000000  0.000000  0.000000
0.000000  0.000000  0.000000
0.000000  0.000000  0.000000
0.000000  0.000000  0.000000
0.000000  0.000000  0.000000
0.000000  0.000000  0.000000
0.000000  0.000000  0.000000
0.000000  0.000000  0.000000
0.000000  0.000000  0.000000
0.000000  0.000000  0.000000
0.000000  0.000000  0.000000
0.000000  0.000000  0.000000
0.000000  0.000000  0.000000
0.000000  0.000000  0.000000
0.000000  0.000000  0.000000
0.000000  0.000000  0.000000
0.000000  0.000000  0.000000
0.000000  0.000000  0.000000
0.000000  0.000000  0.000000
0.000000  0.000000  0.000000
0.000000  0.000000  0.000000
0.000000  0.000000  0.000000
0.000000  0.000000  0.000000
0.000000  0.000000  0.000000
0.000000  0.000000  0.000000
0.000000  0.000000  0.000000
0.000000  0.000000  0.000000
0.000000  0.000000  0.000000
0.000000  0.000000  0.000000
0.000000  0.000000  0.000000
0.000000  0.000000  0.000000
0.000000  0.000000  0.000000
0.000000  0.000000  0.000000
0.000000  0.000000  0.000000
0.000000  0.000000  0.000000
0.000000  0.000000  0.000000
0.000000  0.000000  0.000000
0.000000  0.000000  0.000000
0.000000  0.000000  0.000000
0.000000  0.000000  0.000000
0.000000  0.000000  0.000000
0.000000  0.000000  0.000000
0.000000  0.000000  0.000000
0.000000  0.000000  0.000000
0.000000  0.000000  0.000000
0.000000  0.000000  0.000000
0.000000  0.000000  0.000000
0.000000  0.000000  0.000000
0.000000  0.000000  0.000000
0.000000  0.000000  0.000000
0.000000  0.000000  0.000000
0.000000  0.000000  0.000000
0.000000  0.000000  0.000000
0.000000  0.000000  0.000000
0.000000  0.000000  0.000000
0.000000  0.000000  0.000000
0.000000  0.000000  0.000000
0.000000  0.000000  0.000000
0.000000  0.000000  0.000000
0.000000  0.000000  0.000000
0.000000  0.000000  0.000000
0.000000  0.000000  0.000000
0.000000  0.000000  0.000000
0.000000  0.000000  0.000000
0.000000  0.000000  0.000000
0.000000  0.000000  0.000000
0.000000  0.000000  0.000000
0.000000  0.000000  0.000000
0.000000  0.000000  0.000000
0.000000  0.000000  0.000000
0.000000  0.000000  0.000000
0.000000  0.000000  0.000000
0.000000  0.000000  0.000000
0.000000  0.000000  0.000000
0.000000  0.000000  0.000000
0.000000  0.000000  0.000000
0.000000  0.000000  0.000000
0.000000  0.000000  0.000000
0.000000  0.000000  0.000000
0.000000  0.000000  0.000000
0.000000  0.000000  0.000000
0.000000  0.000000  0.000000
0.000000  0.000000  0.000000
0.000000  0.000000  0.000000
0.000000  0.000000  0.000000
0.000000  0.000000  0.000000
0.000000  0.000000  0.000000
0.000000  0.000000  0.000000
0.000000  0.000000  0.000000
0.000000  0.000000  0.000000
0.000000  0.000000  0.000000
0.000000  0.000000  0.000000
0.000000  0.000000  0.000000
0.000000  0.000000  0.000000
0.000000  0.000000  0.000000
0.000000  0.000000  0.000000
0.000000  0.000000  0.000000
0.000000  0.000000  0.000000
0.000000  0.000000  0.000000
0.000000  0.000000  0.000000
0.000000  0.000000  0.000000
0.000000  0.000000  0.000000
0.000000  0.000000  0.000000
0.000000  0.000000  0.000000
0.000000  0.000000  0.000000
0.000000  0.000000  0.000000
0.000000  0.000000  0.000000
0.000000  0.000000  0.000000
0.000000  0.000000  0.000000
0.000000  0.000000  0.000000
0.000000  0.000000  0.000000
0.000000  0.000000  0.000000
0.000000  0.000000  0.000000
0.000000  0.000000  0.000000
0.000000  0.000000  0.000000
0.000000  0.000000  0.000000
0.000000  0.000000  0.000000
0.000000  0.000000  0.000000
0.000000  0.000000  0.000000
0.000000  0.000000  0.000000
0.000000  0.000000  0.000000
0.000000  0.000000  0.000000
0.000000  0.000000  0.000000
0.000000  0.000000  0.000000
0.000000  0.000000  0.000000
0.000000  0.000000  0.000000
0.000000  0.000000  0.000000
0.000000  0.000000  0.000000
0.000000  0.000000  0.000000
0.000000  0.000000  0.000000
0.000000  0.000000  0.000000
0.000000  0.000000  0.000000
0.000000  0.000000  0.000000
0.000000  0.000000  0.000000
0.000000  0.000000  0.000000
0.000000  0.000000  0.000000
0.000000  0.000000  0.000000
0.000000  0.000000  0.000000
0.000000  0.000000  0.000000
0.000000  0.000000  0.000000
0.000000  0.000000  0.000000
0.000000  0.000000  0.000000
0.000000  0.000000  0.000000
0.000000  0.000000  0.000000
0.000000  0.000000  0.000000
0.000000  0.000000  0.000000
0.000000  0.000000  0.000000
0.000000  0.000000  0.000000
0.000000  0.000000  0.000000
0.000000  0.000000  0.000000
0.000000  0.000000  0.000000
0.000000  0.000000  0.000000
0.000000  0.000000  0.000000
0.000000  0.000000  0.000000
0.000000  0.000000  0.000000
0.000000  0.000000  0.000000
0.000000  0.000000  0.000000
0.000000  0.000000  0.000000
0.000000  0.000000  0.000000
0.000000  0.000000  0.000000
0.000000  0.000000  0.000000
0.000000  0.000000  0.000000
0.000000  0.000000  0.000000
0.000000  0.000000  0.000000
0.000000  0.000000  0.000000
0.000000  0.000000  0.000000
0.000000  0.000000  0.000000
0.000000  0.000000  0.000000
0.000000  0.000000  0.000000
0.000000  0.000000  0.000000
0.000000  0.000000  0.000000
0.000000  0.000000  0.000000
0.000000  0.000000  0.000000
0.000000  0.000000  0.000000
0.000000  0.000000  0.000000
0.000000  0.000000  0.000000
0.000000  0.000000  0.000000
0.000000  0.000000  0.000000
0.000000  0.000000  0.000000
0.000000  0.000000  0.000000
0.000000  0.000000  0.000000
0.000000  0.000000  0.000000
0.000000  0.000000  0.000000
0.000000  0.000000  0.000000
0.000000  0.000000  0.000000
0.000000  0.000000  0.000000
0.000000  0.000000  0.000000
0.000000  0.000000  0.000000
0.000000  0.000000  0.000000
0.000000  0.000000  0.000000
0.000000  0.000000  0.000000
0.000000  0.000000  0.000000
0.000000  0.000000  0.000000
0.000000  0.000000  0.000000
0.000000  0.000000  0.000000
0.000000  0.000000  0.000000
0.000000  0.000000  0.000000
0.000000  0.000000  0.000000
0.000000  0.000000  0.000000
0.000000  0.000000  0.000000
0.000000  0.000000  0.000000
0.000000  0.000000  0.000000
0.000000  0.000000  0.000000
0.000000  0.000000  0.000000
0.000000  0.000000  0.000000
0.000000  0.000000  0.000000
0.000000  0.000000  0.000000
0.000000  0.000000  0.000000
0.000000  0.000000  0.000000
0.000000  0.000000  0.000000
0.000000  0.000000  0.000000
0.000000  0.000000  0.000000
0.000000  0.000000  0.000000
0.000000  0.000000  0.000000
0.000000  0.000000  0.000000
0.000000  0.000000  0.000000
0.000000  0.000000  0.000000
0.000000  0.000000  0.000000
0.000000  0.000000  0.000000
0.000000  0.000000  0.000000
0.000000  0.000000  0.000000
0.000000  0.000000  0.000000
0.000000  0.000000  0.000000
0.000000  0.000000  0.000000
0.000000  0.000000  0.000000
0.000000  0.000000  0.000000
0.000000  0.000000  0.000000
0.000000  0.000000  0.000000
0.000000  0.000000  0.000000
0.000000  0.000000  0.000000
0.000000  0.000000  0.000000
0.000000  0.000000  0.000000
0.000000  0.000000  0.000000
0.000000  0.000000  0.000000
0.000000  0.000000  0.000000
0.000000  0.000000  0.000000
0.000000  0.000000  0.000000
0.000000  0.000000  0.000000
0.000000  0.000000  0.000000
0.000000  0.000000  0.000000
0.000000  0.000000  0.000000
0.000000  0.000000  0.000000
0.000000  0.000000  0.000000
0.000000  0.000000  0.000000
0.000000  0.000000  0.000000
0.000000  0.000000  0.000000
0.000000  0.000000  0.000000
0.000000  0.000000  0.000000
0.000000  0.000000  0.000000
0.000000  0.000000  0.000000
0.000000  0.000000  0.000000
0.000000  0.000000  0.000000
-0.004417  -0.006647  0.011064
-0.000074  0.009020  -0.008947
-0.008355  -0.010429  0.018784
-0.007919  -0.009919  0.017838
-0.009722  -0.012516  0.022238
-0.000238  0.014207  -0.013969
-0.012755  -0.015162  0.027918
-0.016653  -0.019206  0.035859
-0.000506  0.020513  -0.020008
-0.017898  -0.020645  0.038543
-0.000729  0.024610  -0.023882
-0.020893  -0.023414  0.044307
-0.024684  -0.025758  0.050442
-0.000813  0.026225  -0.025412
-0.000819  0.019319  -0.018500
-0.025588  -0.017682  0.043270
-0.000925  0.024353  -0.023429
-0.000941  0.024842  -0.023901
-0.000888  0.023473  -0.022585
-0.033439  -0.017042  0.050481
-0.032783  -0.019459  0.052243
-0.001061  0.023124  -0.022064
-0.036579  -0.011362  0.047942
-0.001545  0.033504  -0.031959
-0.001950  0.048078  -0.046128
-0.033733  -0.044960  0.078692
-0.032205  -0.043701  0.075906
-0.002329  0.051387  -0.049059
-0.002303  0.052309  -0.050006
-0.026374  -0.011977  0.038351
-0.000333  0.009784  -0.009451
-0.028308  -0.008677  0.036985
-0.000375  0.009772  -0.009397
0.000520  -0.007558  0.007038
-0.046885  0.006439  0.040447
-0.050409  0.005571  0.044838
0.000410  -0.005874  0.005463
-0.051088  0.005274  0.045814
-0.018800  -0.052727  0.071527
0.045656  0.048767  -0.094423
0.044903  0.048717  -0.093620
0.042313  0.050957  -0.093270
0.041896  0.051261  -0.093157
0.000571  -0.014997  0.014426
-0.028380  0.015960  0.012421
-0.032204  0.018747  0.013457
-0.032235  0.019240  0.012995
-0.032752  0.020086  0.012666
0.003632  -0.057937  0.054305
0.003539  -0.057382  0.053843
0.003117  -0.056490  0.053373
-0.037598  0.050595  -0.012997
-0.034059  0.050726  -0.016668
-0.078950  0.018584  0.060366
0.002405  -0.022202  0.019797
0.002929  -0.025468  0.022539
-0.076045  0.017978  0.058067
-0.079072  0.019589  0.059483
0.002703  -0.024092  0.021389
0.002169  -0.020500  0.018331
0.002608  -0.023562  0.020953
0.002515  -0.022846  0.020331
0.002502  -0.022805  0.020303
-0.077974  0.018535  0.059440
0.002587  -0.023432  0.020845
0.002561  -0.022984  0.020423
-0.074269  0.017493  0.056776
0.002543  -0.022878  0.020335
0.002628  -0.023690  0.021062
0.002642  -0.023656  0.021014
0.002287  -0.021413  0.019125
-0.083429  -0.163335  0.246764
-0.093865  -0.146658  0.240523
-0.008269  0.098899  -0.090630
-0.089096  -0.065249  0.154345
-0.008047  0.084409  -0.076362
-0.087196  -0.066163  0.153359
0.002301  -0.024768  0.022467
-0.062939  0.020933  0.042006
0.002232  -0.024407  0.022175
-0.050213  0.006998  0.043215
0.000820  -0.010794  0.009974
-0.048882  0.007026  0.041856
-0.053607  0.002775  0.050832
-0.049693  0.000649  0.049044
0.000132  -0.001864  0.001733
-0.094282  0.040430  0.053852
-0.081176  0.034225  0.046951
-0.067778  0.027958  0.039820
0.003480  -0.034607  0.031127
0.002189  -0.028493  0.026304
-0.050273  0.024368  0.025905
0.002145  -0.028387  0.026242
-0.049280  0.023517  0.025763
-0.049880  0.024417  0.025462
0.000704  -0.006104  0.005400
-0.000834  0.007325  -0.006491
-0.082708  -0.007309  0.090016
0.000618  -0.007581  0.006963
0.000662  -0.007844  0.007182
-0.052510  -0.003734  0.056245
-0.054805  -0.003244  0.058050
-0.000317  0.004220  -0.003903
-0.054672  -0.003883  0.058554
-0.039140  -0.008760  0.047900
-0.000361  0.004824  -0.004463
-0.000278  0.003674  -0.003396
-0.000401  0.005747  -0.005346
-0.051774  -0.004226  0.056000
-0.048866  -0.006037  0.054903
-0.051684  -0.004243  0.055927
-0.104056  0.109050  -0.004994
0.004761  -0.066295  0.061534
0.004861  -0.052893  0.048032
0.004873  -0.054900  0.050028
-0.053333  0.024445  0.028888
0.002738  -0.032042  0.029304
-0.058577  0.027929  0.030647
-0.058028  0.028513  0.029515
0.002777  -0.032275  0.029498
-0.054428  0.056192  -0.001764
0.007506  -0.075432  0.067926
-0.063934  0.063711  0.000222
-0.044932  0.034182  0.010750
0.002717  -0.038480  0.035763
0.000779  -0.007473  0.006693
0.000676  -0.007080  0.006404
-0.072317  0.008482  0.063834
0.002540  -0.028374  0.025833
0.002650  -0.029285  0.026635
-0.058853  0.023897  0.034956
-0.061131  0.024482  0.036649
0.005497  -0.050435  0.044938
0.004828  -0.055745  0.050916
0.004333  -0.055711  0.051378
-0.048285  0.043281  0.005004
-0.049269  0.045228  0.004041
0.002038  -0.027947  0.025908
-0.046168  0.024755  0.021414
0.001937  -0.027634  0.025697
0.001864  -0.026980  0.025116
-0.048640  0.018613  0.030027
0.001642  -0.022620  0.020978
-0.047203  0.013855  0.033348
0.001302  -0.018080  0.016778
0.001037  -0.015291  0.014253
-0.048083  0.015115  0.032967
-0.046447  0.014134  0.032313
0.000940  -0.014355  0.013415
0.001100  -0.016237  0.015138
0.001024  -0.015175  0.014151
-0.045462  0.013853  0.031609
-0.147728  -0.064479  0.212207
-0.014949  0.102347  -0.087398
-0.140212  -0.071551  0.211763
-0.014943  0.102654  -0.087710
-0.043416  -0.033458  0.076874
-0.054373  -0.024206  0.078579
-0.020533  -0.009523  0.030056
-0.024050  -0.007817  0.031866
-0.021588  -0.008183  0.029772
-0.022573  -0.008550  0.031123
-0.022244  -0.007820  0.030063
-0.035097  0.012901  0.022196
-0.034792  0.014775  0.020016
-0.022714  0.031857  -0.009143
-0.031346  0.032505  -0.001159
-0.031450  0.031705  -0.000255
-0.032314  0.033033  -0.000719
-0.084822  -0.032482  0.117305
-0.004283  0.042080  -0.037797
-0.082124  -0.034857  0.116981
-0.004288  0.042462  -0.038173
-0.080502  -0.035451  0.115952
-0.004391  0.043721  -0.039330
-0.005841  0.075112  -0.069272
0.001203  -0.076180  0.074977
-0.009077  0.074653  -0.065576
0.014653  0.085266  -0.099919
-0.002403  -0.076775  0.079178
0.011458  0.054229  -0.065688
-0.000669  -0.058931  0.059600
0.007681  0.060395  -0.068076
-0.005333  0.045662  -0.040329
0.000602  -0.048664  0.048062
-0.013755  0.020410  -0.006656
-0.014107  0.022331  -0.008224
0.000537  -0.023152  0.022616
0.000574  -0.023386  0.022811
0.000567  -0.023921  0.023354
0.000187  -0.047209  0.047022
-0.000114  -0.058092  0.058206
0.000046  -0.057781  0.057734
0.001429  0.057783  -0.059212
0.000341  -0.042974  0.042633
0.000321  -0.042277  0.041955
0.005846  0.038844  -0.044690
0.005553  0.038128  -0.043681
0.007070  0.038158  -0.045228
0.006299  0.037596  -0.043895
-0.000343  -0.038445  0.038787
0.002195  -0.077683  0.075488
-0.018766  0.075180  -0.056415
-0.017212  0.074026  -0.056815
0.000875  -0.041247  0.040373
-0.012088  0.039165  -0.027077
-0.011413  0.039674  -0.028261
0.000290  -0.010743  0.010453
0.000315  -0.011016  0.010701
-0.004962  0.029100  -0.024138
0.000218  -0.029761  0.029543
0.000042  -0.002214  0.002173
0.000061  -0.002832  0.002771
0.000067  -0.003279  0.003212
-0.001601  0.029292  -0.027691
-0.022211  0.005967  0.016244
0.000223  -0.006425  0.006202
0.000239  -0.007061  0.006822
-0.024982  -0.013358  0.038341
-0.000467  0.013789  -0.013322
-0.020031  -0.027719  0.047750
-0.020077  -0.027104  0.047181
-0.000222  0.008072  -0.007850
-0.021263  -0.008075  0.029338
0.000487  -0.012982  0.012495
-0.025328  0.011343  0.013986
-0.026674  0.011923  0.014751
0.000842  -0.010713  0.009871
0.000994  -0.013834  0.012840
-0.050651  0.013440  0.037210
0.000997  -0.013828  0.012831
-0.027201  0.009359  0.017842
0.000409  -0.010167  0.009758
0.000183  -0.008632  0.008449
0.000236  -0.026651  0.026415
-0.005199  0.026573  -0.021374
0.000221  -0.026269  0.026048
0.000012  -0.001569  0.001557
-0.004276  0.001082  0.003195
0.000011  -0.001858  0.001847
-0.019939  -0.019511  0.039449
-0.000289  0.014094  -0.013805
-0.014650  0.002384  0.012266
0.000042  -0.002055  0.002014
-0.013641  0.001383  0.012258
0.000039  -0.001987  0.001948
-0.009169  0.001734  0.007435
-0.004322  0.010149  -0.005826
-0.003457  0.008575  -0.005118
0.000035  -0.004032  0.003997
-0.000047  0.003805  -0.003759
-0.007381  -0.003426  0.010807
-0.000039  0.004212  -0.004173
-0.000784  0.021398  -0.020614
-0.018061  -0.020597  0.038658
0.000339  -0.010933  0.010594
-0.015407  0.009538  0.005869
0.000257  -0.010640  0.010383
0.000213  -0.035389  0.035176
0.002537  0.035974  -0.038511
-0.000494  -0.032243  0.032737
0.010738  0.033518  -0.044256
0.010004  0.032964  -0.042968
0.000379  -0.025296  0.024917
-0.008450  0.024417  -0.015967
0.000315  -0.025640  0.025324
0.000348  -0.025093  0.024744
-0.000141  -0.010250  0.010391
-0.000336  -0.017998  0.018335
0.013090  0.019200  -0.032290
0.013501  0.018502  -0.032003
0.013710  0.018828  -0.032538
0.013047  0.018407  -0.031453
0.013336  0.019140  -0.032476
-0.000378  -0.017899  0.018277
-0.000436  0.020765  -0.020329
-0.000219  0.020158  -0.019939
-0.008487  -0.020301  0.028788
-0.000225  0.020097  -0.019872
0.017371  0.022269  -0.039640
-0.000624  -0.022258  0.022883
0.000396  -0.017277  0.016881
-0.012227  0.016801  -0.004574
0.000341  -0.018142  0.017801
0.000007  -0.000725  0.000719
-0.008673  0.000908  0.007765
-0.008438  0.001729  0.006709
0.000013  -0.001002  0.000989
-0.008704  0.001786  0.006918
0.000099  -0.050213  0.050114
-0.004466  0.049628  -0.045162
0.000381  -0.051036  0.050655
-0.000439  0.050266  -0.049828
-0.013953  0.014053  -0.000101
0.000462  -0.018200  0.017738
0.000445  -0.017354  0.016909
0.000468  -0.018280  0.017811
0.000451  -0.017426  0.016976
0.001742  -0.048348  0.046606
0.000103  0.044017  -0.044120
0.000141  -0.044220  0.044079
-0.017024  0.030548  -0.013524
0.000821  -0.031209  0.030388
0.000828  -0.031720  0.030891
0.000822  -0.031141  0.030319
-0.039309  -0.016290  0.055599
-0.042390  -0.014312  0.056702
-0.042370  -0.013474  0.055844
-0.041776  -0.014124  0.055899
-0.043626  -0.014142  0.057768
-0.000894  0.015042  -0.014147
-0.000926  0.015791  -0.014865
-0.000893  0.015266  -0.014373
-0.042978  -0.014083  0.057061
-0.042607  -0.013414  0.056022
0.004164  -0.054841  0.050677
0.004244  -0.055782  0.051537
0.004179  -0.054827  0.050648
-0.024668  0.011557  0.013111
0.000500  -0.013928  0.013428
-0.028553  0.017730  0.010823
-0.028629  0.018732  0.009897
-0.028700  0.017885  0.010814
0.000877  -0.020262  0.019385
-0.028207  0.018025  0.010182
-0.002771  0.064435  -0.061663
-0.002122  0.051603  -0.049480
-0.033394  -0.047672  0.081066
-0.002099  0.051650  -0.049551
-0.002043  0.052173  -0.050129
-0.002007  0.051934  -0.049927
-0.037331  -0.022875  0.060206
-0.037587  -0.023362  0.060949
-0.001256  0.025195  -0.023939
-0.037316  -0.023540  0.060856
-0.001883  -0.029041  0.030924
0.000328  -0.028880  0.028551
-0.000803  -0.039158  0.039961
-0.000135  -0.038166  0.038301
-0.015324  0.030061  -0.014736
-0.004592  0.021466  -0.016874
0.000099  -0.018903  0.018804
0.000084  -0.019535  0.019451
0.000074  -0.018720  0.018646
-0.026153  -0.025312  0.051465
-0.036201  -0.006477  0.042677
-0.040165  -0.003545  0.043710
-0.017880  0.028302  -0.010422
0.001370  -0.035670  0.034300
-0.024404  0.033529  -0.009125
-0.030051  -0.000174  0.030226
0.000272  -0.005509  0.005238
0.000307  -0.006408  0.006101
-0.032864  0.005157  0.027707
-0.023532  -0.029952  0.053485
-0.000988  0.028448  -0.027460
-0.025975  -0.027118  0.053093
-0.000115  0.004367  -0.004252
-0.000142  0.004889  -0.004747
0.000361  -0.010779  0.010418
0.000328  -0.009911  0.009583
-0.023839  0.009810  0.014030
0.000393  -0.011230  0.010837
0.000363  -0.010329  0.009966
0.000389  -0.011156  0.010767
0.000368  -0.010369  0.010001
0.000391  -0.011175  0.010784
-0.000943  0.022939  -0.021996
-0.032568  -0.020314  0.052882
-0.000936  0.021567  -0.020632
-0.031649  -0.020470  0.052119
-0.000693  0.021725  -0.021032
-0.022719  -0.019718  0.042438
-0.000690  0.021883  -0.021193
-0.005360  0.004743  0.000617
-0.010725  0.013964  -0.003238
-0.010426  0.014913  -0.004487
0.000034  -0.002216  0.002181
-0.009828  0.002770  0.007058
-0.023935  -0.004966  0.028901
-0.000177  0.005504  -0.005327
-0.022243  -0.005872  0.028115
-0.023287  -0.005604  0.028892
-0.023083  -0.004895  0.027978
-0.002048  0.055700  -0.053651
-0.000095  0.054861  -0.054766
0.000023  -0.054536  0.054513
-0.027135  0.018716  0.008419
0.000240  -0.007488  0.007248
0.000078  -0.002112  0.002034
-0.024467  0.001366  0.023101
-0.000069  0.005795  -0.005726
-0.000095  0.006375  -0.006280
-0.008825  0.000547  0.008277
-0.000007  0.000692  -0.000685
-0.000008  0.000878  -0.000870
-0.000982  0.023538  -0.022555
-0.000933  0.023661  -0.022728
-0.026713  -0.023034  0.049748
-0.000906  0.024664  -0.023757
-0.000877  0.025529  -0.024652
-0.000855  0.026119  -0.025264
-0.000840  0.026517  -0.025677
-0.000815  0.027103  -0.026288
-0.000801  0.027406  -0.026605
0.000022  -0.001127  0.001105
0.000024  -0.001407  0.001383
-0.000000  0.000030  -0.000029
-0.009945  0.000658  0.009287
-0.014357  0.004494  0.009863
-0.016082  0.005348  0.010734
0.000081  -0.004078  0.003998
-0.000529  0.020607  -0.020079
-0.000442  0.022920  -0.022477
-0.000459  0.034808  -0.034349
-0.000539  0.033872  -0.033334
-0.008216  -0.034659  0.042875
0.000722  0.051935  -0.052657
0.005716  -0.051278  0.045562
0.001228  0.035691  -0.036919
0.014539  -0.026968  0.012428
0.000717  0.027436  -0.028153
0.010506  -0.018812  0.008306
0.000012  0.000586  -0.000598
-0.000016  -0.000854  0.000870
0.000025  0.001036  -0.001061
0.011309  0.000829  -0.012139
0.011656  0.007175  -0.018831
-0.000114  -0.007014  0.007128
-0.000109  -0.004820  0.004930
0.010925  0.006949  -0.017874
-0.000107  -0.004596  0.004704
0.000544  0.029180  -0.029724
0.018944  -0.031971  0.013028
0.000667  0.029162  -0.029829
0.018056  -0.031516  0.013460
0.024444  -0.008405  -0.016039
0.022461  -0.006218  -0.016243
0.000218  0.006159  -0.006377
0.000213  0.006067  -0.006280
0.022633  -0.006315  -0.016318
0.000229  0.006346  -0.006575
0.023731  -0.006871  -0.016860
0.044774  0.028288  -0.073062
0.040585  0.025303  -0.065888
0.036122  0.027451  -0.063572
-0.001533  -0.024534  0.026067
-0.001600  -0.023118  0.024718
0.000007  0.001499  -0.001506
0.000215  0.012968  -0.013183
0.003506  -0.019697  0.016191
0.000209  0.020340  -0.020549
0.008019  -0.021110  0.013091
0.000078  0.019146  -0.019224
0.003223  -0.019471  0.016248
0.000200  0.020273  -0.020473
0.000158  0.019902  -0.020060
0.005521  -0.020263  0.014741
0.002170  0.054409  -0.056579
0.001800  0.053127  -0.054927
0.002120  0.054242  -0.056362
0.000881  0.021075  -0.021955
0.000991  0.021176  -0.022167
0.027405  -0.021282  -0.006123
0.000810  0.013027  -0.013837
0.034740  -0.012259  -0.022481
0.036796  -0.013144  -0.023653
0.036250  -0.012910  -0.023340
0.036405  -0.012978  -0.023427
0.036307  -0.012938  -0.023370
0.035264  -0.012491  -0.022773
0.000638  0.011576  -0.012214
0.035433  -0.012566  -0.022867
0.035729  -0.012696  -0.023034
0.021019  -0.045786  0.024767
0.000724  0.036568  -0.037292
0.000505  0.035474  -0.035979
0.013091  -0.037515  0.024424
0.009343  -0.036071  0.026727
0.011250  -0.036806  0.025556
-0.015835  0.085112  -0.069277
-0.004615  0.075152  -0.070537
-0.005126  0.075337  -0.070212
0.000186  -0.073985  0.073799
0.000188  -0.073993  0.073805
-0.005066  0.075312  -0.070246
-0.005393  0.075428  -0.070035
-0.012074  -0.144062  0.156137
0.000031  0.151068  -0.151099
-0.000611  0.150631  -0.150020
-0.000169  0.150939  -0.150770
0.039953  -0.054378  0.014425
0.002123  0.041864  -0.043987
0.030161  -0.043639  0.013478
0.035139  0.001381  -0.036520
-0.000111  -0.002960  0.003072
0.000052  0.001958  -0.002010
0.010539  0.000610  -0.011149
0.008318  0.000742  -0.009059
-0.000013  -0.001568  0.001581
-0.000010  -0.000780  0.000789
0.002754  0.018356  -0.021110
0.004999  0.017708  -0.022707
-0.000068  -0.018310  0.018378
0.027975  -0.000123  -0.027853
0.026615  -0.006888  -0.019727
0.029841  0.000971  -0.030812
0.027229  -0.018171  -0.009057
0.029161  -0.018744  -0.010417
0.000694  0.016950  -0.017645
0.036567  0.026006  -0.062572
-0.000682  -0.016658  0.017340
0.026667  0.017373  -0.044040
-0.000697  -0.016296  0.016993
0.000881  0.031161  -0.032042
0.010705  -0.019990  0.009285
0.000221  0.018413  -0.018634
-0.000328  0.023394  -0.023066
-0.008946  -0.022223  0.031169
-0.000235  0.023241  -0.023005
-0.009732  -0.021975  0.031707
-0.000253  0.023082  -0.022829
-0.010422  -0.021754  0.032176
-0.008842  -0.022262  0.031104
-0.000347  0.022192  -0.021845
-0.000308  0.022578  -0.022271
0.027211  0.206617  -0.233828
-0.020263  -0.168140  0.188404
0.019727  0.126139  -0.145866
0.013775  0.132019  -0.145794
-0.004636  -0.123504  0.128141
0.012158  0.132245  -0.144404
0.013079  0.132115  -0.145195
0.011656  0.132314  -0.143970
0.012726  0.132164  -0.144890
-0.010594  0.110865  -0.100271
-0.068424  -0.092111  0.160535
-0.008452  0.108475  -0.100023
-0.008336  0.108635  -0.100299
0.000779  -0.013616  0.012837
-0.038447  0.012406  0.026042
0.000787  -0.013729  0.012942
0.000753  -0.013446  0.012693
-0.002274  0.043748  -0.041474
-0.037868  -0.039504  0.077372
-0.036603  -0.039858  0.076462
-0.038436  -0.039346  0.077782
-0.037619  -0.039575  0.077194
-0.037939  -0.039486  0.077425
-0.044164  0.004877  0.039287
0.000299  -0.004878  0.004579
0.000302  -0.004911  0.004610
-0.043630  0.004736  0.038893
-0.044746  0.005026  0.039720
-0.043991  0.004830  0.039161
0.000341  -0.005364  0.005023
0.007204  0.282394  -0.289598
0.038696  0.258515  -0.297211
0.038017  0.258566  -0.296584
0.038168  0.258555  -0.296724
0.038087  0.258560  -0.296647
0.037929  0.258571  -0.296501
0.037819  0.258579  -0.296398
-0.036466  -0.207690  0.244156
0.037459  0.258604  -0.296063
-0.005297  0.020357  -0.015060
-0.000568  0.024525  -0.023958
-0.012489  -0.022274  0.034762
-0.012228  -0.021851  0.034080
-0.000391  0.022821  -0.022431
-0.025772  -0.023037  0.048808
0.000080  -0.003603  0.003523
-0.011807  0.017156  -0.005349
0.000301  -0.016579  0.016278
-0.013715  0.067086  -0.053371
-0.012609  0.066609  -0.054000
-0.013298  0.066168  -0.052870
-0.012943  0.066394  -0.053451
0.002987  0.049657  -0.052644
0.002954  0.049518  -0.052472
0.036998  -0.053017  0.016019
0.002938  0.049706  -0.052644
0.002929  0.049804  -0.052733
0.000179  0.001235  -0.001415
0.000242  -0.004413  0.004171
-0.045776  -0.007859  0.053635
-0.028204  -0.025243  0.053447
-0.028774  -0.025099  0.053872
-0.079078  -0.047674  0.126753
-0.065584  -0.072829  0.138413
-0.006369  0.087679  -0.081310
-0.060952  -0.068787  0.129739
-0.005664  0.081362  -0.075698
-0.054533  -0.071966  0.126499
-0.000667  0.030348  -0.029682
-0.001944  0.047043  -0.045099
-0.046219  -0.052991  0.099211
-0.003228  0.064534  -0.061306
-0.003225  0.064582  -0.061358
-0.072669  -0.019209  0.091878
-0.002486  0.035695  -0.033209
-0.003559  0.048810  -0.045252
-0.003655  0.048583  -0.044928
-0.061329  -0.040866  0.102195
-0.003653  0.048373  -0.044720
-0.003653  0.048414  -0.044761
-0.061560  -0.040649  0.102209
-0.003652  0.048260  -0.044608
0.001429  -0.040328  0.038900
0.002447  -0.051960  0.049513
0.001125  -0.033402  0.032277
0.001155  -0.033443  0.032288
0.003614  0.089388  -0.093002
0.004933  0.088204  -0.093137
0.007639  0.065351  -0.072990
0.007638  0.065356  -0.072994
-0.000899  -0.063786  0.064685
0.007548  0.065457  -0.073004
-0.000893  -0.063877  0.064770
0.007445  0.065578  -0.073023
0.007423  0.065603  -0.073026
-0.000879  -0.064070  0.064949
-0.000874  -0.064137  0.065011
0.002399  -0.041199  0.038800
0.002399  -0.041249  0.038849
0.002406  -0.041310  0.038905
0.002410  -0.041352  0.038942
-0.039832  0.038489  0.001343
-0.039852  0.038513  0.001338
-0.099838  -0.054946  0.154784
-0.005820  0.053521  -0.047701
-0.005834  0.053406  -0.047573
-0.093267  -0.040757  0.134023
-0.076011  0.020514  0.055497
0.002256  -0.022124  0.019868
0.003508  -0.056038  0.052530
-0.042195  0.051951  -0.009756
-0.000400  0.005884  -0.005484
-0.000401  0.005930  -0.005529
-0.000398  0.005869  -0.005472
-0.002817  0.036298  -0.033482
-0.058446  -0.030813  0.089258
-0.027363  0.021308  0.006055
0.001041  -0.028439  0.027398
-0.012506  0.047819  -0.035312
-0.005913  0.064904  -0.058991
-0.006074  0.065058  -0.058985
-0.006033  0.065013  -0.058980
0.001442  -0.038877  0.037436
0.001332  -0.038755  0.037423
-0.033505  0.033705  -0.000200
-0.034331  0.034436  -0.000105
0.001881  -0.036896  0.035015
-0.017304  -0.019842  0.037146
-0.011410  -0.019717  0.031127
-0.001323  0.016516  -0.015193
-0.042107  -0.014723  0.056830
-0.000973  0.016970  -0.015996
-0.042661  -0.014510  0.057171
-0.000947  0.016360  -0.015413
-0.000947  0.016390  -0.015442
-0.001167  0.018938  -0.017771
-0.029758  -0.017969  0.047727
-0.009070  0.000884  0.008186
-0.009149  0.000988  0.008161
0.000396  -0.038111  0.037715
0.000427  -0.038139  0.037712
-0.006056  0.036991  -0.030934
-0.015781  0.072511  -0.056731
0.001418  -0.046300  0.044882
-0.019085  0.044160  -0.025075
-0.004905  0.083393  -0.078488
0.000479  -0.083036  0.082557
0.004988  0.094997  -0.099984
0.001380  -0.107945  0.106564
0.001372  -0.107917  0.106545
-0.008736  0.106711  -0.097974
-0.008814  0.106742  -0.097928
0.001329  -0.107773  0.106443
-0.008756  0.106719  -0.097963
-0.006811  0.107640  -0.100829
-0.008609  0.106691  -0.098082
-0.009964  0.106483  -0.096518
0.129894  -0.200958  0.071064
0.019816  0.120208  -0.140024
0.019370  0.120892  -0.140262
0.085905  -0.139652  0.053747
0.049472  0.079337  -0.128809
-0.004375  -0.043451  0.047826
-0.000821  -0.011479  0.012300
-0.000881  -0.012697  0.013579
0.041162  0.013864  -0.055025
-0.000805  -0.012485  0.013290
-0.000843  -0.013422  0.014265
0.038161  0.014135  -0.052296
-0.000813  -0.013921  0.014734
-0.000789  -0.013031  0.013821
0.034120  0.015424  -0.049544
0.004534  -0.021915  0.017381
-0.118535  0.034616  0.083919
0.003723  -0.028124  0.024401
0.003509  -0.027785  0.024276
0.003439  -0.027452  0.024014
-0.064178  0.028208  0.035971
-0.064899  0.027272  0.037627
-0.060561  0.027008  0.033553
0.002902  -0.031887  0.028985
-0.061869  0.027121  0.034748
0.002769  -0.031439  0.028670
0.002844  -0.031696  0.028852
0.002692  -0.031177  0.028486
-0.059443  0.026880  0.032563
-0.051781  0.032727  0.019053
0.178799  -0.090500  -0.088299
0.152461  -0.093685  -0.058776
0.151864  -0.093679  -0.058185
0.151304  -0.093085  -0.058219
0.023302  0.070398  -0.093700
0.152342  -0.093394  -0.058948
0.154237  -0.093966  -0.060272
0.153054  -0.093604  -0.059449
-0.056895  0.047303  0.009592
0.004727  -0.056630  0.051903
-0.054750  0.049772  0.004979
-0.054131  0.048950  0.005182
-0.057568  0.035951  0.021618
0.002538  -0.030673  0.028135
-0.057911  0.027089  0.030822
0.006757  -0.059620  0.052863
0.006432  -0.059074  0.052642
-0.071233  0.049257  0.021975
-0.071065  0.049254  0.021810
-0.070476  0.049236  0.021240
0.024132  -0.132636  0.108505
0.022303  -0.130553  0.108250
-0.106841  0.100511  0.006330
-0.105359  0.100812  0.004547
-0.105754  0.100736  0.005018
0.021681  -0.129982  0.108301
0.008147  -0.061413  0.053266
-0.090257  0.049722  0.040535
-0.089702  0.049747  0.039955
0.007916  -0.061095  0.053179
0.007964  -0.061169  0.053205
0.007826  -0.060973  0.053147
-0.239628  0.104214  0.135415
0.078008  -0.207066  0.129058
0.077831  -0.207121  0.129290
-0.243663  0.115784  0.127878
-0.243528  0.115898  0.127630
-0.159199  0.219231  -0.060033
-0.144097  0.212653  -0.068556
0.029132  -0.151861  0.122729
-0.128399  0.115144  0.013256
0.030106  -0.152893  0.122787
0.030074  -0.152861  0.122787
-0.127314  0.115285  0.012029
-0.127178  0.115311  0.011867
-0.126896  0.115349  0.011547
0.029581  -0.152267  0.122686
-0.126307  0.115429  0.010878
0.016923  -0.067780  0.050857
0.001080  -0.072531  0.071451
0.001056  -0.072806  0.071750
0.001035  -0.073017  0.071982
0.001006  -0.073327  0.072320
0.000991  -0.073479  0.072488
-0.006366  0.071867  -0.065502
0.027055  -0.094605  0.067550
0.059812  -0.160041  0.100229
-0.248355  0.085030  0.163325
-0.198103  0.027098  0.171005
-0.199713  0.039533  0.160180
-0.191953  0.035292  0.156661
-0.146131  0.049817  0.096315
-0.160833  0.125669  0.035164
0.022153  -0.125028  0.102875
-0.140512  0.184509  -0.043996
-0.107145  0.164177  -0.057031
-0.111021  0.171644  -0.060623
-0.104685  0.158564  -0.053879
-0.098768  0.154794  -0.056026
-0.098605  0.154795  -0.056190
0.029755  -0.189204  0.159450
0.029491  -0.188818  0.159326
-0.106893  0.145773  -0.038880
-0.115042  0.147465  -0.032423
-0.109492  0.153910  -0.044418
-0.115260  0.147781  -0.032522
0.032522  -0.184724  0.152201
0.030313  -0.186738  0.156425
-0.186173  0.065051  0.121122
-0.189608  0.066146  0.123462
-0.144343  0.092442  0.051902
0.019162  -0.105116  0.085955
0.019438  -0.106219  0.086781
0.019431  -0.106195  0.086765
-0.132717  0.084037  0.048680
-0.088536  0.135208  -0.046672
-0.038842  0.094744  -0.055902
-0.056019  0.060694  -0.004675
-0.055278  0.060068  -0.004791
-0.049951  0.045213  0.004739
-0.066567  0.058854  0.007713
0.006270  -0.065955  0.059684
0.009436  -0.084283  0.074847
0.006363  -0.082324  0.075961
-0.051198  0.074484  -0.023286
0.006729  -0.106582  0.099853
0.004905  -0.105864  0.100958
-0.030208  0.100401  -0.070193
-0.017980  0.128243  -0.110263
-0.025223  0.133830  -0.108607
0.004621  -0.138143  0.133522
-0.034771  0.080073  -0.045302
0.004885  -0.073422  0.068537
-0.048575  0.067888  -0.019314
0.005490  -0.074892  0.069402
-0.031021  0.070417  -0.039396
0.003115  -0.080033  0.076918
-0.023304  0.077417  -0.054113
-0.022816  0.077049  -0.054233
0.002828  -0.080366  0.077538
-0.023246  0.077188  -0.053942
-0.010812  0.072994  -0.062182
-0.004564  0.053891  -0.049327
-0.000297  -0.041733  0.042030
-0.000222  -0.043333  0.043555
-0.000506  0.024509  -0.024003
0.000132  -0.027644  0.027512
0.000446  -0.037376  0.036930
-0.000081  -0.041387  0.041468
0.000546  -0.038093  0.037548
-0.000305  0.008163  -0.007858
-0.000318  0.008628  -0.008310
-0.000308  0.008320  -0.008012
-0.000338  0.008657  -0.008318
-0.028669  -0.006742  0.035410
0.000026  -0.009100  0.009074
0.000181  -0.016795  0.016613
0.000186  -0.016805  0.016619
0.000236  -0.016977  0.016741
0.000244  -0.017647  0.017402
-0.067998  -0.000324  0.068322
-0.033984  0.008336  0.025648
-0.034768  -0.007123  0.041891
-0.000105  0.002502  -0.002397
-0.024236  0.003092  0.021144
-0.000121  0.004314  -0.004193
-0.024018  0.003824  0.020194
-0.045206  -0.011702  0.056908
-0.045885  -0.011852  0.057737
-0.000823  0.013644  -0.012822
-0.000820  0.013747  -0.012927
-0.000846  0.014509  -0.013664
-0.044125  -0.012204  0.056328
-0.002380  -0.076450  0.078830
0.019096  0.078821  -0.097917
0.019028  0.079016  -0.098043
0.004101  0.060638  -0.064739
-0.000080  -0.062599  0.062679
0.002123  0.061500  -0.063622
-0.000155  -0.062283  0.062437
-0.015761  0.027278  -0.011517
-0.022632  0.022936  -0.000303
-0.021820  0.023480  -0.001660
-0.023179  0.023154  0.000026
0.000961  -0.025164  0.024203
-0.026080  0.024418  0.001662
-0.092747  -0.045284  0.138031
-0.093821  -0.045571  0.139392
-0.000338  0.003511  -0.003173
-0.000362  0.003717  -0.003356
-0.000335  0.003511  -0.003176
-0.072015  -0.002594  0.074609
-0.000368  0.003860  -0.003492
-0.000320  0.003317  -0.002998
-0.010676  0.093388  -0.082712
-0.119513  -0.052254  0.171767
-0.009891  0.073192  -0.063300
-0.121220  -0.051723  0.172944
0.001114  -0.040799  0.039684
-0.018007  0.038666  -0.020660
0.001370  -0.042447  0.041077
-0.019311  0.022776  -0.003465
-0.014980  0.019163  -0.004182
0.000384  -0.010661  0.010277
0.000422  -0.011364  0.010943
-0.024281  0.010342  0.013939
-0.049854  -0.021008  0.070862
-0.047486  -0.028739  0.076225
-0.050621  -0.021037  0.071658
-0.052145  -0.019506  0.071651
-0.001945  0.018884  -0.016939
-0.001878  0.017645  -0.015767
-0.001296  0.011392  -0.010096
-0.090811  -0.007899  0.098709
-0.093317  -0.017485  0.110802
-0.095823  -0.024870  0.120693
-0.003914  0.033690  -0.029776
-0.093798  -0.015799  0.109597
-0.002547  0.021887  -0.019340
0.000595  -0.004955  0.004360
0.000660  -0.006036  0.005376
0.001020  -0.009441  0.008421
0.001289  -0.011323  0.010034
0.001199  -0.010575  0.009376
-0.107333  0.011384  0.095949
-0.088548  0.007370  0.081178
0.000703  -0.006020  0.005317
-0.088469  0.006299  0.082170
0.000901  -0.007627  0.006726
-0.088276  0.006129  0.082147
0.007269  -0.064798  0.057529
0.005554  -0.046749  0.041195
-0.083197  0.038760  0.044437
0.004574  -0.040393  0.035818
-0.077560  0.033389  0.044170
-0.053146  -0.021312  0.074458
-0.049678  -0.014673  0.064351
-0.001706  0.027903  -0.026197
-0.050826  -0.014026  0.064852
-0.001181  0.017924  -0.016743
-0.050818  -0.014059  0.064877
0.000363  -0.008961  0.008599
-0.016870  0.022904  -0.006035
0.000639  -0.024080  0.023441
-0.017284  0.023602  -0.006317
0.000774  -0.042814  0.042040
-0.001150  0.039183  -0.038034
-0.007550  0.037691  -0.030141
-0.007625  0.038764  -0.031140
-0.023151  0.041962  -0.018810
0.001915  -0.041853  0.039938
-0.024885  0.037116  -0.012231
-0.026705  0.036894  -0.010189
-0.000964  0.010457  -0.009493
-0.000845  0.012740  -0.011895
-0.040834  -0.004827  0.045660
-0.000136  0.002202  -0.002066
-0.045842  -0.000642  0.046483
-0.001372  0.015558  -0.014186
-0.001294  0.014782  -0.013489
-0.068003  -0.012396  0.080398
-0.000351  0.003240  -0.002889
-0.086426  0.002362  0.084064
0.000326  -0.002830  0.002504
0.001266  -0.011280  0.010015
-0.073897  0.017567  0.056330
-0.072993  0.015414  0.057579
0.003171  -0.032206  0.029035
-0.058687  0.037708  0.020978
0.003609  -0.042571  0.038963
0.003808  -0.043102  0.039294
0.003218  -0.044666  0.041448
-0.040832  0.046528  -0.005696
0.003100  -0.051026  0.047926
0.003060  -0.050900  0.047840
0.005196  -0.060936  0.055740
0.005098  -0.058832  0.053734
-0.059120  0.041745  0.017374
-0.069292  0.024230  0.045062
0.002938  -0.028776  0.025838
-0.076246  0.025709  0.050537
-0.076474  0.024915  0.051560
-0.076398  0.025752  0.050646
-0.079863  0.014855  0.065008
0.000877  -0.008287  0.007410
0.000694  -0.006577  0.005884
0.000786  -0.007465  0.006679
0.009376  0.090409  -0.099785
-0.002618  -0.067509  0.070127
-0.002445  -0.058271  0.060716
-0.001571  -0.073542  0.075113
-0.002362  -0.075466  0.077828
-0.004693  0.018230  -0.013538
0.002427  -0.035540  0.033112
-0.038160  0.032254  0.005906
0.002002  -0.035326  0.033324
-0.028180  0.018230  0.009949
-0.029446  0.021223  0.008224
0.001120  -0.021778  0.020658
-0.027813  0.019795  0.008018
-0.045790  0.028269  0.017522
0.001752  -0.027197  0.025446
-0.068104  0.022556  0.045548
-0.059731  0.000188  0.059543
-0.036663  0.018151  0.018511
-0.034519  0.015336  0.019182
0.001119  -0.023675  0.022557
0.001128  -0.023110  0.021982
-0.062766  -0.002317  0.065083
-0.000471  0.005785  -0.005315
0.000396  -0.007348  0.006953
-0.030159  -0.000388  0.030547
0.000022  -0.000762  0.000740
-0.032489  0.006681  0.025808
-0.028833  0.002549  0.026284
-0.021311  0.012021  0.009291
-0.015208  0.007032  0.008176
0.000506  -0.013559  0.013053
0.000478  -0.008156  0.007678
0.000442  -0.007418  0.006977
-0.042142  0.007933  0.034208
0.000976  -0.021374  0.020397
-0.027648  0.014376  0.013272
0.000847  -0.019972  0.019125
0.000811  -0.019460  0.018649
-0.000015  0.000225  -0.000210
-0.000820  0.012884  -0.012064
-0.037175  -0.003522  0.040697
0.000645  -0.009306  0.008662
-0.037399  0.003354  0.034046
-0.030994  0.010987  0.020008
-0.029731  0.010489  0.019242
-0.033815  0.005421  0.028393
-0.034176  0.006444  0.027732
0.000305  -0.006400  0.006095
0.000319  -0.005173  0.004854
-0.042712  0.004436  0.038277
-0.012419  0.007953  0.004466
-0.006584  0.004227  0.002358
-0.018546  0.017875  0.000671
0.000440  -0.019398  0.018958
-0.028277  0.023878  0.004399
0.000495  -0.012359  0.011864
-0.022127  0.010896  0.011231
0.000350  -0.011314  0.010964
-0.021168  0.009917  0.011251
0.000367  -0.011522  0.011156
0.000335  -0.010797  0.010462
-0.000534  0.038334  -0.037800
-0.000850  0.036028  -0.035179
-0.000838  0.035135  -0.034297
-0.000798  0.035731  -0.034933
-0.001097  0.026034  -0.024937
-0.001055  0.025051  -0.023996
0.000171  -0.004355  0.004184
-0.027450  0.005001  0.022449
-0.027240  0.004245  0.022995
0.000359  -0.011301  0.010942
0.000172  -0.006146  0.005974
0.000166  -0.005753  0.005587
0.000501  -0.021332  0.020830
-0.020829  0.021590  -0.000761
-0.016775  0.022281  -0.005506
-0.017295  0.023475  -0.006180
-0.033703  0.021279  0.012424
0.001122  -0.022805  0.021683
-0.009803  0.036524  -0.026721
-0.010287  0.037797  -0.027509
0.000293  -0.011820  0.011528
-0.017110  0.012079  0.005031
-0.000070  -0.011006  0.011076
-0.000055  0.009371  -0.009316
-0.003002  -0.009570  0.012572
-0.000081  0.007151  -0.007070
-0.017086  -0.008987  0.026073
-0.000099  0.006307  -0.006208
0.000033  -0.001786  0.001753
0.000111  -0.002969  0.002858
-0.024015  0.004569  0.019446
-0.022828  0.009736  0.013091
0.000524  -0.012120  0.011596
-0.028881  0.010511  0.018369
0.000416  -0.017686  0.017270
0.000663  -0.018992  0.018329
0.000678  -0.018634  0.017957
-0.024432  0.018480  0.005952
0.000491  -0.008529  0.008038
-0.041498  0.009101  0.032397
-0.042202  0.008836  0.033366
0.000336  -0.006022  0.005686
-0.040046  0.005001  0.035046
-0.014027  -0.001585  0.015612
-0.021783  -0.004825  0.026608
-0.028341  -0.013990  0.042331
-0.027171  -0.014893  0.042064
-0.000109  0.007061  -0.006952
-0.025357  -0.006106  0.031463
-0.000280  0.006678  -0.006398
-0.000239  0.005622  -0.005383
-0.017599  0.008027  0.009571
-0.028827  0.011209  0.017618
-0.023638  0.012040  0.011598
0.000405  -0.012885  0.012480
0.000439  -0.013142  0.012703
-0.030305  0.007683  0.022621
-0.041443  0.001385  0.040059
-0.041433  0.001892  0.039542
-0.000794  0.015382  -0.014588
-0.036862  -0.013182  0.050043
-0.037095  -0.013793  0.050889
-0.000795  0.014908  -0.014113
-0.000751  0.014119  -0.013369
0.000238  -0.003585  0.003347
-0.040196  0.003923  0.036273
0.000175  -0.003045  0.002870
-0.052852  0.003466  0.049386
0.000463  -0.007175  0.006713
-0.047225  0.006832  0.040393
-0.046906  0.007521  0.039385
0.000503  -0.007458  0.006956
-0.037129  -0.011491  0.048620
-0.033746  -0.008701  0.042448
-0.039410  -0.003752  0.043161
-0.043121  -0.000261  0.043382
-0.043479  -0.001108  0.044587
-0.000026  0.000422  -0.000396
0.000249  -0.004728  0.004478
0.000286  -0.005221  0.004934
-0.039107  0.009200  0.029907
0.000511  -0.009234  0.008723
-0.000375  0.007261  -0.006886
-0.000324  0.006540  -0.006215
-0.000290  0.005537  -0.005248
-0.024935  0.008924  0.016011
0.000347  -0.011342  0.010995
0.000398  -0.013422  0.013025
0.000370  -0.012633  0.012263
0.000390  -0.012692  0.012302
-0.020697  0.012894  0.007802
-0.039081  0.000030  0.039050
-0.048474  0.001038  0.047436
-0.000079  0.001222  -0.001143
-0.000076  0.001446  -0.001370
-0.035481  0.004090  0.031392
-0.036007  0.007523  0.028484
-0.037215  0.007137  0.030077
0.000477  -0.008811  0.008334
0.000408  -0.007831  0.007424
0.000893  -0.011268  0.010375
0.000848  -0.010831  0.009983
-0.054573  0.009741  0.044832
-0.007933  0.034096  -0.026162
0.000941  -0.032283  0.031342
0.000874  -0.031566  0.030692
-0.025564  0.021731  0.003833
0.000546  -0.016947  0.016400
0.000123  -0.011142  0.011019
-0.012663  0.003865  0.008799
-0.024620  -0.004680  0.029300
-0.000201  0.008847  -0.008646
-0.000039  0.002928  -0.002888
-0.015409  -0.002104  0.017512
-0.014514  -0.004222  0.018737
0.000106  -0.007563  0.007457
-0.024150  0.018480  0.005669
0.000651  -0.018913  0.018262
0.000642  -0.018406  0.017764
0.000665  -0.019160  0.018495
0.001066  -0.020734  0.019669
-0.037346  0.019796  0.017550
-0.019415  0.019252  0.000163
0.000381  -0.010044  0.009663
0.000769  -0.018549  0.017780
-0.025578  0.010541  0.015037
0.000335  -0.007049  0.006714
0.000002  -0.000079  0.000077
0.000020  -0.000631  0.000612
-0.000660  0.013067  -0.012407
-0.031626  -0.020141  0.051768
-0.025600  -0.013544  0.039144
-0.034708  -0.008330  0.043038
-0.029854  -0.011958  0.041812
0.000175  -0.014938  0.014763
0.000700  -0.023490  0.022791
0.000805  -0.024635  0.023830
-0.018999  0.005524  0.013475
-0.018257  -0.000263  0.018520
-0.000068  0.001837  -0.001769
-0.022964  0.001283  0.021681
-0.021716  0.001395  0.020320
0.000120  -0.007862  0.007742
0.000116  -0.004783  0.004667
0.000045  -0.007131  0.007086
0.000149  -0.007263  0.007114
0.000290  -0.010831  0.010542
0.000351  -0.019345  0.018994
-0.021054  0.024413  -0.003359
-0.025668  0.022973  0.002695
-0.025360  0.026079  -0.000719
0.001189  -0.029531  0.028341
0.001251  -0.025849  0.024598
-0.024495  0.021463  0.003032
-0.024178  0.020967  0.003211
-0.022829  0.020776  0.002052
-0.000273  -0.029590  0.029863
0.006117  0.029061  -0.035179
-0.023290  0.025965  -0.002675
0.000690  -0.017960  0.017269
-0.016313  0.010331  0.005982
0.000023  -0.000960  0.000937
0.000005  -0.000192  0.000187
0.005753  -0.007252  0.001499
0.006613  -0.007215  0.000602
-0.025856  0.009928  0.015928
-0.032262  0.010148  0.022114
-0.030678  0.009228  0.021450
0.000533  -0.023247  0.022714
0.000534  -0.018370  0.017836
-0.019668  0.017065  0.002604
0.000542  -0.018580  0.018038
-0.000053  0.000866  -0.000812
-0.032236  -0.000505  0.032741
-0.033289  -0.000817  0.034106
-0.044838  -0.005728  0.050566
0.000044  -0.000587  0.000543
0.000024  -0.000777  0.000753
0.000061  -0.001974  0.001913
-0.000008  0.000187  -0.000179
-0.027290  0.000491  0.026799
-0.011298  0.001362  0.009936
-0.027273  0.004146  0.023127
0.000083  -0.002025  0.001942
-0.018869  0.005295  0.013574
-0.021159  0.005563  0.015596
-0.029153  -0.002514  0.031667
-0.000074  0.003115  -0.003041
-0.000022  0.002006  -0.001985
-0.022585  -0.001208  0.023792
-0.000304  0.007881  -0.007577
-0.000335  0.008660  -0.008324
-0.016247  -0.009558  0.025804
-0.000108  0.005385  -0.005277
-0.000258  0.007121  -0.006862
-0.000278  0.007397  -0.007119
-0.000281  0.007897  -0.007616
-0.000306  0.008359  -0.008053
-0.026165  -0.006803  0.032968
-0.027120  0.027905  -0.000784
-0.028239  0.023691  0.004548
-0.029627  0.023600  0.006027
0.000462  -0.017975  0.017513
-0.017600  0.016414  0.001186
0.000431  -0.018918  0.018487
0.000438  -0.019784  0.019346
-0.014697  0.018155  -0.003459
0.000022  -0.027695  0.027673
0.000038  -0.026983  0.026944
0.000041  -0.027915  0.027873
0.000020  -0.019821  0.019801
0.000234  -0.016648  0.016414
0.000040  -0.020313  0.020273
0.000037  -0.021133  0.021095
0.011425  0.022195  -0.033619
-0.000130  -0.028802  0.028932
0.000268  -0.020006  0.019739
-0.009799  0.013406  -0.003607
-0.008984  0.013913  -0.004929
0.000212  -0.013785  0.013573
-0.000877  -0.029482  0.030359
-0.000857  -0.028847  0.029704
-0.000266  -0.014811  0.015077
-0.000332  -0.014497  0.014829
0.024120  0.004699  -0.028818
-0.000265  -0.007726  0.007990
-0.000271  -0.007441  0.007711
0.026138  -0.006719  -0.019420
0.023431  0.002454  -0.025885
-0.000040  -0.003027  0.003067
0.006980  0.006652  -0.013633
-0.000087  -0.006798  0.006885
-0.000419  -0.021936  0.022355
-0.000115  -0.014584  0.014699
0.008490  0.020915  -0.029405
-0.000043  0.021230  -0.021187
-0.000020  -0.021441  0.021460
-0.000064  -0.013840  0.013904
0.001544  0.013634  -0.015178
-0.011967  0.012709  -0.000742
-0.010963  0.011864  -0.000901
-0.011465  0.012427  -0.000961
-0.011997  0.011986  0.000010
-0.045229  0.004443  0.040786
0.000229  -0.003583  0.003354
-0.044992  0.003808  0.041184
0.000107  -0.003330  0.003223
-0.020704  0.005963  0.014741
-0.010735  0.010383  0.000353
-0.010588  0.010194  0.000395
-0.019386  -0.002993  0.022379
-0.000098  0.003423  -0.003325
0.002383  -0.000916  -0.001467
-0.000030  0.004580  -0.004550
-0.003601  -0.009450  0.013050
0.000076  0.007546  -0.007623
0.000094  0.007767  -0.007861
0.000073  0.007468  -0.007542
0.000104  0.007917  -0.008021
-0.000049  0.011597  -0.011547
-0.000180  0.010123  -0.009943
-0.011015  -0.010041  0.021056
-0.006752  -0.005237  0.011989
-0.014488  0.003426  0.011062
-0.010883  0.002011  0.008872
-0.000007  -0.000558  0.000565
0.013223  0.003725  -0.016949
-0.000015  -0.001621  0.001637
0.010883  -0.008847  -0.002036
0.000216  0.009643  -0.009859
0.000195  0.009913  -0.010109
0.012848  -0.010255  -0.002593
-0.006185  -0.023590  0.029775
0.000311  0.016501  -0.016813
0.003748  -0.007122  0.003373
-0.000036  0.008890  -0.008854
0.000051  0.005475  -0.005527
0.005224  -0.004520  -0.000704
0.000035  0.005032  -0.005067
-0.001148  -0.026944  0.028092
0.027012  0.028113  -0.055126
-0.001190  -0.025978  0.027167
0.023273  0.016233  -0.039506
0.021721  0.002749  -0.024470
0.020306  0.005227  -0.025533
0.018115  0.005628  -0.023744
-0.000158  -0.004752  0.004911
-0.000031  0.012342  -0.012311
0.007039  -0.004253  -0.002785
0.000067  -0.009073  0.009007
-0.000096  -0.009228  0.009324
0.003557  0.009891  -0.013448
0.003677  0.009872  -0.013550
-0.000050  0.002421  -0.002371
-0.025179  -0.000739  0.025918
-0.000011  0.002165  -0.002153
-0.000013  0.002153  -0.002140
-0.000017  0.001584  -0.001567
-0.028139  -0.023777  0.051915
-0.000869  0.029144  -0.028275
-0.000196  0.006262  -0.006065
-0.000183  0.007010  -0.006826
-0.000088  0.014294  -0.014207
-0.010560  -0.002678  0.013238
-0.017200  -0.001237  0.018437
-0.018012  -0.002991  0.021003
0.011275  0.010788  -0.022063
0.021244  0.013659  -0.034903
-0.000072  -0.007191  0.007263
0.007776  0.006545  -0.014320
0.006494  0.006940  -0.013434
0.006131  0.007051  -0.013182
-0.008571  -0.042808  0.051380
0.004803  -0.035372  0.030570
0.000116  0.032287  -0.032402
-0.003677  -0.015384  0.019062
-0.007332  -0.012053  0.019385
-0.006037  -0.006714  0.012751
-0.006444  -0.004137  0.010581
-0.000074  0.004502  -0.004427
-0.008850  -0.007474  0.016324
-0.005821  -0.007780  0.013601
-0.001848  -0.000531  0.002378
-0.000001  0.000370  -0.000369
-0.000032  0.002532  -0.002500
0.000037  -0.003929  0.003892
-0.004292  -0.003049  0.007341
-0.000011  0.003457  -0.003446
-0.001674  -0.003525  0.005199
-0.000168  -0.011863  0.012031
-0.012597  0.001118  0.011479
-0.011285  -0.005600  0.016884
-0.000110  0.005542  -0.005432
-0.000210  0.011625  -0.011414
-0.018445  -0.018129  0.036574
-0.000339  0.017632  -0.017293
-0.015778  -0.016629  0.032407
-0.000332  0.017670  -0.017338
-0.000094  0.003048  -0.002954
-0.006348  -0.002682  0.009030
-0.000030  0.002147  -0.002117
-0.009832  -0.002027  0.011859
-0.016013  0.005315  0.010698
-0.018861  0.005889  0.012972
-0.000554  0.022202  -0.021648
-0.001012  0.027460  -0.026448
-0.000172  0.019601  -0.019429
-0.009945  -0.018349  0.028293
-0.007315  -0.019110  0.026425
-0.010149  -0.018292  0.028441
-0.010616  -0.018157  0.028773
0.025073  0.020940  -0.046013
-0.000204  -0.011815  0.012019
-0.000350  -0.010985  0.011335
-0.000348  -0.010979  0.011327
-0.000346  -0.011051  0.011396
0.000980  0.014224  -0.015205
0.000641  0.008978  -0.009619
0.035391  -0.001708  -0.033683
0.035624  -0.002019  -0.033604
-0.001149  -0.021350  0.022499
0.015455  0.023238  -0.038693
-0.000601  -0.022164  0.022766
0.000119  -0.008630  0.008511
-0.000046  -0.006677  0.006723
0.002944  0.003826  -0.006770
-0.000016  -0.003601  0.003616
0.014643  0.004660  -0.019303
-0.000088  -0.005129  0.005217
0.006981  0.008449  -0.015430
-0.000090  -0.008381  0.008471
0.000158  -0.011394  0.011236
0.000212  -0.012033  0.011821
-0.000314  -0.017676  0.017991
0.017042  0.017585  -0.034627
-0.000421  -0.017106  0.017526
-0.000512  -0.016320  0.016832
0.000052  0.002061  -0.002113
0.000073  0.002580  -0.002653
0.012570  0.004682  -0.017252
-0.000055  -0.003528  0.003583
0.012789  0.009349  -0.022138
0.007609  0.008975  -0.016584
-0.000129  -0.008372  0.008501
0.011283  0.008176  -0.019459
-0.000125  -0.008502  0.008626
0.000030  -0.007161  0.007131
-0.002278  0.007118  -0.004840
0.000026  -0.007209  0.007182
0.000005  -0.000754  0.000749
-0.009604  -0.002122  0.011726
-0.006519  -0.000185  0.006704
-0.000009  0.000975  -0.000966
0.000042  -0.001368  0.001327
0.000098  -0.003530  0.003432
0.000162  -0.008014  0.007851
-0.025077  0.013001  0.012075
-0.031087  0.010534  0.020554
-0.031911  0.010567  0.021343
0.000358  -0.015190  0.014832
-0.016935  0.015000  0.001936
-0.016208  0.014770  0.001438
-0.000178  -0.014331  0.014509
-0.000242  -0.014341  0.014582
0.000249  -0.008975  0.008727
-0.015197  0.008381  0.006817
-0.015350  0.008423  0.006927
-0.000902  0.013501  -0.012600
-0.035087  -0.009953  0.045040
-0.000512  0.010537  -0.010025
-0.036169  -0.009158  0.045327
-0.000027  0.001195  -0.001168
-0.014319  0.003324  0.010995
0.000049  -0.002455  0.002406
0.000056  -0.002672  0.002615
-0.031331  0.005052  0.026279
0.000091  -0.001838  0.001747
0.000097  -0.001927  0.001830
0.000033  -0.006298  0.006265
0.000022  -0.004412  0.004390
-0.004109  0.004593  -0.000484
-0.003502  0.004384  -0.000882
0.000032  0.011480  -0.011513
0.002007  -0.011509  0.009502
-0.000189  0.005424  -0.005235
-0.009722  -0.000369  0.010092
0.000008  -0.000514  0.000506
-0.011043  0.000564  0.010479
-0.018073  -0.009161  0.027233
-0.000204  0.006799  -0.006595
-0.017439  0.008336  0.009103
-0.017816  0.008928  0.008888
-0.017332  0.006930  0.010402
-0.024473  0.004933  0.019540
0.000256  -0.007332  0.007076
-0.024783  0.004747  0.020036
-0.025897  0.005719  0.020178
0.000206  -0.006674  0.006469
-0.019954  0.006308  0.013646
-0.019729  0.006259  0.013470
0.000202  -0.006735  0.006533
-0.027101  0.000172  0.026929
0.000074  -0.002040  0.001966
0.000072  -0.001993  0.001921
-0.000016  0.000539  -0.000524
-0.000017  0.000576  -0.000559
0.000395  -0.012408  0.012013
0.000397  -0.012401  0.012003
-0.011902  0.012199  -0.000298
-0.012205  0.012210  -0.000005
0.000221  -0.010552  0.010331
0.000206  -0.010505  0.010299
-0.012612  0.004448  0.008164
0.000197  -0.005885  0.005688
-0.025972  0.005658  0.020314
0.000027  -0.002328  0.002300
-0.014163  0.002416  0.011748
0.000064  -0.002463  0.002400
0.000066  -0.002497  0.002431
0.000074  -0.002394  0.002321
-0.021832  0.002349  0.019483
-0.021805  0.002342  0.019463
0.000277  -0.013368  0.013091
-0.006134  0.013006  -0.006872
-0.012772  0.009025  0.003747
0.000175  -0.009134  0.008959
0.000190  -0.006070  0.005879
0.000236  -0.007404  0.007168
-0.020940  0.005975  0.014965
-0.024778  0.012318  0.012460
0.000505  -0.013481  0.012976
0.000509  -0.013522  0.013013
0.001103  0.016320  -0.017423
0.000444  0.018981  -0.019426
0.000200  -0.011433  0.011234
-0.011431  0.004981  0.006450
-0.010537  0.004095  0.006442
0.000070  -0.004327  0.004257
-0.010653  0.004136  0.006517
0.000028  0.009849  -0.009877
-0.000039  0.006160  -0.006121
-0.000031  0.002174  -0.002143
-0.013249  -0.006984  0.020232
-0.009719  -0.001230  0.010950
0.000015  -0.000879  0.000864
0.000016  -0.000896  0.000880
-0.011911  0.000837  0.011074
-0.011971  0.000856  0.011115
0.003043  -0.013939  0.010896
-0.000664  0.001679  -0.001015
-0.001229  0.002235  -0.001006
0.000005  -0.002296  0.002292
-0.038717  0.002330  0.036387
-0.000332  0.006364  -0.006032
-0.000032  0.000776  -0.000744
-0.000031  0.000748  -0.000716
-0.029315  -0.000653  0.029968
-0.000031  0.000731  -0.000700
-0.028953  -0.006321  0.035275
-0.000378  0.010570  -0.010193
-0.000378  0.010557  -0.010179
-0.025414  -0.009802  0.035216
-0.048623  0.003527  0.045097
-0.048792  0.003704  0.045088
-0.049311  -0.008285  0.057596
-0.049137  -0.008462  0.057600
-0.021799  -0.013007  0.034805
-0.014388  -0.007261  0.021649
-0.014253  -0.007354  0.021607
-0.000158  0.007660  -0.007503
-0.000158  0.007657  -0.007499
-0.014315  -0.007333  0.021648
-0.000155  -0.011738  0.011893
0.000061  -0.005117  0.005056
-0.018201  -0.007114  0.025314
-0.013948  0.001367  0.012581
0.000031  -0.001507  0.001476
-0.013964  0.001373  0.012592
0.000063  -0.005741  0.005678
-0.008451  0.005863  0.002589
-0.006683  0.012592  -0.005910
-0.007166  0.013059  -0.005893
0.000356  -0.010723  0.010367
-0.016574  0.011279  0.005295
0.000497  -0.015895  0.015398
0.000278  -0.015760  0.015483
-0.008257  0.015214  -0.006957
-0.015852  -0.005277  0.021129
-0.000212  0.009467  -0.009255
-0.024692  -0.013682  0.038374
-0.025058  -0.011228  0.036286
-0.025056  -0.011226  0.036282
-0.000424  0.012094  -0.011669
0.000011  -0.012783  0.012771
0.000286  -0.012477  0.012190
0.000112  -0.004316  0.004203
-0.019791  0.004123  0.015668
0.000129  -0.004401  0.004272
-0.022834  0.007595  0.015239
0.000236  -0.007233  0.006996
-0.022042  0.006779  0.015263
-0.021942  0.006740  0.015202
-0.001631  0.030140  -0.028509
-0.001581  0.030171  -0.028590
-0.001579  0.030213  -0.028634
-0.053819  -0.006789  0.060609
-0.046035  -0.001132  0.047167
-0.046350  -0.000889  0.047239
-0.019681  0.014977  0.004704
-0.028269  0.009716  0.018553
-0.000025  0.000668  -0.000643
-0.021295  0.000117  0.021178
0.000011  -0.000351  0.000340
-0.021425  0.000317  0.021108
0.000012  -0.000387  0.000375
-0.034109  -0.003213  0.037321
-0.035648  -0.001802  0.037450
-0.000106  0.002098  -0.001992
-0.034334  0.001248  0.033085
0.000327  -0.007795  0.007467
0.000321  -0.007729  0.007409
0.000322  -0.007758  0.007435
0.000043  -0.004612  0.004568
0.000099  -0.006143  0.006044
-0.008562  0.006777  0.001786
-0.017778  0.000001  0.017776
-0.000015  0.001058  -0.001043
-0.017609  -0.001549  0.019158
-0.000023  0.000866  -0.000843
-0.018381  -0.000807  0.019188
-0.000022  0.000829  -0.000807
-0.000023  0.000871  -0.000847
-0.000023  0.000854  -0.000831
-0.044309  -0.049748  0.094057
-0.002684  0.056742  -0.054058
-0.002324  0.039320  -0.036996
-0.047260  -0.034435  0.081696
-0.034422  -0.016202  0.050624
-0.000843  0.018072  -0.017229
-0.014883  -0.004267  0.019150
-0.000099  0.004665  -0.004565
-0.000100  0.004707  -0.004607
-0.014647  -0.004494  0.019141
-0.000100  0.004714  -0.004614
0.000629  -0.024220  0.023591
-0.015087  0.023031  -0.007944
-0.002446  0.016117  -0.013671
-0.009411  0.017366  -0.007955
-0.009739  0.017677  -0.007938
0.000139  -0.022504  0.022364
-0.003790  0.022019  -0.018229
0.000152  -0.022532  0.022380
-0.000017  -0.012105  0.012122
-0.000018  -0.012076  0.012095
0.001582  -0.021429  0.019847
-0.050811  0.019251  0.031560
-0.050863  0.019273  0.031590
-0.050795  0.019245  0.031550
0.000842  -0.028074  0.027232
-0.016860  0.025334  -0.008474
-0.028387  0.014491  0.013896
-0.027930  0.014030  0.013900
0.000625  -0.015058  0.014433
0.000388  -0.006407  0.006019
-0.043965  0.006072  0.037893
-0.000332  0.005513  -0.005181
-0.000269  0.005678  -0.005409
-0.000271  0.005699  -0.005428
-0.000137  0.002874  -0.002737
-0.033482  -0.002535  0.036016
0.000268  -0.004054  0.003786
0.000272  -0.004095  0.003823
-0.027420  0.003074  0.024346
-0.028317  0.004845  0.023472
0.000312  -0.007107  0.006795
-0.043463  -0.001014  0.044477
-0.046546  0.001881  0.044665
-0.000538  0.008120  -0.007582
-0.000718  0.011411  -0.010693
-0.045612  -0.009926  0.055538
-0.000712  0.011453  -0.010741
-0.045588  -0.009936  0.055524
-0.045576  -0.009940  0.055516
0.000431  -0.020371  0.019940
-0.013385  0.019465  -0.006079
0.000975  -0.025660  0.024686
0.001239  -0.029472  0.028233
0.001281  -0.029516  0.028235
0.001278  -0.029491  0.028214
0.000789  -0.026482  0.025693
-0.021491  0.025042  -0.003551
-0.021511  0.025051  -0.003539
0.000878  -0.026517  0.025638
-0.021503  0.025047  -0.003544
-0.021462  0.025025  -0.003563
-0.046857  -0.002031  0.048888
0.000021  -0.000440  0.000419
0.000021  -0.000423  0.000402
0.000020  -0.000417  0.000397
-0.057378  0.005387  0.051991
0.000394  -0.005018  0.004625
-0.056928  0.004968  0.051960
-0.039089  -0.003272  0.042361
-0.030473  0.001605  0.028868
0.000249  -0.006010  0.005762
0.000241  -0.005969  0.005729
-0.011726  0.000782  0.010944
0.000067  -0.003193  0.003126
0.000037  -0.002451  0.002414
-0.011763  0.005866  0.005897
-0.011755  0.005863  0.005892
0.000110  -0.006151  0.006041
0.000444  -0.016398  0.015954
0.000300  -0.013055  0.012756
-0.015218  0.012431  0.002787
0.000217  -0.005749  0.005532
0.000213  -0.004269  0.004057
0.000211  -0.004246  0.004035
-0.005652  0.009243  -0.003591
0.000083  -0.009396  0.009313
-0.013336  0.016978  -0.003642
-0.013524  0.018085  -0.004561
0.000352  -0.014129  0.013777
0.000308  -0.014078  0.013770
0.000483  -0.011344  0.010861
0.000353  -0.011086  0.010733
0.000353  -0.011085  0.010732
0.000353  -0.011083  0.010730
-0.024074  -0.025532  0.049606
-0.000795  0.016696  -0.015900
-0.010367  -0.016847  0.027214
-0.011537  -0.015652  0.027189
-0.000258  0.016337  -0.016079
-0.000258  0.016337  -0.016078
-0.000258  0.016341  -0.016083
-0.000003  -0.000138  0.000141
0.013654  0.000226  -0.013880
0.000068  -0.009372  0.009304
-0.013694  0.002445  0.011249
0.000053  -0.002582  0.002529
-0.020655  -0.013603  0.034258
-0.000417  0.014490  -0.014073
-0.012650  0.016545  -0.003895
0.000122  -0.011240  0.011118
-0.000192  0.007154  -0.006962
-0.000246  0.006953  -0.006708
-0.024855  -0.006462  0.031317
-0.038030  -0.008568  0.046598
-0.036547  -0.004326  0.040873
-0.032208  -0.002934  0.035142
-0.029004  -0.002854  0.031857
-0.019313  -0.002472  0.021785
-0.000079  0.002838  -0.002760
-0.000079  0.002841  -0.002762
-0.019077  -0.002698  0.021775
-0.000079  0.002843  -0.002764
-0.031047  0.022134  0.008912
0.001106  -0.023816  0.022710
0.000757  -0.015977  0.015220
-0.032120  0.014791  0.017329
-0.037585  0.024266  0.013319
0.001496  -0.026678  0.025182
-0.037787  0.024452  0.013335
-0.000247  -0.018301  0.018548
0.000053  -0.012556  0.012503
0.000164  -0.011493  0.011329
-0.009492  0.011055  -0.001564
-0.009489  0.011054  -0.001565
-0.000059  -0.019730  0.019789
0.002254  0.019558  -0.021811
0.000208  -0.008111  0.007903
-0.017275  0.007674  0.009600
0.000051  -0.003761  0.003711
0.000053  -0.003765  0.003713
0.000053  -0.003765  0.003712
-0.029155  0.005545  0.023610
0.000229  -0.005483  0.005254
-0.028710  0.005128  0.023582
-0.000270  -0.017606  0.017876
0.003331  0.019992  -0.023323
0.003338  0.019989  -0.023326
0.003339  0.019988  -0.023327
-0.035899  -0.000887  0.036786
-0.035899  -0.000887  0.036785
-0.024045  0.010526  0.013519
-0.024044  0.010525  0.013518
-0.020192  -0.002815  0.023007
-0.028933  0.000249  0.028684
-0.029462  0.000751  0.028711
-0.029455  0.000749  0.028706
0.000032  -0.000761  0.000729
-0.029453  0.000749  0.028704
-0.029458  0.000750  0.028709
0.000032  -0.000758  0.000726
0.000032  -0.000759  0.000727
-0.071494  -0.032861  0.104355
-0.001813  0.024976  -0.023164
-0.001813  0.024976  -0.023163
-0.055289  -0.021390  0.076679
-0.055280  -0.021393  0.076672
0.000356  -0.010267  0.009912
-0.022402  0.009601  0.012801
-0.015892  0.016911  -0.001020
0.000308  -0.006647  0.006339
0.000478  -0.009304  0.008827
-0.030311  0.009848  0.020464
0.000447  -0.010179  0.009732
0.000446  -0.010175  0.009729
0.000446  -0.010173  0.009727
0.000446  -0.010177  0.009730
0.000446  -0.010174  0.009728
-0.001982  0.037810  -0.035828
-0.041750  -0.033626  0.075376
-0.001269  0.023867  -0.022598
-0.000971  0.019951  -0.018979
-0.035752  -0.018024  0.053776
-0.000782  0.016298  -0.015517
-0.035008  -0.014737  0.049746
-0.000046  0.008102  -0.008056
-0.012420  -0.000196  0.012616
-0.012448  -0.000178  0.012626
-0.000003  0.000159  -0.000156
-0.000018  -0.001737  0.001755
0.005884  0.001727  -0.007611
0.005876  0.001729  -0.007605
-0.011296  0.009314  0.001982
0.000069  -0.007698  0.007629
0.000092  -0.007719  0.007627
0.000818  -0.016983  0.016165
0.000619  -0.011666  0.011046
0.000627  -0.011692  0.011065
0.000627  -0.011688  0.011061
0.001603  -0.025976  0.024373
-0.041960  0.023644  0.018316
-0.041970  0.023648  0.018321
-0.041963  0.023646  0.018317
-0.041966  0.023647  0.018319
-0.032671  -0.007854  0.040525
-0.031483  -0.005581  0.037064
-0.033169  0.001320  0.031849
-0.033113  0.001275  0.031838
-0.033109  0.001271  0.031837
-0.024383  0.006926  0.017457
0.000129  -0.003865  0.003736
-0.022971  0.003636  0.019335
-0.022976  0.003638  0.019338
0.000131  -0.003874  0.003743
-0.008758  0.019131  -0.010373
-0.018014  0.015171  0.002843
0.000426  -0.015719  0.015292
-0.017710  0.014888  0.002821
-0.017711  0.014888  0.002823
0.000426  -0.015716  0.015290
0.000044  -0.007445  0.007400
0.000066  -0.008689  0.008623
-0.004267  0.008454  -0.004186
-0.022591  -0.002330  0.024922
0.000037  -0.001306  0.001269
0.000159  -0.004290  0.004132
-0.025237  0.004011  0.021226
-0.025238  0.004012  0.021226
0.000158  -0.004288  0.004130
0.000334  -0.008836  0.008502
0.000333  -0.008832  0.008499
-0.025579  0.008257  0.017322
0.000333  -0.008831  0.008498
-0.021565  0.010606  0.010959
-0.014840  0.004077  0.010763
-0.005460  0.004801  0.000659
0.000618  0.002057  -0.002676
0.000620  0.002055  -0.002674
-0.000002  -0.002121  0.002123
-0.000002  -0.002118  0.002119
0.000619  0.002055  -0.002674
-0.000002  -0.002117  0.002119
-0.000002  -0.002118  0.002119
0.011861  0.008274  -0.020135
0.000257  -0.022991  0.022734
-0.006501  0.022353  -0.015852
-0.009185  0.010744  -0.001558
-0.008916  0.010486  -0.001570
0.000152  -0.010888  0.010736
-0.012784  0.014087  -0.001303
-0.012519  0.013826  -0.001307
-0.015856  0.019184  -0.003328
-0.013130  0.014225  -0.001095
0.000292  -0.014598  0.014306
0.000292  -0.014599  0.014307
0.000291  -0.014596  0.014304
-0.008005  0.011762  -0.003757
-0.011119  0.010821  0.000298
0.000196  -0.011339  0.011142
-0.019680  0.009633  0.010047
-0.019475  0.009436  0.010039
-0.022135  0.003390  0.018745
-0.021918  0.003175  0.018742
-0.021911  0.003174  0.018737
-0.021903  0.003171  0.018733
