0.020210  0.008426  0.094902
0.020988  -0.014617  0.077831
0.121614  0.066949  0.164176
-0.036769  -0.001665  0.062164
0.011995  -0.006878  0.035798
0.047235  -0.002498  0.035153
0.014514  -0.001261  -0.398847
0.005122  -0.001082  -0.333691
0.022463  -0.020995  -0.282838
-0.009544  -0.022312  -0.212425
-0.001289  -0.006964  -0.179293
0.008131  -0.013010  -0.140923
-0.022607  0.004533  -0.110611
0.053926  0.118910  0.014568
0.016514  -0.005247  -0.087995
0.088075  -0.003683  -0.068515
0.247152  0.098466  0.048692
-0.008246  0.002613  0.373985
0.021262  0.008959  0.326033
0.023158  0.000738  0.278205
0.003785  -0.019965  0.224760
-0.013358  -0.014540  0.180615
0.008984  0.035256  0.143667
0.016100  0.028111  0.113788
-0.000497  0.006346  0.094282
0.089206  0.090583  0.180093
-0.000565  -0.001184  -0.149124
0.003169  -0.017271  -0.126450
0.109624  0.071863  -0.006327
-0.004106  -0.019063  -0.106031
-0.015352  0.028699  -0.055797
-0.009353  0.000407  -0.046564
-0.029484  -0.025939  -0.039555
0.002955  -0.028843  -0.032076
-0.000335  0.002538  -0.024014
0.101183  0.129914  0.085064
-0.002107  -0.010452  0.190354
-0.026128  -0.010005  0.172432
0.014496  0.017254  0.128520
0.025580  0.004858  0.109966
0.023051  0.003799  0.084158
0.125929  0.105916  0.166339
-0.006198  0.010073  0.067105
-0.013869  -0.003705  0.038613
0.029676  0.009767  0.031361
0.170140  0.124077  0.128748
-0.021377  -0.009878  0.174055
-0.009677  -0.020958  0.148461
-0.003740  -0.004660  0.122978
0.013775  0.001504  0.096318
0.042348  0.000553  0.079119
0.005964  0.013908  0.063665
0.083466  0.128719  0.154474
-0.048032  -0.007688  0.050791
-0.046246  -0.012127  0.071458
-0.010330  -0.020935  0.029275
0.014314  0.005574  -0.392660
0.015861  0.010420  -0.376326
-0.010349  0.007678  -0.299306
-0.016038  -0.003395  -0.239903
0.011674  -0.018941  -0.194169
0.027338  -0.030111  -0.155628
-0.005850  0.032858  -0.125393
0.014700  -0.006464  -0.099994
0.016046  -0.012836  -0.077555
0.124732  0.086480  0.042672
0.007429  -0.008242  0.366410
0.021709  0.020862  0.728244
-0.002282  0.004539  0.207384
0.016514  -0.014662  0.197200
0.010758  -0.009463  0.153095
-0.004710  -0.005176  0.124462
-0.012292  0.024999  0.100884
-0.017683  0.011728  0.080979
0.011741  0.007089  0.067568
0.143708  0.108272  0.161305
0.016446  -0.022600  -0.102293
0.032790  -0.004131  -0.089366
-0.007862  0.011487  -0.071766
-0.028408  -0.035533  -0.058117
0.064356  0.032370  0.057822
-0.014945  -0.034558  -0.046047
0.027590  -0.029425  -0.027875
0.032493  0.032350  -0.022685
0.022873  0.003498  -0.019370
0.125055  0.086617  0.088974
-0.012551  0.008108  -0.409658
0.008090  -0.017207  -0.447350
0.012989  0.007834  -0.305908
-0.020762  0.004902  -0.255759
-0.000333  -0.009719  -0.204553
0.016995  0.033684  -0.161578
0.008613  0.051762  -0.131338
0.112596  0.172970  0.000019
0.001019  -0.010714  -0.104083
-0.013619  -0.003888  0.122284
-0.018502  0.029270  0.149227
0.088821  0.163173  0.278634
-0.001046  0.028199  0.124977
0.021629  0.008822  0.074881
-0.012150  0.001531  0.058599
-0.022813  -0.009160  0.046782
-0.003422  -0.031354  0.037753
0.124026  0.058690  0.138700
0.015182  -0.020413  0.028383
0.040731  0.024590  0.048845
0.023060  0.006280  0.500161
0.121671  0.100139  0.970029
0.019680  -0.015195  0.321608
0.015502  -0.010778  0.289104
-0.004455  0.011461  0.245456
0.012282  -0.016580  0.182063
0.004411  -0.010464  0.149394
0.026206  -0.016710  0.116963
0.038096  -0.004966  0.092933
0.161088  0.113270  0.184164
-0.032447  -0.014455  -0.557957
-0.043522  0.014551  -0.503470
-0.044311  -0.001391  -0.397032
0.069126  0.095262  -0.200993
-0.003270  -0.001924  -0.314541
-0.005469  -0.040521  -0.174764
-0.022418  -0.011811  -0.148571
-0.001797  0.020841  -0.118974
0.023226  -0.005804  -0.097814
0.158081  0.082793  0.031196
-0.022095  -0.027857  0.728188
-0.025174  -0.000400  0.622068
-0.007761  0.003555  0.520039
0.009495  -0.004816  0.411016
-0.001438  0.018563  0.323666
0.019550  -0.008527  0.276892
0.152148  0.080022  0.350983
0.042926  0.009952  0.206560
0.016689  -0.003747  0.116901
0.112149  0.095943  0.157041
0.007498  -0.015484  -0.458035
-0.033335  0.016167  -0.492056
-0.001728  0.009985  -0.342995
-0.021713  -0.015102  -0.276183
0.015504  -0.023451  -0.221568
-0.001052  -0.024419  -0.178423
-0.014540  -0.003443  -0.142825
0.012835  -0.031650  -0.113842
0.152130  0.056699  0.022581
0.381618  0.238710  0.245599
0.684470  0.496610  0.539070
-0.019363  -0.007718  0.033351
0.015360  0.004748  0.029382
-0.004753  -0.014580  0.024427
-0.007332  0.005037  0.021567
-0.033716  0.006777  0.014283
-0.012670  -0.031118  0.014019
0.009025  -0.031493  0.009759
0.005378  -0.014303  0.006337
0.123605  0.112877  0.120062
0.020785  0.009332  -0.317224
-0.010695  0.022131  -0.284196
0.085821  0.146398  -0.140776
0.011137  -0.007396  -0.228605
-0.003135  -0.021738  -0.128987
0.016097  0.021016  -0.100431
0.018926  0.003561  -0.084114
0.001887  -0.030762  -0.065755
-0.043356  0.005063  -0.056683
0.042713  0.148474  0.068474
-0.025055  -0.000068  0.237980
0.000887  -0.006240  0.261689
-0.027970  0.003080  0.178626
0.020511  -0.002278  0.150315
0.182367  0.108870  0.246199
0.435683  0.313745  0.441891
-0.011355  0.015497  0.119804
0.012761  0.001060  0.046099
0.018051  -0.005221  0.037164
0.147623  0.106711  0.149639
0.007921  -0.000389  -0.293802
0.009940  0.005205  -0.272208
-0.005003  -0.013705  -0.227153
0.002573  -0.019508  -0.182156
0.028041  -0.003332  -0.151621
-0.025895  -0.022487  -0.114058
-0.016231  -0.014731  -0.093630
-0.001959  0.011567  -0.075769
0.135714  0.150356  0.059354
-0.007123  0.006014  -0.044782
0.017996  0.021326  0.104281
0.005552  0.015380  0.099314
-0.021576  0.013401  0.078499
-0.009167  0.004152  0.062908
0.010512  -0.013426  0.050180
0.006355  -0.015288  0.041528
0.002384  0.002517  0.033147
-0.005529  0.030467  0.026051
-0.006604  0.014264  0.021697
0.119694  0.119623  0.140225
0.001260  -0.011543  0.136186
0.034324  0.002391  0.255580
0.188759  0.132478  0.474348
-0.007302  -0.021784  0.068477
0.035255  0.033789  0.052297
0.026045  0.001704  0.044520
0.000837  -0.032490  0.036589
-0.027157  0.018979  0.029387
-0.022449  0.022243  0.023264
-0.047920  0.019597  0.516503
0.002586  -0.007362  0.569524
-0.018581  0.021080  0.447992
0.004674  -0.012559  0.356582
0.019719  -0.013554  0.284679
0.161143  0.105185  0.350779
-0.014189  0.000938  0.231220
0.022839  0.012237  0.132856
0.182771  0.141479  0.177601
-0.016391  -0.003009  0.112544
-0.044658  0.002213  0.184140
-0.013611  -0.014677  -0.832206
0.142447  0.092532  -1.526986
0.000125  -0.027653  -0.710033
0.002532  0.008619  -0.459312
0.010786  -0.009239  -0.359600
0.013932  -0.002218  -0.289720
0.023229  0.017579  -0.227752
0.162733  0.154861  -0.060848
0.013112  -0.022299  -0.189365
-0.023725  0.028802  0.253560
-0.001451  0.018554  0.310659
-0.016598  0.005693  0.261614
0.003386  0.011890  0.206728
0.010110  0.015743  0.163580
-0.016067  -0.027632  0.132632
0.016573  0.004358  0.108630
0.006138  -0.017599  0.084427
-0.029509  -0.001221  0.069515
-0.029433  -0.001438  0.052858
0.103820  0.120690  0.157335
-0.002996  0.030589  -0.029687
0.045374  0.081388  -0.061008
0.018925  0.000714  -0.016815
-0.015660  0.002338  -0.015990
-0.008292  0.010432  -0.010597
0.005982  0.005842  -0.011532
-0.008033  0.003751  -0.006279
-0.000760  -0.005621  -0.007759
-0.012429  -0.005273  -0.004608
-0.012874  -0.015809  0.116870
0.000756  -0.012053  0.137276
-0.021828  0.010272  0.109602
-0.019768  0.005093  0.085953
-0.008588  0.013143  0.070631
-0.007335  0.011190  0.060114
0.034646  0.015777  0.040154
0.006182  0.022857  0.033937
0.037510  0.007637  0.031473
0.021452  -0.008968  0.023082
-0.013359  0.017774  -0.516896
0.009070  0.022818  -0.586506
0.003353  -0.032118  -0.495461
-0.009482  -0.011185  -0.390009
-0.019549  0.020475  -0.314012
0.107140  0.168861  -0.135713
-0.031427  0.013498  -0.250271
0.000500  -0.004415  -0.152285
0.161523  0.104921  0.044901
0.006005  -0.025217  -0.123001
0.014334  0.009762  -0.073711
-0.007225  -0.003262  -0.262687
-0.016365  -0.017943  -0.222806
0.015528  -0.008473  -0.190390
0.006990  -0.019807  -0.153026
0.004044  -0.015609  -0.122259
0.001131  -0.030153  -0.097231
0.015563  -0.012153  -0.075878
-0.000483  0.014539  -0.061611
0.008718  0.019232  -0.048620
0.152698  0.147531  0.082162
-0.010533  0.022436  0.572391
0.020133  -0.034358  0.542484
0.013986  0.004935  0.428804
-0.005056  0.008698  0.368320
-0.019906  -0.003912  0.295535
0.002066  -0.001609  0.239302
0.017204  0.009648  0.191047
-0.008671  0.013761  0.153401
-0.019649  -0.010553  0.124264
0.109201  0.094938  0.221305
-0.003381  0.000230  -0.027433
0.037335  -0.005354  -0.028848
0.023562  -0.026706  -0.023989
0.008002  -0.007249  -0.021183
-0.003996  -0.003886  -0.012997
-0.017748  0.003392  -0.010084
-0.007775  0.023305  -0.009641
0.009781  0.015481  -0.004515
-0.016811  -0.009479  -0.006326
0.011821  -0.003925  0.320171
-0.020068  -0.020835  0.372968
-0.024764  -0.024741  0.297168
0.036161  -0.008589  0.234442
0.006964  0.017860  0.197973
0.010355  0.012887  0.153836
-0.004523  0.015318  0.125168
0.122612  0.142799  0.224112
-0.025145  0.006921  0.102226
0.006869  -0.015878  0.058415
0.041551  -0.013243  0.052853
-0.023450  -0.015749  -0.057338
0.008444  0.010730  -0.046461
0.009498  0.011878  -0.040100
0.026714  -0.017973  -0.031997
0.024283  0.007593  -0.023562
-0.007695  0.009333  -0.022953
-0.025755  -0.017843  -0.017470
-0.025295  -0.020587  -0.010812
-0.006665  0.016976  -0.010619
0.148611  0.173267  0.111800
-0.005126  0.012659  -0.008076
0.018896  0.013844  -0.273153
0.004472  -0.032975  -0.257544
0.041080  -0.009288  -0.236698
-0.003297  -0.044118  -0.156388
-0.024009  -0.016098  -0.124971
-0.004488  0.002589  -0.100339
-0.005375  -0.040337  -0.080734
-0.011898  0.016025  -0.063229
0.124441  0.188366  0.072494
-0.021097  -0.015367  0.276446
0.004741  -0.050201  0.562035
0.167802  0.049917  0.914299
0.019810  -0.013239  0.238468
0.011215  0.027304  0.096879
-0.035898  -0.010695  0.074811
-0.015586  -0.042857  0.066181
0.019996  -0.003780  0.051632
-0.007852  0.008295  0.043111
0.113378  0.146501  0.161789
0.007753  0.001805  -0.202785
0.002281  0.010771  -0.183118
-0.002535  -0.006269  -0.136243
-0.001105  -0.003669  -0.114736
0.003617  -0.006079  -0.089402
0.151549  0.121250  0.057191
-0.000055  0.009145  -0.048360
0.011318  0.019363  -0.046663
-0.025639  0.008662  -0.035514
0.089715  0.130020  0.100444
-0.004679  0.009897  0.188414
0.000196  -0.009013  0.200043
-0.014540  -0.022314  0.131828
0.008694  0.012497  0.105852
0.004558  -0.003782  0.087047
0.021269  -0.002301  0.068248
0.004438  -0.025864  0.055673
0.000704  -0.009766  0.043732
0.143453  0.133739  0.161728
0.008638  0.000378  0.026912
-0.006925  0.019109  -0.061772
-0.025943  -0.009215  -0.057711
-0.002169  0.004835  -0.046393
0.009266  0.020590  -0.037481
-0.014459  0.039733  -0.030633
0.007328  0.013313  -0.024441
0.046378  0.012808  -0.018059
0.002467  -0.012692  -0.017979
-0.032775  -0.018849  -0.012207
0.085907  0.107518  0.120653
-0.006475  -0.004193  -0.650627
0.067107  0.038385  -1.138724
0.000791  -0.039332  -0.558014
0.009552  0.019953  -0.324305
-0.019662  0.024660  -0.278372
-0.009928  0.010143  -0.220628
-0.000017  -0.008087  -0.178577
-0.008064  0.000347  -0.145210
-0.014607  -0.016252  -0.120692
0.128112  0.102714  0.027130
0.016885  -0.019881  1.062473
-0.000619  0.009345  0.906703
0.003784  -0.012515  0.726163
-0.000951  -0.021163  0.580296
0.143887  0.104604  0.591631
0.035223  -0.011549  0.464844
-0.021049  0.006038  0.280608
-0.012321  0.022880  0.222574
-0.017255  0.017908  0.185659
0.128242  0.147372  0.283912
-0.020669  -0.010248  -0.136601
0.006444  0.002772  -0.116901
0.005782  0.033333  -0.093512
-0.000517  -0.013924  -0.073613
-0.013110  -0.003834  -0.059364
0.001812  0.007411  -0.048812
0.030387  -0.003981  -0.037522
0.203723  0.121024  0.099951
0.021372  -0.000741  -0.029394
0.001592  0.015667  -0.484026
-0.014720  -0.007020  -0.603749
-0.021035  -0.015084  -0.505361
-0.007983  0.001298  -0.404171
0.027036  -0.006069  -0.328500
0.024223  0.005299  -0.258523
0.000934  0.002113  -0.206608
0.004362  -0.014858  -0.166190
-0.014569  -0.019686  -0.131796
-0.021749  0.002226  -0.106500
0.124101  0.154458  0.043958
0.393060  0.411663  0.295254
0.006291  -0.027794  0.055551
-0.017838  0.005975  0.049249
-0.020873  0.018340  0.039586
-0.007862  -0.027015  0.034809
0.012007  0.014187  0.026633
0.000556  0.000900  0.019734
-0.010953  -0.027185  0.015765
0.010426  0.000694  0.013255
0.181467  0.159881  0.143396
-0.029832  -0.007008  -0.177143
-0.006523  -0.010024  -0.149307
0.167059  0.125259  0.005918
0.461766  0.371888  0.263865
-0.011226  -0.018352  -0.062013
-0.017678  0.003196  -0.056730
-0.021761  -0.004159  -0.046694
0.006078  -0.010348  -0.038319
-0.007505  0.026691  -0.029934
0.138988  0.195856  0.111798
-0.042262  -0.055605  -0.020346
-0.017151  -0.043566  -0.015446
0.034478  0.048638  -0.009230
-0.063838  -0.035897  -0.023213
0.252723  -0.167503  0.003037
0.665939  -0.132591  0.159907
1.158554  0.035709  0.422061
1.717312  0.311614  0.769837
2.331618  0.674903  1.187751
2.993554  1.109988  1.663947
3.696718  1.604564  2.189016
-0.199773  -0.035653  -0.178905
-0.035999  0.005608  0.091235
0.277423  0.126682  0.146135
0.707769  0.373410  0.338584
1.233759  0.721869  0.642014
-0.316334  -0.084536  0.118626
-1.371845  -0.576693  -0.148971
-2.031701  -0.817455  -0.211940
-0.588978  0.217062  0.039874
1.980482  0.213778  0.310188
1.788422  0.989533  0.112536
1.839550  1.768513  0.108159
2.085465  2.553825  0.258377
2.488505  3.348368  0.533063
3.019187  4.154139  0.908648
-1.178612  0.259229  -0.066108
-4.325995  -2.682587  -0.688227
-0.348462  -0.071870  0.094850
3.064145  2.203758  0.882875
-0.290291  -1.156194  7.547977
-2.726292  -3.645790  13.045561
-4.427556  -5.439108  17.609116
-5.541037  -6.675409  21.425426
-6.184296  -7.466096  24.643942
-1.303403  2.337479  9.208065
0.257671  -2.015558  -0.367532
1.787359  -5.268812  -7.929013
3.300152  -7.658961  -13.879239
4.806760  -9.369656  -18.540497
2.254935  -2.296286  0.360618
0.513333  3.555686  15.580456
-0.230214  -0.336388  0.013377
-0.525210  -3.256752  -12.341404
-0.461374  -5.399738  -22.126371
-1.632350  -0.702447  -0.157165
-2.269294  3.237874  17.517281
-2.479002  6.572348  31.756155
-2.346910  9.421847  43.246822
-1.941381  11.897107  52.594257
1.550871  -0.927074  -0.733194
4.644520  -11.038130  -43.295784
7.419292  -19.027573  -77.246437
9.938967  -25.319712  -104.307457
12.254551  -30.253986  -125.856758
14.406845  -34.101933  -142.996597
16.428497  -37.080769  -156.608658
18.345617  -39.364254  -167.398224
20.179087  -41.091381  -175.929428
21.945602  -42.373325  -182.653549
23.658514  -43.299011  -187.931503
25.328480  -43.939564  -192.052063
26.964029  -44.351868  -195.246063
28.571974  -44.581406  -197.698105
30.157742  -44.664555  -199.555893
31.725674  -44.630394  -200.937408
33.279228  -44.501999  -201.936951
34.821167  -44.297375  -202.629883
1.547812  0.425461  -0.314952
-24.772051  36.307198  161.645767
-6.668479  -1.887908  0.461391
-4.641951  -2.155431  0.329194
-2.722311  -2.267122  0.335041
-0.888314  -2.253912  0.452290
-4.618872  -0.688529  0.024733
-7.305278  0.666881  -0.202177
-9.156487  1.854548  -0.267636
0.429619  0.821271  -0.047673
8.396187  0.098394  0.247440
15.067005  -0.375928  0.605073
0.467447  0.114933  -0.128638
-10.914895  0.612070  -0.590323
-19.723587  1.114462  -0.833459
-1.196340  -2.428562  0.072069
0.518332  2.258569  0.114472
0.362880  2.374004  0.145859
0.535227  2.594104  0.305432
-0.056104  1.363294  0.051747
-0.232665  0.508009  -0.013758
-0.077527  -0.046625  0.072204
0.342864  -0.363240  0.280816
0.975339  -0.490775  0.589501
0.874751  -0.852643  -0.166966
1.845508  0.601628  -0.123919
2.917926  1.897687  0.056785
-1.636396  1.476007  -0.080220
-4.984274  1.278559  -0.040737
0.933111  0.853125  0.359047
-0.162082  -0.539262  0.201771
-0.743004  -1.514830  0.229918
-0.912625  -2.156715  0.407317
-0.753320  -2.531426  0.705031
-0.330991  -2.694189  1.101513
0.301644  -2.687954  1.579846
1.102407  -2.546263  2.126845
2.037558  -2.295236  2.732536
3.080103  -1.955316  3.388972
4.208446  -1.542262  4.090356
-0.689665  -0.322566  1.762012
-4.314083  0.796728  0.080694
1.186980  -0.900662  -1.056871
5.881714  -2.123821  -1.789413
1.376609  0.652014  -0.632719
-1.933804  3.001807  0.468544
-4.288569  5.010998  1.526504
-5.878932  6.747935  2.550717
-6.857887  8.267294  3.548827
-1.169956  -0.600891  -0.401682
3.673514  -7.582501  -3.401305
7.841341  -13.054626  -5.644116
1.615834  1.967779  0.148981
-3.071752  14.099322  4.942132
2.533818  -1.105614  0.346799
-0.756102  1.005446  -0.011799
-3.095542  2.808582  -0.137086
-1.724039  0.160062  -0.213402
-0.334555  -1.844024  -0.110954
1.069214  -3.332341  0.136002
2.484298  -4.407820  0.500735
-0.790951  -0.428569  -0.622398
-1.798010  1.370494  -0.539546
-0.542081  0.435110  -0.481927
0.625854  0.327551  -0.436050
1.851779  0.357795  -0.224750
1.410827  0.831017  -0.180749
1.349427  1.326478  0.031980
1.591552  1.839952  0.380571
-0.079233  0.031758  -0.215981
1.185572  -0.291769  0.000638
2.488337  -0.431909  0.357993
0.411763  0.130322  0.213547
-0.958798  0.698561  0.285603
-1.764658  1.271824  0.531813
-2.118866  1.849325  0.918294
-2.111865  2.430434  1.417865
-1.816010  3.017468  2.011205
-1.289180  3.612632  2.683711
-0.577674  4.217433  3.423788
0.281466  4.833127  4.222495
2.122527  -0.736892  0.259791
3.885087  -5.072921  -2.719114
5.584735  -8.421548  -4.915120
7.233937  -10.980037  -6.483942
-3.695777  2.174160  -0.437447
-12.150297  12.818361  4.589459
-2.031806  1.511256  -0.204411
6.352015  -7.413157  -3.848073
13.347984  -14.431202  -6.570707
19.233555  -19.923933  -8.555653
24.230680  -24.196186  -9.949582
-0.546182  -0.612657  0.218354
-0.927096  -1.181181  0.060085
-1.614192  -0.394154  -0.137203
-1.875734  0.358347  -0.097536
-1.796967  1.083463  0.132562
-1.446083  1.790711  0.517077
3.343690  -0.817138  0.204713
7.463113  -2.779596  0.157189
11.046122  -4.225504  0.322177
14.199859  -5.257935  0.658894
17.010035  -5.959344  1.135448
19.545210  -6.395695  1.727248
0.231791  -0.576109  0.075332
0.367405  -0.889062  0.087857
0.762461  -1.013917  0.314319
-0.708977  1.496575  0.677465
-1.599805  3.631406  1.186707
2.131858  0.012983  0.548917
-1.022292  -1.307006  0.073748
-3.259703  -2.235552  -0.088776
1.421198  -0.378802  -0.024250
5.451549  1.244587  0.246700
2.191359  -0.078039  -0.153805
-0.131478  -0.990053  -0.251640
-1.704592  -1.573339  -0.106490
-2.678084  -1.893512  0.234005
-3.172032  -2.003070  0.731736
-0.925150  0.275829  -0.085587
-1.570769  -0.653774  0.309410
-1.802883  -1.239286  0.849600
-1.704347  -1.549481  1.507066
0.877583  -0.075383  0.154311
3.227055  1.268245  -0.704292
0.015133  0.826624  0.148726
-2.270752  0.645403  1.055240
-3.815935  0.672925  2.005180
-4.768670  0.867881  2.990461
-5.247567  1.197205  4.004639
-0.942332  -1.232623  0.261053
2.784863  -3.015880  -2.505802
6.049479  -4.290112  -4.490439
1.597528  0.840423  -0.003091
-1.681470  5.090825  3.817508
-4.022254  8.637360  7.105539
1.520238  0.094874  0.238961
6.236349  -6.606040  -5.021044
-1.752650  0.647650  0.196836
-7.862030  6.584099  4.606099
2.149668  -0.008850  0.299220
10.440551  -5.149268  -2.909522
17.354630  -9.127425  -5.238918
2.301888  -0.886584  0.007828
-3.785742  0.425128  0.004764
-8.374946  1.609394  0.242393
-11.765562  2.691940  0.673427
1.016949  0.337247  0.161138
11.523405  -1.410899  -0.006087
1.788563  1.321378  -0.010947
-5.719170  3.643281  0.229407
-1.028549  -0.476065  0.281166
3.003784  -3.634989  0.568721
-1.473472  -0.938484  0.199175
-4.775742  1.355745  0.152730
-7.138172  3.328391  0.365580
0.601406  -1.381868  0.053806
-1.016178  0.711440  0.273111
-2.031292  2.524051  0.699488
-2.564575  4.112338  1.292332
-0.257489  1.168302  0.038740
1.866704  -1.048268  -0.710713
-0.236492  1.035797  0.311804
-2.810311  0.515293  0.303615
-4.591271  0.238239  0.553134
-5.738084  0.156175  1.009624
1.196198  0.521057  -0.056422
7.021299  0.954783  -0.650640
11.958914  1.445940  -0.866594
-1.631381  -0.093534  0.172758
-1.168063  0.420424  0.344416
-2.333716  -0.647972  0.356910
-2.989286  -1.352407  0.630467
-3.236931  -1.765446  1.113685
-3.158378  -1.945140  1.765428
-0.112356  0.141052  0.125154
-1.332909  0.606315  0.393839
-2.033100  1.138882  0.875423
1.112792  0.288465  0.327011
1.046774  0.153649  0.083588
1.269794  0.202675  0.157883
1.723905  0.399238  0.487504
0.954358  -0.296436  -0.705164
0.614136  -0.694223  -1.385925
-2.337528  -0.647977  -0.598575
-4.423721  -0.451777  0.306309
-5.817675  -0.135389  1.306005
-1.675133  0.594140  -0.485502
1.913633  1.341181  -1.643086
-0.012538  0.742413  0.141890
-1.278998  0.431059  1.846877
-2.017772  0.350017  3.488446
0.610604  0.071307  -0.801629
2.987486  0.015552  -3.954650
5.163038  0.138092  -6.197245
7.177391  0.403950  -7.710596
-2.229000  0.625550  -0.150793
-1.470943  0.347575  -0.064092
-0.590997  0.293444  0.288949
0.386388  0.418439  0.857420
1.441654  0.687669  1.601693
2.559156  1.073922  2.490885
3.726372  1.556012  3.501028
4.933286  2.117446  4.613501
0.935726  -0.156249  -0.051296
-1.989464  -1.796250  -3.471756
-4.056898  -2.929077  -5.895973
-5.438266  -3.655947  -7.522418
-2.354399  0.761760  0.388988
0.385091  4.499012  7.073827
0.637800  -1.396716  -0.225810
1.112095  -5.923161  -5.714869
1.763523  -9.375342  -9.780621
0.739449  0.501701  0.406226
0.191911  8.554587  8.861564
0.025464  15.148368  15.932469
0.163754  20.575077  21.896593
0.545697  25.096825  27.007376
-1.553018  -0.209126  0.368690
-2.960950  -20.251917  -20.576765
-3.816391  -36.083973  -36.966881
-0.206588  0.093494  -0.027214
3.836414  0.071575  -0.814108
7.341321  0.406336  -0.945237
10.415618  1.026765  -0.551597
13.145287  1.875941  0.264614
15.599110  2.908330  1.422355
-1.072771  0.195401  -0.861874
0.165891  1.163491  0.281679
1.426466  2.291880  1.703658
1.362413  -1.000190  0.242595
1.580513  -3.279718  -0.417390
2.024186  -4.760012  -0.438791
2.648170  -5.608502  0.051484
1.814429  -0.472597  -0.040756
1.416177  3.968264  0.396840
1.366159  7.853303  1.259059
1.594574  11.293896  2.461732
2.045579  14.396284  3.938483
2.674498  17.233990  5.635246
3.445592  19.860142  7.508768
4.330267  22.317236  9.524439
5.305645  24.639259  11.654570
6.353425  26.853392  13.877002
-1.054870  -0.368643  0.503116
-6.714336  -21.789440  -9.675936
-10.974878  -38.569084  -17.298141
-0.986248  -0.126267  0.110575
-0.767379  0.024763  0.089687
-0.115603  -0.647822  0.137765
0.672245  -0.831500  0.700508
1.568794  -0.624778  1.675717
2.552148  -0.104525  2.981630
3.604792  0.669290  4.552932
2.420632  0.598277  0.104970
-2.117318  -0.328357  0.145657
-5.482192  -0.710883  0.706960
-7.908761  -0.657943  1.685481
-9.584839  -0.256453  2.998500
-10.660672  0.424057  4.579839
-0.863317  -0.442177  0.017505
7.239305  -0.780032  -3.123916
13.985995  -0.696610  -5.142800
19.647785  -0.275542  -6.273745
-1.775516  0.567840  3.771981
-18.650034  1.599249  12.288749
-0.908865  0.361237  2.077417
13.547890  -0.278166  -5.659800
1.423574  -0.243496  1.396827
0.345046  0.942541  0.932687
-0.254424  2.239736  0.957001
-0.470802  3.626032  1.372874
-0.380863  5.083783  2.102811
1.444445  -1.115489  -1.086422
-1.525227  0.059376  -0.965680
-3.638390  1.325203  -0.481709
-3.241549  0.396096  -0.371610
-0.270310  -0.253364  -0.208377
2.368806  -0.454301  0.313267
2.647439  0.235714  -0.259041
-0.654306  -0.149953  -0.128198
-3.034035  -0.136674  0.369143
-4.676302  0.195933  1.160418
1.470840  1.029438  -0.058147
6.649768  2.022918  -0.644554
11.053970  3.149248  -0.727309
-1.437830  -0.027959  0.360597
-11.170521  -2.231849  1.618255
-1.297728  -0.608144  0.163982
6.860952  1.037119  -0.617898
13.648191  2.707939  -0.864989
19.338118  4.407547  -0.684759
24.150028  6.132225  -0.161059
28.259354  7.877120  0.640941
31.806423  9.638348  1.670547
34.903488  11.412793  2.887866
0.541614  0.124897  0.252260
-26.688890  -8.539656  -1.454746
-48.214504  -15.105381  -2.418180
-65.176384  -19.991886  -2.786063
-0.173367  0.478837  0.193952
52.087330  17.221815  2.996680
94.153992  30.982759  5.673556
-1.485916  0.232897  -0.110721
-0.912577  -0.406799  0.167077
-0.196430  -0.554629  0.840659
0.831846  0.384634  0.307450
1.911517  1.503338  0.334614
0.895232  -0.727045  0.412038
0.338828  -2.143769  0.929217
0.150113  -2.909419  1.798882
0.255339  -3.154063  2.951216
0.595502  -2.983045  4.336444
0.391364  -0.114831  0.842542
0.483610  2.547592  -1.481213
0.812751  5.046000  -2.880302
2.347083  -0.518499  0.720642
0.979993  0.293111  0.430488
0.866942  -0.303130  0.355400
1.030990  -0.437937  0.768383
0.179730  1.184813  0.731849
-0.247217  2.824827  1.179051
2.479339  -0.233852  0.435674
4.914214  -2.354843  0.314817
7.115529  -3.735547  0.692074
1.384031  -0.839291  0.197126
-0.144723  0.467620  0.184487
-1.114969  1.822439  0.652300
-1.638628  3.215728  1.505138
-1.805234  4.639938  2.666662
-1.686416  6.089025  4.075798
-1.339473  7.565312  5.690646
-0.810247  9.070874  7.478794
-0.135409  10.607411  9.415051
-0.597129  0.050929  0.149185
-0.715476  -8.054202  -6.746747
-0.559339  -14.198122  -11.746072
-0.183827  -18.801966  -15.251076
-0.179523  -0.354323  0.625029
0.074096  14.775642  13.878873
0.526954  27.251602  25.070051
0.992967  0.187270  0.236276
0.030625  0.733403  0.107383
1.531140  1.003548  0.222759
2.980665  1.460838  0.784610
4.389184  2.070429  1.707304
0.603450  1.181798  0.371378
-2.176666  0.718130  -0.218610
-1.544176  0.580662  0.414012
-1.109274  -1.046946  0.204083
-0.513410  -2.110841  0.518868
-0.880306  -0.804190  0.223635
-1.955153  -0.461679  0.113976
-2.567665  0.045813  0.512301
-2.810519  0.685414  1.317645
-0.053200  -0.045624  0.379465
-0.555415  -0.227495  0.483140
-0.710541  -0.142796  1.049593
-0.588203  0.155283  1.986899
-0.244101  0.625581  3.225896
0.277262  1.236269  4.713245
1.003774  0.535105  0.141956
1.830655  0.208231  -3.034676
2.737713  0.179186  -5.110161
3.708709  0.388525  -6.315195
-1.135587  -0.062962  0.096815
-4.765879  -0.190494  5.677026
-7.425062  -0.058771  10.592339
-9.307561  0.280507  14.976320
-10.568911  0.785978  18.935818
-11.333423  1.424493  22.556252
-11.700654  2.169593  25.905996
1.335941  -1.088868  -0.067921
0.738587  -0.764532  -0.018599
0.505054  -0.286228  0.428501
0.562581  0.315515  1.194073
0.852769  1.019266  2.218996
1.247253  -0.737353  0.074921
1.408602  0.648378  0.113639
1.536136  -0.332796  0.210992
1.881600  -0.899361  0.700384
2.401220  -1.136730  1.506224
3.060013  -1.111840  2.569655
3.829956  -0.876793  3.845249
4.688643  -0.472368  5.297935
5.618133  0.069704  6.899692
6.604070  0.724768  8.629033
0.536016  0.801698  0.975877
-4.076438  1.088281  -4.689273
-7.524599  1.542993  -8.763751
-1.530771  -0.225579  0.054921
3.505723  -1.423069  7.611541
7.776162  -2.169240  14.195367
-0.581697  0.337918  0.318914
-7.026984  2.551749  -10.208291
-11.942225  4.530972  -18.055653
-15.633433  6.322556  -23.758692
-18.345417  7.964077  -27.745817
-20.274014  9.485592  -30.359741
-21.575888  10.911144  -31.874624
-22.376366  12.259963  -32.509781
-22.775871  13.547548  -32.440594
-22.854563  14.786175  -31.807415
0.434625  -0.136488  0.021132
0.151745  -0.403223  0.950777
0.166253  -0.436004  2.317530
0.418543  -0.281351  4.034423
0.860992  0.023895  6.032182
1.455487  0.451115  8.255410
-2.781645  -1.108037  0.897797
-5.931019  -2.170236  -4.361882
-8.210313  -2.834786  -7.942581
-9.793666  -3.181132  -10.179461
-10.820385  -3.273195  -11.340279
-11.401911  -3.162015  -11.639242
-11.627393  -2.888152  -11.248076
5.692333  1.734140  0.026923
19.787636  5.641273  9.678555
31.303282  8.995451  18.031427
40.755077  11.924924  25.345928
-3.927345  0.162726  -0.516693
-39.434074  -8.987050  -20.573256
-67.600365  -16.046604  -35.984547
-2.315570  -0.465835  0.100981
0.269497  -0.794589  0.091985
0.970911  -0.877706  0.072317
-0.105501  -1.163457  0.417882
-0.033459  -0.286828  0.311525
0.263084  0.750752  0.863397
0.739128  1.922674  1.943157
-1.153278  -0.390459  0.418540
-2.428576  -1.893271  -0.161721
-3.210261  -2.747651  0.014034
0.510966  1.465279  0.729236
0.492497  -0.481843  0.261405
-1.357193  -0.005501  0.301657
2.914080  0.876308  0.414662
6.569727  1.954763  1.147788
9.732915  3.195676  2.377595
-2.405857  -0.154089  0.077874
1.679866  -0.597553  0.392747
5.186984  -0.571348  1.289459
8.231245  -0.169107  2.652058
3.078283  0.422575  0.481048
-1.127505  -1.103109  0.186713
-4.253837  -1.940084  0.598248
0.577840  -1.096134  -0.120156
4.681268  -0.036877  -0.050129
8.201988  1.194713  0.651634
11.256431  2.564257  1.862453
13.937735  4.044250  3.481139
16.320406  5.612688  5.426742
18.464045  7.251964  7.634495
20.416321  8.947989  10.052585
22.215364  10.689489  12.639554
-4.018087  0.129092  0.605658
-24.767788  -7.933391  -8.368893
6.146773  -1.069394  -0.673416
31.115301  4.808458  6.135969
51.326916  9.898100  12.236382
67.732819  14.357244  17.770216
81.094025  18.312748  22.850616
92.019295  21.866030  27.568153
100.995613  25.098282  31.995329
5.489335  -0.380786  -0.216852
-0.568483  0.635963  0.284426
-5.179496  1.839731  1.340268
-8.633371  3.193151  2.840315
-7.008045  -0.153821  0.656366
-5.473449  -2.458687  -0.445791
-4.011736  -3.940844  -0.687231
-2.608621  -4.772683  -0.240750
1.749033  0.731097  0.061866
5.468314  5.510231  0.948333
8.676599  9.723993  2.307103
11.475785  13.485491  4.050631
13.947389  16.885202  6.105973
16.156616  19.995506  8.411309
-1.350850  -0.440002  0.692140
-15.125506  -16.397846  -4.821055
-25.914221  -28.773561  -8.568909
-34.314476  -38.283566  -10.903924
-40.804245  -45.500954  -12.108123
-45.765896  -50.884186  -12.407118
-49.505302  -54.800011  -11.981396
-5.686129  0.678339  1.539059
29.598696  45.453304  13.021212
58.055981  81.666862  22.873274
81.051170  111.032730  31.421806
99.676590  134.921753  38.928043
114.806046  154.430542  45.600956
127.138535  170.436340  51.607704
137.233231  183.640884  57.081993
145.537201  194.604172  62.130768
5.100467  0.761536  -4.658224
-0.433779  1.134165  0.515445
-0.437149  0.902133  0.301161
-0.213577  1.116269  0.800791
0.191013  1.687019  1.871978
-0.030113  -0.598999  0.278907
-3.794705  1.264741  0.362917
-2.554520  0.565878  0.674903
-1.338781  0.401616  1.597687
-3.981545  -0.414143  0.499666
-5.873227  -0.673512  0.295372
-7.164569  -0.488088  0.806481
-7.976165  0.052851  1.890332
4.074453  2.311812  0.572271
13.935396  4.515383  0.186634
22.044086  6.674553  0.545539
28.750631  8.797604  1.502455
34.334930  10.891668  2.942662
-1.422770  -2.125882  6.072535
-29.810963  -12.144710  9.254208
2.320043  1.675663  3.164011
28.241718  13.126502  -1.061489
49.195370  22.681385  -3.814795
2.601750  -0.549858  2.144562
1.973210  0.591872  0.833697
1.684968  1.898457  0.398782
-3.979723  -0.007121  0.778776
-8.298035  -1.139058  1.697356
0.251607  1.408405  3.076460
-4.266795  0.155250  3.765691
2.587562  1.052359  2.459502
2.848374  1.489277  1.973230
3.267619  2.229653  2.198816
3.813040  3.212459  2.995510
-0.852682  -0.981501  1.977531
-0.733912  -0.041486  1.106798
1.831792  0.380330  0.732499
4.092102  1.106936  1.048725
6.107526  2.077036  1.919322
7.926469  3.241594  3.238324
9.587654  4.561378  4.923361
11.122053  6.005003  6.909606
12.554441  7.547358  9.147667
-1.979113  -0.265719  1.230648
-2.079791  0.514178  0.678177
2.338357  3.185909  0.520586
6.075432  5.708732  1.055588
-5.104476  0.505086  0.670758
-13.846991  -3.272800  1.027053
2.494241  1.444315  0.505520
15.767545  5.603100  0.749991
26.585962  9.315198  1.608854
35.439873  12.669594  2.963862
42.721611  15.737797  4.722916
48.744987  18.576685  6.813561
53.761070  21.232109  9.177835
57.970692  23.740709  11.761374
61.534462  26.131464  14.520678
0.616458  -0.504265  0.369866
-47.923267  -21.429958  -10.257424
-86.561043  -37.788227  -18.065342
-117.277901  -50.493126  -23.617212
-141.658600  -60.275890  -27.363674
-160.970932  -67.721283  -29.665432
3.016784  -0.229525  0.071817
-3.119241  0.288077  0.707439
-7.837307  1.082075  1.912515
-11.421491  2.096890  3.573540
-5.012396  -1.044143  1.112393
0.304199  -3.194560  -0.171801
-2.702664  1.070388  0.558428
-4.919752  4.833657  1.822440
3.961910  1.360818  0.154818
11.254699  -1.083169  -0.506573
17.275911  -2.717215  -0.366073
1.562701  0.349295  0.055639
-10.821845  3.114931  1.064084
-4.867691  0.382001  0.549885
-1.285728  0.084319  0.490040
-3.901643  0.468891  0.433431
-3.122079  0.056268  0.418706
-2.314770  0.019908  1.077117
-1.485733  0.284084  2.277610
1.610778  -0.179735  0.169561
4.270247  -0.259104  -0.845804
0.449527  -0.787553  0.251356
-2.425720  -0.919837  1.795814
-4.545055  -0.735485  3.698483
2.644971  2.594810  -1.577357
8.576931  5.564397  -5.155278
-0.367929  -1.776098  -0.680240
-7.344815  -7.329299  3.525891
-12.747785  -11.452959  7.517270
-16.892080  -14.433274  11.337215
-20.029890  -16.499199  15.020378
-22.362955  -17.833889  18.594471
-0.237929  0.375514  -0.309598
17.638405  15.312679  -14.898048
-3.657916  0.209427  0.264575
-20.519539  -11.504082  12.904670
-3.031674  -0.744867  0.445936
11.133191  8.230868  -9.010171
22.639225  15.779366  -16.063643
-1.857059  -1.120404  0.433252
4.974750  1.150572  0.236360
10.613024  3.334186  0.591564
-3.173474  0.211024  0.544244
-14.030733  -1.921231  1.021513
1.701965  -0.744267  -2.088046
14.459208  0.563043  -4.061601
24.835653  1.973815  -5.125465
33.307014  3.466539  -5.460688
40.253841  5.024544  -5.212637
45.980556  6.634493  -4.496423
50.730686  8.285150  -3.401019
54.699028  9.968085  -1.996697
58.041405  11.676554  -0.337488
60.882442  13.405153  1.533881
3.373171  2.637585  -1.064138
-42.467655  -5.616199  -2.587647
-78.974182  -11.858626  -3.251916
-108.013710  -16.491680  -3.229100
-8.073282  -2.725649  -0.135981
2.577655  -0.151705  0.472265
5.154430  -0.854895  0.728700
7.380250  -1.061873  1.508183
9.324810  -0.873190  2.710329
11.044067  -0.367256  4.256664
12.582581  0.394698  6.086354
13.975991  1.362585  8.152096
15.253012  2.495010  10.417738
16.436401  3.758782  12.854386
17.544363  5.127347  15.440893
0.520696  -3.227713  -0.079993
-3.878157  4.445850  1.739010
0.936755  3.195775  1.002609
-0.154988  1.410823  0.943086
-0.869548  0.332038  1.542801
1.114738  2.683414  0.687499
2.859966  4.919584  0.647095
4.413422  7.063299  1.258761
5.812931  9.132757  2.395797
7.088768  11.142356  3.959247
8.265136  13.103766  5.871653
9.361407  15.026155  8.073710
10.393077  16.916866  10.518353
11.372538  18.781754  13.170434
12.309686  20.625656  16.001566
0.852450  4.655155  0.931643
0.044347  -6.165278  0.368390
-0.448482  -14.471579  0.640729
-0.688887  -20.767361  1.581555
-0.727156  -25.455502  3.057187
-0.604149  -28.857491  4.960503
-0.351925  -31.247831  7.210996
0.003936  -32.842194  9.739208
-2.562896  -6.703823  -0.319081
0.076210  0.869243  0.411177
2.340689  7.273158  1.724067
4.304922  12.741483  3.503352
0.470322  -0.024886  0.020683
1.456015  1.130194  0.368758
2.395600  2.398468  1.377203
-1.670419  -1.699163  0.216379
-4.773259  -4.633893  0.018533
-7.106064  -6.638873  0.591621
-8.823379  -7.900319  1.781742
-10.048835  -8.567203  3.465773
-1.911227  -1.828757  -0.020384
-0.455347  -0.191511  0.171180
0.856396  1.458475  1.041993
2.052300  3.118391  2.460749
3.155007  4.785990  4.325867
4.182627  6.459472  6.552651
1.429462  1.103845  0.210611
-0.628526  -2.842732  -4.126980
-2.130902  -5.662335  -6.860735
-3.189317  -7.580620  -8.311143
-3.893045  -8.778435  -8.734308
-4.313510  -9.400419  -8.335143
-1.091049  -5.931163  0.433751
-4.050123  -4.388754  2.830821
-6.276007  -2.820631  5.487937
-7.915439  -1.233288  8.354065
-9.086220  0.369185  11.387680
-4.122894  2.313031  3.392444
-0.012485  4.200218  -2.302113
10.229857  8.017156  -1.842923
18.562607  11.401574  -0.798448
25.367165  14.439723  0.719613
30.948801  17.199789  2.625478
35.551708  19.736397  4.851504
39.371082  22.093962  7.345754
42.563065  24.308012  10.066775
45.252548  26.406960  12.982298
47.539589  28.412722  16.060877
-0.688264  3.595045  -5.435483
-39.136227  -15.933468  -21.885641
-69.760872  -31.231333  -34.298203
-94.127434  -43.145008  -43.480072
-113.488052  -52.351608  -50.076717
-128.844406  -59.392803  -54.604530
-140.997757  -64.701897  -57.476562
0.843552  -7.529567  4.255176
114.447670  38.531731  54.391830
205.461868  75.703979  95.253220
1.528684  4.941769  -2.291694
0.792851  6.044031  3.831561
0.333595  7.248309  9.483109
0.366019  6.818805  8.595501
-2.352857  0.448065  7.630058
-4.400065  -4.329068  7.606865
-4.086065  -2.333287  5.615803
-3.707873  -0.415472  4.762751
1.186401  1.082614  3.044529
1.314492  -1.464223  1.661677
1.542457  -3.193879  1.276416
1.849821  -4.278559  1.687597
2.220206  -4.852794  2.738202
2.640669  -5.022039  4.307186
0.639604  -0.495144  1.424572
-1.044691  -1.097977  0.437280
-2.269328  -1.291671  0.385246
-3.126737  -1.158296  1.081680
-3.690859  -0.763510  2.377150
-4.020677  -0.159837  4.152898
3.128873  -1.195068  -0.627925
8.969164  -1.740761  -3.734358
-2.435422  4.432579  3.045199
-11.439429  9.650408  9.171359
-18.523361  14.103582  14.775511
-24.071621  17.944782  19.962713
-28.391714  21.296143  24.817049
0.831982  -0.154552  0.598160
24.328527  -17.149176  -18.198299
2.919123  -0.229985  0.258014
-14.091749  13.420812  15.588347
-0.271102  -0.658631  -2.011211
10.901136  -11.807267  -15.525112
19.954182  -20.611517  -25.770256
-1.986758  0.841363  -2.421633
-19.425121  18.117826  16.824398
-33.261860  32.052895  32.788967
-2.097229  0.936097  -0.716081
22.947557  -23.843977  -26.951380
43.096031  -43.554932  -47.370167
-2.019820  -0.081888  0.007727
-38.000801  34.809166  38.480000
-0.303165  0.252347  0.305098
4.883966  0.376559  0.102694
2.126832  -0.865302  0.205740
-0.108147  -1.001584  0.367286
-1.786687  -0.998612  1.068632
-0.619880  1.333209  0.684655
-1.356590  0.340292  0.657844
-0.450916  0.223181  0.570956
0.381277  0.251428  1.075252
1.154228  0.395841  2.055161
1.879344  0.633626  3.420847
2.565733  0.947119  5.102658
0.458021  0.974792  0.680452
0.826552  1.601741  0.537245
1.226303  2.230343  1.020036
2.031548  0.292439  0.510864
-1.119621  -0.799384  0.394736
-3.537000  -1.554206  0.899510
-5.367801  -2.039680  1.901414
-6.729789  -2.309928  3.301249
1.878623  -0.074003  -0.716921
8.867107  1.843436  -3.352403
14.559196  3.515355  -4.882907
19.213711  4.998889  -5.529203
23.037701  6.338788  -5.467905
-1.211285  0.462636  -0.519401
-20.511038  -4.079138  4.018546
-35.851868  -7.553664  8.228354
-48.026005  -10.174644  12.175963
-57.667217  -12.113033  15.914112
0.754938  -1.579451  0.352379
-1.768574  2.844887  0.510873
2.087552  0.862831  0.509928
-1.094469  0.825637  0.444298
-1.618945  0.702552  0.428322
-1.942866  0.801809  0.996666
-2.106749  1.078697  2.032675
-0.734721  1.733619  0.446570
0.457352  2.457862  -0.240562
1.505061  3.240776  -0.208307
2.436876  4.074466  0.399835
3.275575  4.952496  1.471787
4.039378  5.870350  2.920612
-2.997348  0.946750  0.486845
-8.534690  -2.772843  -0.861614
-12.872819  -5.529052  -1.342154
0.810279  -0.614221  0.466810
11.847825  3.563227  2.521349
20.768530  7.170449  4.782352
27.995369  10.338737  7.219209
4.876410  -0.867441  0.520609
2.016225  -1.363898  0.467189
-0.182898  -1.462657  1.065914
-1.853589  -1.243509  2.186552
-3.101950  -0.770286  3.724916
-4.012856  -0.094188  5.597783
2.366340  -1.093507  0.489124
7.556653  -1.601186  -2.982059
-4.331274  0.257243  0.574918
-13.755486  2.032850  4.020130
-21.209133  3.741949  7.376118
-27.086727  5.397591  10.660915
-31.703867  7.010215  13.888943
-35.313015  8.588169  17.071732
2.189578  -0.693185  1.182716
-3.309381  0.901097  1.040023
-7.625070  2.415031  1.511566
-10.994500  3.864428  2.474666
-6.541446  3.085451  0.804127
-2.896576  2.695693  0.054103
0.101401  2.615006  0.040656
0.795282  0.432097  0.843284
1.431780  -1.094846  2.076392
0.613573  -0.551193  0.517846
0.039709  0.095120  -0.131616
-0.339024  0.823242  -0.053592
1.808808  -0.709921  0.538763
3.606739  -1.734154  1.613757
5.124402  -2.356419  3.080183
6.417500  -2.660635  4.867615
-0.209336  0.332389  0.375933
-5.432537  2.918444  -2.594320
-0.467238  -0.694078  0.523287
3.582572  -3.412116  3.657299
0.711635  0.124846  0.511271
0.935376  0.022646  0.390704
1.190892  0.098654  0.949016
-1.758306  -0.621120  0.549997
-4.041836  -1.039304  0.888631
-2.142424  -0.548323  0.559997
-0.109656  0.222247  1.550051
-0.749478  0.646052  2.082889
-1.186876  1.147840  3.170934
-1.462671  1.711704  4.703345
0.832350  -0.011770  1.840906
-1.519156  0.235496  1.102806
-3.327256  0.586317  1.160490
-4.700969  1.019697  1.854973
-5.727508  1.518872  3.059040
-6.476638  2.070390  4.670950
-2.258688  -0.240872  0.141969
1.809077  -0.068287  -0.002407
5.134458  0.210522  0.509292
0.149160  0.773431  0.115211
-3.768551  1.365359  0.430117
1.990451  2.237095  0.020478
-1.193956  1.017302  0.390075
-3.671946  0.186608  1.314322
-5.585131  -0.333064  2.682429
-7.046798  -0.604174  4.405760
-8.147573  -0.676689  6.413408
-1.382376  0.644122  -0.236801
-2.603265  -1.021726  0.207118
-3.512370  -2.203880  1.156870
-4.172360  -2.999332  2.511545
-1.706313  0.160269  0.295469
-0.257648  0.563878  0.482940
0.153956  -0.871729  0.392683
0.549286  -1.860662  0.916318
-0.236053  -2.228880  0.342732
0.399521  -0.355420  -0.558352
0.973104  1.306457  -0.683351
1.496781  2.807773  -0.187352
2.105779  -0.341368  -0.883454
2.657166  -2.697350  -0.844079
-1.101647  0.125036  -0.013039
-4.045132  2.533412  1.248515
-6.336664  4.610332  2.854611
1.026208  0.150005  0.307331
6.979145  -3.291781  -1.133592
11.803824  -5.936995  -1.689302
-0.510773  -1.023287  0.702974
-0.942022  -0.846198  0.550883
-1.225632  -0.609684  1.026622
-0.988424  0.207184  0.434035
-1.921365  0.583981  0.528771
0.222759  0.607633  0.570174
-2.566132  -0.375803  0.732002
-2.153389  1.169942  0.557606
-1.763640  2.511267  1.016467
-1.392575  3.695874  1.984678
3.185375  0.647558  0.667313
-1.582268  1.103638  0.935741
-5.337999  1.568833  1.750014
-8.284486  2.041074  3.001339
-0.528154  -0.955307  0.303244
0.310391  -0.387619  0.493866
1.229355  -0.256459  0.462397
2.937845  -0.308639  0.417283
0.067759  -1.386614  1.875826
-2.171932  -2.161656  3.644654
-3.907604  -2.694594  5.661827
-5.240359  -3.034092  7.877788
0.769074  -0.036055  2.568508
-0.595019  1.878754  0.993249
-1.631389  3.512442  0.335095
-2.405871  4.920991  0.410763
-5.849936  3.525064  1.079908
1.841443  1.468590  1.152006
8.048337  -0.086102  1.812140
-1.863704  -1.672562  -3.383452
-9.740128  -2.859071  -6.934142
3.611749  -2.802966  -2.672558
0.815468  -1.147136  -1.539723
-1.369201  0.259577  -0.004992
-3.064868  1.466757  1.851365
-2.194269  0.962722  -0.383932
-1.446283  0.638210  -1.554002
-0.263455  0.076970  -0.237958
0.733752  -0.298216  1.433368
1.719947  -1.272772  2.291986
2.559278  -1.982926  3.610847
1.247791  -1.096975  2.087936
2.121612  1.202877  1.508390
-4.018431  2.014603  1.188244
-8.881220  2.743326  1.568159
-0.648705  -0.064799  1.038805
5.985997  -2.243245  1.249155
2.301880  -1.390689  0.966834
-0.597282  -0.641067  1.376116
-1.646604  0.998514  1.358052
0.912739  2.953988  1.515981
-1.303196  0.322215  1.377848
-0.167902  -1.503629  1.455669
0.787064  -2.897316  2.154721
-0.866974  0.779115  1.066845
-2.144032  3.786172  0.837176
-0.460196  -0.840363  0.690892
1.416913  -2.229916  0.585240
2.963944  -3.276357  1.140492
4.246636  -4.048544  2.227524
-1.229008  0.541638  0.030974
1.944793  -0.364530  0.012831
-0.695903  -0.094402  0.169206
-2.764502  0.185735  0.942798
1.539414  -0.985234  0.373787
1.287239  0.670465  0.312016
-2.361803  1.037962  0.297719
-1.532537  -2.176204  0.465156
-0.826546  -4.684659  1.246022
-0.886927  1.156864  0.485797
-0.893202  5.892501  0.528625
0.062362  -0.406618  0.270154
0.868294  -5.383955  0.713315
1.554246  -9.304095  1.720006
1.112985  -0.384022  0.530620
0.800637  6.813316  0.236818
-1.224065  2.197472  0.586294
-1.315443  -0.090327  0.388655
-0.757068  -1.835706  0.012363
-0.806224  -0.886176  -0.258420
-0.806251  -0.066405  0.181343
0.563958  0.653974  -0.091360
1.698884  1.293920  0.345611
2.645312  1.872352  1.352496
3.440672  2.404366  2.820707
4.114902  2.901534  4.665013
4.691958  3.373194  6.819963
-1.188297  0.310188  0.337188
-0.535442  -1.297503  0.511997
0.023689  -2.515830  1.342604
0.507564  -3.429286  2.702286
-0.642081  -0.827127  0.454181
-1.525775  1.312026  -0.642513
-2.387022  -0.349404  0.533940
-3.040542  -1.621572  2.177069
-3.528150  -2.582556  4.193615
-0.695379  0.241401  0.355994
0.389741  0.082816  0.546052
1.292243  0.025229  1.382384
-1.430991  -0.039858  0.469314
-0.330713  -1.180926  0.462203
-0.715499  0.935348  0.389972
-0.989989  2.691017  1.020952
0.205051  -1.218968  0.606368
1.193890  -4.292205  0.961449
-2.026506  1.355649  0.415215
-4.570540  5.928243  0.666881
1.825975  0.015611  0.610519
6.974944  -4.660628  1.253987
-0.769009  2.051921  0.603407
1.769211  -0.428151  0.562951
3.830746  -2.359004  1.222153
-0.347545  -0.719897  0.718173
0.201559  -1.001856  0.540607
-0.880776  0.836020  0.518224
-1.538042  -0.617693  0.496280
0.142856  -1.919952  0.506825
-0.674910  -0.021233  0.496864
-1.373111  -0.065986  0.558771
-0.193702  -1.047302  0.443201
0.778405  -1.781109  1.044702
-1.015804  0.887501  0.468943
-0.189941  -1.274845  0.432620
0.498549  -2.954120  1.100559
1.076882  -4.247151  2.335428
0.425719  -0.682065  0.445263
-0.386739  -0.396668  0.415402
-1.009947  -0.118594  1.098472
-0.052618  0.255465  0.493566
0.739485  0.605866  0.713810
-0.326043  1.882487  0.340772
0.575548  -0.725845  0.624888
1.505951  -0.604972  0.589461
2.275473  -0.459202  1.268016
-1.287465  0.988299  0.495186
0.352744  -2.198390  0.612889
-0.290390  -0.724470  0.503979
-0.780738  0.502327  1.128190
-1.585333  0.458547  0.516500
0.361980  -1.453567  0.588798
-0.479124  0.790305  0.612662
-0.540893  0.176503  0.598262
-0.567436  -0.267915  1.298787
0.421309  -0.351752  0.500675
0.997875  -1.475474  0.454898
1.481233  -2.328447  1.126106
0.771767  0.643508  0.386512
0.225787  3.066666  0.506306
-0.189661  5.050581  1.313661
-0.500940  6.682893  2.671119
-0.729140  8.033713  4.468711
0.196657  1.078133  0.610752
-0.510231  1.180581  0.594638
-1.055681  1.306870  1.273273
0.084140  -0.824477  0.684326
-1.266724  0.457148  0.553501
-2.328111  1.526139  1.137777
-3.158170  2.424809  2.294181
-3.803416  3.187006  3.908334
-1.132317  1.168751  0.433168
-1.324754  0.367564  0.298919
-0.686029  -0.670181  0.446026
-0.562891  -0.794940  0.528517
-0.446812  -0.852561  1.267467
-0.336626  -0.856687  2.535258
-0.809534  0.258072  0.368401
-1.171025  1.191423  -0.682103
-0.613275  -0.301560  0.513315
-0.150726  -1.454830  2.158688
0.581327  -0.539374  1.119552
-0.521990  0.064903  1.047507
-1.389019  0.593112  1.683026
-1.416822  0.651288  0.827626
-1.194252  0.324012  0.731753
-0.501676  0.036045  0.593161
0.067051  -0.153389  1.174570
0.536460  -0.265119  2.334874
0.926178  -0.315295  3.964604
0.535363  -0.723877  0.503644
0.070072  -0.885827  0.700098
-0.288687  -0.976811  1.566739
-0.402526  0.520258  0.682261
-1.254792  -0.005323  0.475051
-0.808118  -0.523350  0.509544
-0.334139  -0.278534  0.504497
0.057328  -0.043866  1.210235
0.382551  0.183624  2.488128
-0.156106  -1.126861  0.481403
-0.575447  -2.134689  -0.403669
-0.899568  -2.900598  -0.391341
-2.367443  1.742198  0.307529
1.359146  -0.831221  0.227979
4.351071  -2.853873  0.884554
0.123845  -0.209255  0.383532
0.317239  1.036722  0.359250
-0.025553  2.266425  0.393959
0.755787  -0.643341  0.404828
1.669275  -1.376933  0.442822
-0.057127  1.223310  0.967384
-1.391573  0.643201  1.070211
0.035734  -0.480125  0.972726
1.186129  -1.344537  1.618248
-1.672236  0.165386  0.769455
0.580604  -2.268395  0.722886
2.390725  -4.181777  1.412203
3.846439  -5.679039  2.693944
5.018395  -6.843603  4.456443
-0.204733  -0.672326  0.701751
-4.376314  4.297553  -1.556308
-0.264971  -0.158467  -0.330313
0.498498  -0.685662  -0.253054
1.115493  -1.075146  0.561336
-0.007968  -0.043442  -0.042380
1.133236  -0.379831  0.053060
0.150410  1.763590  0.175544
-0.630563  3.509822  1.031115
0.826967  -0.798750  0.225095
0.735173  0.952973  0.368605
-1.205053  1.284092  1.346905
-0.546097  -1.173355  1.844256
-0.014810  -3.108790  2.998236
-2.724046  0.538139  1.444356
-1.160441  -1.388214  1.003910
0.093876  -2.899355  1.411812
1.183279  0.845804  1.098652
0.282582  0.185850  0.908570
0.277211  -1.752467  0.780451
-1.036739  0.581987  0.634038
-2.085611  2.498435  1.277605
-1.213130  0.729154  0.542644
1.575930  -1.467980  0.670021
-0.776039  0.933996  0.469482
0.037085  -1.850166  0.552562
-0.559791  -0.849966  0.622259
-2.041399  0.515785  0.497032
-0.665450  -1.739117  0.371099
0.110696  -1.086310  0.414705
-0.659076  0.142348  0.554112
-0.464327  -0.576992  0.533789
0.246391  -0.544249  0.369671
-0.200173  1.220079  0.431035
-0.558053  2.658225  1.237856
-0.845209  3.835237  2.641049
-1.174570  1.123711  0.564200
-1.439354  -1.019393  -0.339528
0.518214  -2.494270  0.252720
1.292825  0.208230  0.411748
0.169068  1.703368  0.528953
1.586911  0.470347  0.629066
2.718822  -0.483367  1.471006
-0.227598  1.945211  0.604938
-2.587511  3.915815  0.677964
-0.878025  -2.922020  0.628777
-0.034012  -1.127372  0.570620
0.637793  0.340894  1.289459
-1.615525  0.639012  0.520730
1.189233  -0.736880  0.543170
3.428983  -1.805052  1.330581
5.216508  -2.632810  2.734080
0.777965  -0.425406  -0.203409
-2.777586  1.363472  -1.773110
-5.626963  2.817344  -2.248579
-0.198642  -1.062523  -0.283095
4.138642  -4.144019  2.078854
-1.037183  2.461397  0.166222
-0.563031  -0.316508  0.347889
0.324233  -1.071560  0.307766
1.027798  -1.653943  1.078338
-0.893356  1.074749  0.356399
-0.079347  -1.963863  0.365646
0.132593  -0.240409  0.410945
-1.415287  1.159935  0.440682
-0.128001  -0.323106  0.446492
1.186713  -0.863578  0.509809
-0.683814  1.850210  0.430356
-0.948081  1.031229  0.606197
0.247841  -1.948829  0.632560
0.926629  -0.549418  0.531118
1.461037  0.596381  1.257032
-0.443631  1.223384  0.616263
-1.407280  -0.140029  0.716768
0.089535  -1.187351  0.738805
1.277506  -1.998517  1.567473
2.218187  -2.625175  3.045771
2.960822  -3.107445  5.048249
3.544805  -3.474865  7.470062
-1.455445  -0.476031  0.502008
0.620275  -0.059522  0.382884
2.270076  0.293518  1.106822
-0.053653  0.858235  0.609511
-1.923841  1.331339  1.031521
-0.547996  0.316819  0.432759
0.541047  -0.477630  0.770518
1.400435  -1.096195  1.859183
1.817179  -0.633274  0.527524
2.138298  -0.243773  0.275082
2.382699  0.088742  0.884884
0.390905  -0.312280  0.447348
-1.215456  -0.610870  0.912326
-2.513686  -0.827689  2.099383
-3.565626  -0.979264  3.864185
-0.991205  0.386558  0.013928
-0.192142  -0.243981  0.339206
1.517364  -1.644409  0.440329
0.608047  0.144391  0.488790
-0.133770  1.592499  1.326228
-0.741800  2.767881  2.794828
-1.984200  1.600400  0.293632
-2.993118  0.682964  -0.908651
0.560366  -1.295051  -0.270364
3.387735  -2.863403  1.042054
0.125120  0.474245  -0.134325
-2.500694  3.158105  -0.267320
-4.617274  5.318762  0.434370
0.174608  -0.077430  0.120341
-1.218565  -0.332585  0.175287
0.193745  -2.391215  0.349013
-0.864495  -0.737160  0.303593
-1.727767  0.598814  1.074269
-1.564805  -0.165178  0.606394
0.898785  -0.758568  0.856234
-1.240003  0.404429  0.736272
-0.261887  -1.420655  0.587166
0.502948  -2.868749  1.272725
0.225004  0.155416  0.663742
-0.294139  -0.143694  0.662625
0.336485  -2.136815  0.508590
0.822523  -3.719947  1.192446
1.192688  -4.975254  2.549859
1.469954  -5.968465  4.452843
0.314256  -1.231693  0.516873
-0.629575  2.568436  -1.812505
-1.404113  5.619070  -2.856618
-0.412952  -1.344236  0.613886
-0.802192  -0.164800  0.446365
-1.354939  1.114991  0.556135
-1.817414  2.148684  1.463251
0.865385  -0.635679  0.534222
2.990949  -2.853635  0.605909
-1.047857  0.514638  0.518644
0.642254  -1.710555  0.605701
0.370061  0.452998  0.512841
-1.025539  0.987752  0.403267
-2.163677  1.424311  1.131119
-3.096043  1.782190  2.528845
-3.863988  2.077000  4.462400
-0.079063  -0.577973  0.553177
-0.288704  -1.133316  0.393190
-0.479050  -1.569531  1.061154
-1.071058  0.406866  0.463518
-0.923194  -1.026944  0.648790
-0.828115  -2.166417  1.593831
-0.609274  1.461590  0.617662
-0.970729  0.227649  0.592113
0.186341  -0.812122  0.454319
0.954635  0.395901  0.422862
-0.305459  0.911170  0.574645
-0.233491  -0.876919  0.570771
-0.200347  -2.290304  1.362615
1.135699  -1.030288  0.624200
-2.912979  1.436607  0.606927
-1.454638  -1.245468  0.605480
0.158070  -1.693885  0.676543
-1.306009  1.549877  0.582051
-2.502748  4.150489  1.301343
-3.485775  6.236399  2.671621
-2.262412  0.692520  0.600917
-1.309724  -3.737460  -0.272189
-0.573624  -7.276339  -0.191848
0.148350  -0.709778  -0.405178
0.590775  1.480534  -0.375476
0.918343  3.281504  0.426141
1.153942  4.779447  1.848945
1.315877  6.042644  3.775949
-2.004612  1.464889  0.160776
-2.208281  0.193987  0.252724
-1.689773  -1.512630  0.347593
-0.762121  1.058229  0.385785
-0.047410  3.187891  1.214725
0.496786  4.975670  2.680502
0.536213  -1.253168  0.878855
-0.253327  -0.449450  0.765080
-0.992662  2.419954  0.636505
-1.612395  4.778509  1.335111
-2.136623  6.728218  2.695415
1.108441  -0.705930  0.763506
3.675698  -6.627978  0.009623
-1.748076  -0.854923  0.606085
-6.116241  3.765566  1.871399
0.060696  0.627088  1.338550
-1.712563  0.414173  1.410108
-0.304238  -1.678125  1.336245
0.792583  -3.350580  2.062222
-1.786529  2.325318  1.224997
-1.543408  0.161853  0.821106
1.023833  -1.940809  0.845188
3.047260  -3.622092  1.651093
4.635501  -4.966401  3.086205
5.875452  -6.041256  5.031738
1.470628  -0.626773  -0.316825
-1.236658  2.478350  -0.338144
-3.433599  4.962426  0.451997
-1.718688  -1.248544  0.000341
-0.378218  -6.217501  0.443731
-1.137069  -0.171401  0.086133
-0.688299  -0.147663  0.198607
0.039617  -0.860315  0.289228
-0.023935  0.743441  0.372054
-0.107095  2.025484  1.245969
0.163869  -1.304335  0.427305
0.347980  -3.969462  0.575605
0.086286  -1.126677  0.436482
-2.665078  1.675850  0.453453
-4.899338  3.916121  1.270890
-6.720081  5.706431  2.728643
-8.210176  7.136617  4.698589
-1.255548  0.263442  0.483113
0.914000  -1.595747  0.436143
0.737221  0.478789  0.534210
0.561655  2.135717  1.395219
0.126982  -0.163878  0.472160
0.780798  -0.305236  0.380620
-0.641029  0.289289  0.471972
-1.813273  0.761571  1.326882
-2.786009  1.135899  2.792576
-0.127898  0.577600  0.440143
-1.059199  2.125468  0.484636
-1.839654  3.359785  1.289520
-2.499587  4.343101  2.702652
-0.701591  -0.774325  1.226456
0.700927  -4.872729  0.807622
1.318953  -0.253054  1.350625
0.499881  0.415324  0.767391
-2.269550  2.397707  0.691640
-4.521590  4.000352  1.393269
-6.359869  5.299043  2.716734
-7.867287  6.354406  4.537598
-9.110162  7.214941  6.756310
-1.978297  0.707041  0.690516
0.832743  -1.313785  0.552256
-0.695640  1.675202  0.524289
-1.955728  4.060220  1.232520
-3.001319  5.961892  2.529633
0.614592  1.313510  0.606408
-1.497756  0.027818  0.384822
-1.128985  -1.347820  0.532878
-0.871846  -2.455258  1.372615
-2.026897  -0.783114  0.193436
0.412089  -2.924176  0.383793
2.325259  -4.644355  1.262148
1.442735  -1.777987  0.425754
-0.571567  1.324518  0.485337
0.156483  -0.146902  0.579188
0.700376  -1.332061  1.384679
-0.655812  0.935736  0.616301
-0.401855  -0.823175  0.540964
-0.776385  -0.883564  0.436950
-1.114991  -0.940496  1.087281
-0.225788  -1.467719  0.568435
0.446325  -1.898502  0.884327
-1.277245  1.488935  0.399377
-0.439830  0.504361  0.577103
0.190534  -0.292772  1.452410
-0.424206  0.370327  0.557034
0.739595  1.038405  0.500224
1.630670  1.566287  1.191951
-0.681390  -1.709695  0.441049
-0.135271  -0.544668  0.387632
-1.521375  0.064227  0.434069
-0.136177  -0.907448  0.419398
-0.365570  0.591174  0.507702
-0.589675  1.786083  1.317476
-0.809629  2.737896  2.704249
-0.137481  -0.691676  0.426708
0.359308  -3.446625  -0.667919
0.715679  -5.662036  -0.821737
-1.581662  0.853384  0.461955
0.075912  -0.546489  0.478143
-0.723184  0.543553  0.784459
-1.404039  1.403461  1.750417
-0.181009  -1.401211  0.914001
-0.800539  0.442867  0.699233
-1.270746  0.346254  0.673520
-0.635666  -1.727367  0.649290
0.249081  -1.066845  0.573798
0.914540  -0.548437  1.229204
-1.026991  0.956391  0.516702
-2.622805  2.152559  0.665813
-3.942169  3.101643  1.504127
-0.738169  1.302831  0.185142
1.782073  -0.150221  -0.157812
0.603656  -1.870419  0.047181
-0.382281  -3.260947  0.921616
-1.214357  -4.387894  2.331513
1.148726  -1.429329  0.283649
-1.316589  1.655795  0.294719
-3.332534  4.123129  1.003808
-4.989102  6.096074  2.271224
-0.934806  0.448852  0.906603
-1.409108  1.226020  0.884896
-1.832715  1.832134  1.560254
-2.215881  2.301231  2.793185
-0.073474  -0.837856  0.895930
-0.139419  -1.012631  0.726481
-0.236800  -1.168746  1.274254
-1.368862  2.202613  0.569865
-0.112105  -0.040564  0.533246
0.848335  -1.851939  1.186884
1.571608  -3.318032  2.396127
0.552922  0.566077  0.031645
-0.307334  3.656119  -1.168162
-0.427852  -1.277702  -0.154804
-1.990462  0.928632  0.144415
-3.286188  2.675927  1.075327
-4.368518  4.055832  2.511495
-0.087322  -0.320850  0.483715
3.291668  -3.840446  -0.457210
-1.736651  -0.207246  0.371210
-5.805493  2.680748  1.710453
-0.320701  -0.214332  0.140587
-0.069867  -0.128320  0.228327
-0.684553  0.195550  0.201955
-0.089907  -0.503908  0.174376
0.339091  -1.082865  0.820935
-0.547179  0.359490  0.325477
-1.303124  1.493633  0.600723
-1.954913  2.381050  1.492433
-2.523481  3.070927  2.877215
-0.016940  -0.359105  0.364770
-0.676275  0.133466  0.496232
-1.251187  0.506943  1.260582
-0.294527  0.238162  0.503682
0.423154  0.002231  0.553172
-1.273808  -0.458100  0.517881
-2.679224  -0.847653  1.144752
-0.589178  0.601716  0.487897
1.034814  1.746347  0.614288
-0.208734  -0.124367  0.356023
-1.251815  -1.630201  0.801793
0.287212  0.111557  1.094515
-0.127997  -1.387224  1.112709
-0.508699  -2.586935  1.780947
-0.420274  1.273953  0.877386
-0.117640  -0.615294  0.747040
-0.303932  -0.819456  0.645901
-0.501890  -0.972578  1.212883
-0.288969  -0.395183  0.586842
-0.167751  0.079337  0.730755
-0.119991  0.473906  1.491283
-0.985893  0.080618  0.590899
-0.755173  1.132304  0.444232
0.852728  -1.114427  0.614740
2.089453  -2.901461  1.400015
0.009899  -0.683574  0.564171
-0.913447  -0.122482  0.456674
-0.209982  0.028446  0.514732
-0.884440  -0.670382  0.425630
-1.474078  -1.227884  1.006864
-1.995952  -1.672542  2.124318
-0.667112  1.458777  1.028299
-1.264996  -1.259104  0.873825
1.245735  -2.025858  0.898555
0.598469  0.513759  0.757284
0.030040  2.557438  1.291003
-0.475411  4.204218  2.364602
-0.930573  5.533305  3.870014
0.058158  0.354236  0.745105
-0.868743  -0.625167  0.394213
-0.912884  -0.871775  -0.152097
0.258430  -1.337071  -0.379875
-1.678695  0.439568  -0.372571
-3.279740  1.844320  0.262830
-4.612010  2.951406  1.400600
-5.729347  3.820203  2.940153
-6.674821  4.498212  4.801017
-0.265919  0.105184  -0.039042
-1.648991  0.207506  0.274790
-2.807279  0.260979  1.129335
-3.785820  0.275219  2.416333
0.224568  -1.681911  0.781342
0.753797  -0.351411  0.761836
-2.205275  1.410546  0.650148
-4.624751  2.797962  1.158996
-6.612626  3.885589  2.164154
-8.255292  4.733227  3.566237
-0.017848  0.163942  0.765059
6.519603  -3.521276  -0.878170
11.696987  -6.499397  -1.595163
15.786242  -8.911995  -1.571289
-0.878703  0.491555  0.408084
-14.263471  7.983991  2.588938
0.791382  1.508865  0.502373
12.782299  -3.701947  -0.569897
-0.692784  2.393840  0.471093
-1.290876  0.520579  0.476395
-1.822552  -1.009201  1.077251
-2.301174  -2.264350  2.154428
-2.737431  -3.299946  3.612538
-3.139871  -4.160050  5.375270
-1.275864  0.476647  0.659156
0.797385  -1.650406  0.585868
1.541231  -0.759873  0.674066
-2.297142  -0.053110  0.444905
-5.421647  0.495063  0.857626
-7.975130  0.916209  1.783732
-0.673272  0.136914  0.462303
-0.336900  -0.389190  0.557353
-1.353831  -0.294938  0.334971
-2.221525  -0.243742  0.752534
0.377374  -1.660369  -0.205172
-0.929194  -0.112499  -0.216451
-2.028795  1.094400  0.369211
-0.675152  0.809459  -0.021041
0.353290  0.548170  0.261338
1.203173  -0.465133  0.155942
0.420198  0.573866  0.343919
0.678607  -1.411057  0.351243
-0.694665  -0.210134  0.465395
-1.848078  0.715770  1.151476
-2.825667  1.421514  2.294969
-1.833120  0.347639  1.428785
0.126403  -1.504621  1.416003
1.076292  0.011026  1.333952
1.781098  1.195311  1.861737
2.289775  2.120130  2.879828
-1.763649  0.606801  0.811621
-5.061680  -0.622308  -0.242425
-7.755456  -1.624185  -0.485241
-9.965885  -2.444423  -0.079207
1.156635  -0.349937  0.363435
9.999133  1.317543  1.319874
17.017557  2.651141  2.691728
-1.143297  -1.106580  0.494269
-1.858844  0.538062  0.453765
-2.487044  1.859952  1.034852
-2.330215  1.253247  0.238811
0.966511  -0.857686  0.363018
1.224274  0.627123  0.549409
-0.846389  0.781429  0.376787
-2.558988  0.904808  0.848862
-3.985194  1.003299  1.836558
-5.182344  1.081735  3.236614
-0.148883  -0.635663  0.354375
3.821590  -2.019260  -1.356948
6.941613  -3.142607  -2.135371
-0.451709  2.450866  0.500840
-1.507390  0.396241  0.403018
-2.408464  -1.269664  0.915016
-3.185909  -2.624735  1.914773
-0.632514  1.354220  0.226241
-0.450013  -0.447698  0.141816
-0.675926  -0.235292  0.243352
1.062496  -1.126190  0.419886
-0.622532  1.520201  0.271783
-0.111434  -1.229839  0.294303
0.240471  -3.461380  0.902584
0.464967  -5.287035  1.982567
0.587480  -6.788116  3.444910
0.628351  -8.029674  5.219868
0.603853  -9.063743  7.254146
1.393562  0.105366  1.124703
-1.745660  -1.770592  0.791489
-2.399044  -1.889935  0.702003
-2.979169  -1.981901  1.218542
-1.455911  -0.201590  0.515210
-0.294827  1.234693  0.540377
-1.741354  0.968852  0.489523
-2.956201  0.775703  1.036512
-3.985755  0.640583  2.061627
-4.867123  0.551761  3.469095
-5.629989  0.499852  5.182294
-1.239126  -0.441842  0.364328
2.215707  -1.180763  -2.903147
-0.090940  1.139092  0.532351
-0.352856  -1.161749  0.385254
-0.620378  -2.992234  0.854020
-0.874131  0.227117  0.506730
-1.135209  2.812540  0.815160
-1.402190  4.890698  1.648015
0.201762  0.426672  0.488672
1.426722  -3.156717  0.147113
0.067700  -3.144587  0.383338
-1.077798  -3.166047  1.158022
-2.052517  -3.214501  2.363320
-2.890656  -3.284669  3.912955
-1.026110  0.963237  0.430779
-0.225350  0.243749  0.553348
1.856826  -1.342164  0.592014
3.464050  -2.634127  1.208661
4.691270  -3.697242  2.290492
0.283612  -0.798779  0.575002
-3.301154  1.484906  -0.203684
0.504441  0.194857  0.459968
-0.786660  1.291911  0.529306
-1.878304  2.127722  1.181301
-0.622104  -0.186118  0.433893
0.324012  -2.082530  0.428531
-0.532523  -1.243596  0.487541
-1.276674  -0.618020  1.126992
-0.996941  1.011468  -0.001872
-0.538485  -0.100152  -0.119550
-0.230759  -1.032095  0.371627
0.283081  -1.207839  -0.015246
0.635039  -1.394576  0.261041
0.266052  0.118397  0.146490
0.113489  0.130851  0.266077
-0.067790  0.094335  0.948542
-0.272080  0.018529  2.081151
-0.494817  -0.088819  3.573716
-0.732350  -0.221515  5.354084
-1.744966  0.640376  1.393165
-2.614474  1.282847  -1.189480
-0.284710  -1.195968  1.134474
-1.013283  0.052946  0.777785
-1.655651  1.004700  1.089691
-2.229083  1.718612  1.936444
-0.350235  0.240694  0.706544
1.093250  -0.989356  0.314064
2.188411  -2.021224  0.589274
3.004879  -2.894658  1.399808
3.598362  -3.641454  2.642822
4.013421  -4.287049  4.237558
0.565621  -0.468806  0.520849
-1.641505  1.244604  0.393711
-3.467046  2.566854  0.900160
-4.987355  3.576068  1.913314
-0.207471  -1.377867  0.493173
3.556493  -5.389816  -0.043120
6.507686  -8.648283  0.124921
-0.291269  1.161753  0.066095
-2.340925  0.826313  0.037278
-1.251994  0.455629  0.136392
-0.440972  0.109762  0.813402
-0.522208  0.794013  0.154763
-0.647388  1.291887  0.228653
-0.459972  0.357904  0.292165
-0.824288  -0.567153  0.407640
-1.176036  -1.357036  1.100655
-1.517763  -2.038882  2.255533
0.603725  -1.716752  0.477246
0.054549  0.503704  0.550522
-0.445215  2.231355  1.200823
0.380421  -0.727411  0.393525
0.233775  -1.390138  0.409879
0.055938  -1.970868  1.009937
-1.425109  1.822878  0.468503
-2.670530  4.807126  0.622010
-0.815821  -0.968807  0.450675
-0.690967  -0.361664  0.373897
0.951321  -0.242181  -0.904519
2.204447  -0.194089  -1.348819
-0.074763  -0.593895  -0.737310
-1.958894  -0.961194  0.327924
-3.526989  -1.302586  1.756021
-4.842284  -1.623354  3.474292
0.641843  -0.348871  -0.355339
4.968274  0.629003  -2.843543
-0.849565  1.520357  0.265118
-5.564764  2.196643  3.327205
-9.397877  2.700774  6.351862
-12.525343  3.067080  9.346400
-15.088309  3.323023  12.316665
-1.084172  0.466973  0.429934
10.058120  -1.868783  -8.505182
-0.715137  -1.666848  0.304231
1.351426  -1.629172  0.477727
2.943679  -1.651603  1.191141
1.603695  -0.356476  0.548820
0.470679  0.626746  0.612606
-1.900435  0.182630  1.036466
-3.858388  -0.225742  1.952835
1.399146  -1.097260  1.268918
5.544081  -1.847844  1.295155
8.798920  -2.501779  1.889459
-2.224676  1.190754  0.657605
-1.293434  -0.180153  0.668541
-0.786992  0.376226  0.579495
-0.549181  0.249884  0.519858
-1.002821  1.555748  0.526669
-1.426954  2.548316  1.106768
-1.827498  3.290149  2.145315
-2.209186  3.831293  3.550434
-2.575806  4.211784  5.248625
-1.014809  -0.744660  0.451007
0.172690  -4.764376  -2.816601
0.708130  0.032766  0.478209
1.075167  3.841208  3.701874
-0.822555  -0.634731  0.432502
-2.402075  -4.226853  -1.580230
-3.727041  -7.112021  -2.587718
-0.777622  2.382481  0.447441
1.063236  -1.640590  0.503887
0.096470  -1.135872  0.568113
-0.738335  -0.720067  1.236276
-1.467582  -0.375488  2.387401
-0.962882  0.286015  0.445938
-0.620545  0.830212  -0.500556
1.004574  -1.403269  0.496787
2.243238  -3.184271  1.901494
-0.234176  0.679115  0.503304
-2.277558  3.766987  -0.002137
-3.973725  6.234334  0.206450
-0.176512  -1.102093  0.479313
2.799782  -7.009560  1.311494
5.119334  -11.792042  2.595354
-1.551882  1.497495  0.506552
-0.470742  -1.384608  0.434326
0.332674  -3.746964  0.999626
0.913917  -5.693509  2.077428
1.582024  -2.133788  -0.293476
2.055015  0.674857  -1.571553
-1.830246  0.548082  -0.400286
-4.999971  0.421134  1.148726
-0.024507  -0.171524  -0.228340
0.140184  -0.462446  0.267171
0.210395  -0.725486  1.270059
0.205014  -0.967678  2.683887
0.139150  -1.193275  4.426278
0.024892  -1.405683  6.431329
-0.128089  -1.607622  8.646314
-0.312059  -1.801268  11.029047
-0.520826  -1.988365  13.545781
0.468473  -0.798349  0.280764
-2.528096  2.020943  0.545835
-4.986966  4.249599  1.320860
-7.015680  6.005664  2.503641
-8.700273  7.383573  4.012417
-2.006427  0.699316  0.399764
3.287033  -4.706392  -1.928174
-1.420167  0.332898  0.529484
1.006884  -1.343479  0.469583
-0.607114  -0.807397  0.526685
-0.722364  0.617100  0.557637
-0.876170  1.697888  1.143612
-1.060815  2.503569  2.173445
-1.270128  3.089030  3.558201
-1.499169  3.498180  5.226729
-1.743985  3.766185  7.122114
0.795380  -0.092337  0.459714
2.765299  -3.238647  -4.310027
-0.739175  0.726974  0.319988
-1.085253  0.199196  0.398673
-1.423677  -0.282787  1.021154
-0.894253  -0.213710  0.378355
-0.532267  -0.218014  0.423217
-1.203937  1.310339  0.400850
-1.233797  -1.839082  0.404713
-1.319218  -4.418468  0.966472
-1.449083  -6.541910  1.974333
-0.129155  0.926369  1.138085
0.865275  6.880220  1.026893
1.599343  11.651055  1.495492
-0.570983  -1.538126  0.980134
-0.297748  0.207845  0.801050
-0.140583  1.646393  1.216214
-0.435692  -2.404687  0.610322
0.683109  -0.431793  0.535591
1.516757  1.204162  1.035378
2.122292  2.579119  1.997258
-1.200051  0.850702  0.454869
-3.919284  -0.459529  -0.212711
-6.156021  -1.435303  -0.180663
-8.006751  -2.143599  0.410869
-9.548660  -2.638001  1.449769
0.499364  0.429865  0.359733
-1.265460  0.283111  0.390415
-0.485773  0.057670  0.445312
0.076720  -0.036921  1.048959
0.465478  -0.027389  2.094388
-0.925588  0.264774  0.356013
-0.118326  0.064496  0.470689
0.466302  -0.011719  1.130050
0.872841  0.010857  2.228164
1.136926  0.112499  3.682872
-1.204859  0.121624  0.304265
0.800374  -1.019991  0.512753
2.343469  -1.854902  1.262992
3.516873  -2.448931  2.450440
4.394539  -2.853182  3.993113
5.035630  -3.107636  5.827156
-0.320418  0.436420  0.178472
-0.380413  -0.994192  0.237048
-0.489411  -2.071338  0.893072
0.741520  -1.357237  0.287491
-0.972285  0.336295  0.372431
-0.569670  -1.178106  0.398330
-0.308529  -2.327101  1.024487
-0.160555  -3.189347  2.133618
-0.103099  -3.826324  3.634113
-0.547688  -0.244290  0.905008
-0.964254  2.670683  -0.657651
-1.358386  5.051929  -1.287342
-1.734556  7.006117  -1.170888
-0.324995  0.218336  0.840025
0.741822  -5.198250  3.079029
-0.662594  0.514523  0.393242
-0.226588  0.918504  0.422985
0.061435  1.231298  1.087122
0.231091  1.472575  2.261723
0.306069  1.657866  3.850823
0.305319  1.799203  5.779137
0.244008  1.905304  7.978574
0.134261  1.983137  10.394671
-0.809002  -0.333304  -0.169379
-0.328968  -0.933246  0.343036
-0.005525  -1.423353  1.411207
0.576494  -0.083876  0.468166
0.981557  0.981826  0.372108
1.245070  1.833458  0.952940
0.118404  0.017603  0.585322
-0.843434  -1.431711  0.951522
-0.645836  -0.431730  0.538689
0.203216  0.357856  0.499695
0.822000  1.001148  1.125912
1.256586  1.530671  2.287389
1.543829  1.971883  3.883015
-0.710675  -1.051669  0.387829
-0.266756  -0.884421  0.399605
0.027999  -0.730371  1.082470
-0.104352  -0.748558  0.443740
-0.270581  -0.742256  0.609140
0.161422  -0.197660  0.445932
0.446707  0.261417  0.990446
0.614632  0.654526  2.103892
0.688684  0.996727  3.677751
