-1.622289  11.694594  -3.865024
-1.771592  9.703915  -4.596728
-1.799595  8.435032  -5.205111
1.378387  10.617367  -2.490779
-1.816038  5.506241  -6.943882
-1.615721  4.017389  -10.352198
-1.575204  3.349013  -11.585879
-1.587569  2.794327  -12.878831
-1.520013  2.192441  -14.289676
-1.368464  1.631723  -15.968853
-1.213454  1.112508  -17.523050
-1.083057  0.475181  -9.495177
-0.703341  0.333361  -19.886751
-0.542079  0.090557  -19.914351
-0.391234  -0.096286  -19.310162
2.935133  2.926744  -15.586822
8.802372  8.515315  -9.361112
0.009553  -0.382957  -12.244473
0.031222  -0.351402  -10.974152
0.033537  -0.305510  -9.765498
0.046483  -0.272827  -7.751052
-0.050031  -0.121333  -4.773046
0.076585  -0.198924  -8.016716
0.064333  -0.173265  -6.677697
0.042507  -0.177646  -5.523392
0.038942  -0.182228  -4.540721
-0.004764  -0.174090  -3.492724
-0.017228  -0.152144  -2.847978
3.180773  3.006347  1.020634
-0.007277  -0.109324  -2.150397
0.022139  -0.101345  -1.052882
-0.078270  0.043956  -0.002896
-0.026031  -0.144036  -0.148971
0.001380  -0.132640  -0.077177
0.012546  -0.118554  -0.004070
3.229526  3.017502  3.472351
-0.007967  -0.124169  0.052351
0.003552  -0.099531  0.131891
0.016453  -0.086086  0.160588
-0.014028  -0.068406  0.182172
0.013298  -0.052560  0.209289
3.242529  3.071273  3.700913
9.032991  8.679126  9.972322
0.037628  -0.161681  0.050058
0.046408  -0.154307  0.103079
0.009995  -0.161916  0.131893
0.011261  -0.168115  0.170829
-0.009246  -0.174242  0.202381
0.009367  -0.114645  0.236047
-0.003266  -0.128474  0.257067
0.007215  -0.111318  0.284438
-0.045886  0.003477  0.591828
-0.002410  -0.158602  0.753494
0.032325  -0.127105  0.688237
0.001378  -0.186741  0.636474
3.176441  2.842314  4.168407
0.026475  -0.153802  0.603368
0.043056  -0.128281  0.495310
0.005274  -0.155011  0.492881
0.009849  -0.115900  0.480098
0.004691  -0.122896  0.466539
-0.029129  0.002429  0.564448
0.033346  -0.163426  0.670617
-0.006039  -0.202270  0.629442
-0.025534  -0.207493  0.598063
-0.013150  -0.166095  0.576078
-0.023940  -0.137843  0.547523
-0.007729  -0.156051  0.533599
3.196967  2.876962  4.175630
-0.009177  -0.202007  0.511184
0.008314  -0.150086  0.503839
-0.056933  -0.030142  0.192922
0.014104  -0.200641  0.003377
3.259185  2.699859  3.531646
0.012158  -0.186392  0.098550
-0.012058  -0.179493  0.255802
-0.019117  -0.181528  0.301269
-0.036429  -0.218760  0.347801
-0.006688  -0.183542  0.380882
-0.005941  -0.152648  0.413278
3.177433  2.894288  4.153304
8.905974  8.351887  10.863883
-0.007705  -0.271857  0.437641
0.008642  -0.262826  0.449754
0.014861  -0.253348  0.466490
-0.005108  -0.225112  0.483156
0.021225  -0.229407  0.499127
0.001071  -0.197026  0.508782
-0.055293  -0.210619  0.517837
-0.021976  -0.226993  0.529168
-0.016738  -0.234451  0.534720
-0.049372  -0.103112  0.620731
-0.031069  -0.263324  0.670628
-0.034836  -0.231304  0.652797
3.129020  2.785207  4.405559
-0.019712  -0.256348  0.622014
-0.046831  -0.227265  0.617162
-0.007369  -0.235378  0.613242
-0.020902  -0.218231  0.612314
-0.021163  -0.213228  0.605794
-0.021506  -0.233334  0.603842
-0.079630  -0.064634  0.968167
-0.055165  -0.248670  1.228508
-0.042370  -0.284105  1.116441
-0.043432  -0.299918  1.023805
-0.052988  -0.254160  0.950554
3.092560  2.749107  4.693650
-0.036546  -0.256321  0.875612
-0.042778  -0.265174  0.762536
-0.040697  -0.258898  0.739667
-0.062583  -0.266317  0.714920
-0.088574  -0.094702  0.854694
-0.011333  -0.267641  1.034296
-0.026065  -0.274004  0.981257
-0.019950  -0.302616  0.899232
3.127877  2.624442  4.654554
-0.079347  -0.274445  0.851890
-0.078153  -0.275847  0.760967
-0.061058  -0.278251  0.732572
3.090807  2.662575  4.537415
-0.096770  -0.286402  0.718327
-0.043677  -0.231030  0.681220
-0.053456  -0.263761  -0.377860
-0.028999  -0.288729  -0.247539
-0.017682  -0.251102  -0.044449
-0.025923  -0.262184  0.076267
-0.049407  -0.261899  0.204573
-0.072086  -0.286212  0.285124
-0.063651  -0.264016  0.347022
-0.084849  -0.261145  0.419121
-0.085732  -0.270279  0.459379
3.037277  2.644703  4.334548
8.658100  7.897271  11.278567
16.275528  15.017887  20.678108
-0.120445  -0.146105  0.484212
-0.050505  -0.387147  0.482942
-0.061966  -0.367611  0.502539
-0.082279  -0.356280  0.533612
-0.071945  -0.344980  0.555410
-0.057768  -0.318721  0.574864
-0.068662  -0.339752  0.585181
-0.138167  -0.198862  1.008823
2.908130  2.811028  5.189025
-0.107756  -0.358690  1.234800
-0.124913  -0.331888  1.029084
-0.100995  -0.343330  0.940443
3.011697  2.535512  4.708016
-0.083227  -0.321706  0.818761
-0.108433  -0.350693  0.782254
-0.115431  -0.361766  0.763499
-0.100245  -0.344118  0.739189
-0.179910  -0.166935  0.060165
-0.108797  -0.368681  -0.453224
-0.113146  -0.356066  -0.263713
-0.108335  -0.336530  -0.061054
-0.101451  -0.320518  0.059134
-0.122068  -0.320976  0.159911
-0.129233  -0.344866  0.264810
2.934280  2.498260  4.175563
8.452282  7.632894  11.129827
-0.134607  -0.343560  0.483669
-0.202795  -0.195441  0.942004
-0.120545  -0.375253  1.145501
-0.125539  -0.382575  1.048264
-0.126735  -0.389113  0.971263
-0.154949  -0.384219  0.904851
-0.163258  -0.381893  0.835845
-0.143155  -0.335440  0.795946
-0.146974  -0.367012  0.761497
-0.149156  -0.386389  0.722147
-0.140454  -0.371121  0.701465
2.907646  2.475450  4.490907
-0.155983  -0.370380  0.650728
0.430030  0.183269  1.380790
-0.177309  -0.368818  0.642996
-0.155861  -0.371456  0.625751
-0.169086  -0.374655  0.623229
-0.177932  -0.387596  0.614013
-0.187072  -0.384220  0.605492
-0.178399  -0.394695  0.601905
-0.185462  -0.375939  0.598059
-0.231034  -0.247953  0.388677
-0.142799  -0.440125  0.233537
-0.123922  -0.398400  0.292308
2.906241  2.444945  4.119742
-0.164771  -0.420982  0.351382
-0.210289  -0.420396  0.456207
-0.231678  -0.406796  0.468199
-0.249505  -0.347992  0.485641
-0.186170  -0.367376  0.496822
-0.200193  -0.415345  0.511486
-0.259953  -0.299211  1.244642
-0.216173  -0.461803  1.718927
-0.205898  -0.433815  1.505366
-0.189221  -0.418534  1.332023
-0.213140  -0.439302  1.151940
-0.208345  -0.413880  1.041702
2.786988  2.395729  4.705589
-0.198150  -0.458158  0.949165
-0.210010  -0.439037  0.757083
-0.198463  -0.398704  0.729034
-0.268095  -0.258240  1.151855
-0.231238  -0.438926  1.532120
-0.223356  -0.449160  1.351714
-0.218699  -0.439377  1.204101
-0.187095  -0.428130  1.048780
-0.185042  -0.433962  0.951831
-0.239064  -0.437663  0.855135
-0.227448  -0.429464  0.792277
-0.225327  -0.448242  0.743142
2.746774  2.308818  4.422220
-0.231992  -0.445756  0.686266
-0.269281  -0.274972  -0.273835
-0.151349  -0.420257  -0.788657
-0.168095  -0.439174  -0.624552
-0.228503  -0.469443  -0.422830
-0.234240  -0.446418  -0.255941
-0.236781  -0.450636  -0.087141
-0.256066  -0.463099  0.016550
-0.272713  -0.441438  0.118461
-0.249123  -0.418975  0.181380
-0.325116  -0.336248  0.752727
-0.224005  -0.493247  0.930273
2.808466  2.139276  4.756122
-0.253922  -0.450153  0.706209
-0.284511  -0.438177  0.687241
-0.251695  -0.430655  0.657381
-0.244890  -0.470897  0.612154
-0.254169  -0.466795  0.583654
-0.250177  -0.444250  0.558597
-0.262755  -0.433109  0.541077
-0.304859  -0.310633  0.244455
-0.239164  -0.498930  0.106605
-0.249976  -0.486936  0.169155
-0.252717  -0.462028  0.218403
-0.248516  -0.476190  0.255781
2.689783  2.259686  3.934258
-0.250064  -0.482785  0.295938
-0.271734  -0.427742  0.362519
-0.248268  -0.442985  0.369367
-0.291347  -0.467301  0.377649
-0.321948  -0.331821  -0.001915
-0.240384  -0.496274  -0.316926
-0.235002  -0.489549  -0.185123
-0.289449  -0.455326  -0.076353
-0.284308  -0.453928  0.037656
-0.274005  -0.480198  0.103337
-0.284736  -0.456488  0.158623
2.628021  2.301982  3.819240
7.878402  7.247614  10.361367
-0.296571  -0.500854  0.315899
-0.358781  -0.347641  0.150106
-0.287127  -0.468901  -0.037214
-0.254265  -0.478782  0.039099
-0.254649  -0.471127  0.100541
-0.247145  -0.477304  0.166707
-0.285504  -0.495659  0.204417
-0.293731  -0.511596  0.243256
-0.300865  -0.499119  0.265473
-0.300867  -0.459079  0.286676
-0.310733  -0.443420  0.305493
-0.349698  -0.341918  0.691160
2.522794  2.468735  4.574975
7.723174  7.445983  11.254221
-0.317479  -0.502649  0.641299
-0.307870  -0.461403  0.601942
-0.299526  -0.470876  0.556098
-0.302650  -0.467111  0.521298
-0.314388  -0.507095  0.479368
-0.331762  -0.478567  0.454140
-0.289229  -0.450470  0.429111
-0.346016  -0.318713  0.651795
-0.295568  -0.524826  0.848596
-0.298388  -0.511481  0.757136
-0.314793  -0.491542  0.676335
2.557938  2.243390  4.143211
-0.300495  -0.504109  0.592280
-0.309766  -0.471506  0.475599
-0.374373  -0.560339  0.452974
-0.316693  -0.518631  0.418334
-0.303199  -0.466399  0.400823
-0.379696  -0.308489  0.606655
-0.296453  -0.520258  0.825916
-0.309179  -0.518633  0.725435
-0.333164  -0.497871  0.644901
-0.344945  -0.470309  0.562701
-0.304337  -0.502435  0.511453
-0.349103  -0.514564  0.471677
2.485408  2.186814  3.926590
7.622146  7.058408  10.173670
-0.293344  -0.497625  0.355496
-0.369077  -0.363746  0.427092
-0.337402  -0.517079  0.528131
-0.358938  -0.499890  0.479760
-0.307419  -0.500320  0.437196
-0.287519  -0.534112  0.395753
-0.291986  -0.519408  0.366146
-0.314642  -0.486397  0.339865
-0.355311  -0.468523  0.315770
-0.352407  -0.475238  0.300899
-0.365824  -0.510155  0.288573
2.477067  2.164346  3.716400
-0.360981  -0.490550  0.258549
-0.337235  -0.503027  0.253092
-0.328633  -0.508611  0.244438
-0.355326  -0.514579  0.239536
-0.368912  -0.507491  0.229679
-0.362047  -0.481658  0.225013
-0.345015  -0.479590  0.219024
-0.357282  -0.488628  0.213615
-0.345465  -0.495785  0.207145
-0.380964  -0.402684  -0.829310
-0.323527  -0.543689  -1.456867
-0.326864  -0.504344  -1.252168
2.509730  2.223433  2.302028
-0.352042  -0.516232  -0.615563
-0.389906  -0.502756  -0.464008
-0.370602  -0.532660  -0.382217
-0.344706  -0.531934  -0.284022
-0.360092  -0.531501  -0.203915
-0.370770  -0.488639  -0.140079
-0.431233  -0.364432  0.240214
-0.359229  -0.529144  0.282931
-0.369240  -0.516917  0.257449
-0.370861  -0.521028  0.238583
-0.357066  -0.565686  0.217679
2.482100  2.091412  3.552900
-0.365710  -0.549733  0.198014
-0.340618  -0.543990  0.172314
-0.366855  -0.536762  0.166686
-0.380865  -0.508799  0.158231
-0.456123  -0.376711  0.275976
-0.378442  -0.516452  0.363989
-0.390285  -0.494580  0.319325
-0.400515  -0.530067  0.279836
-0.370765  -0.547473  0.250512
-0.333644  -0.543841  0.218799
-0.355903  -0.527718  0.195496
2.445156  2.176484  3.491838
7.504076  7.031005  9.440742
-0.390076  -0.514546  0.172124
-0.397825  -0.533230  0.128145
-0.379477  -0.545744  1.145004
-0.408036  -0.511547  1.063848
-0.380947  -0.521026  0.890429
-0.372648  -0.550350  0.708747
-0.357777  -0.549611  0.598437
-0.402812  -0.500857  0.479871
-0.377145  -0.491913  0.407326
-0.368637  -0.537169  0.344844
-0.373400  -0.512558  0.280178
-0.428861  -0.372010  -0.529218
2.333307  2.428627  2.091032
0.135032  -0.835416  -0.963636
-0.690940  -0.111349  -0.511514
-0.605527  -0.417861  -0.424410
-0.572333  -0.514588  -0.367078
-0.530532  -0.482240  -0.272791
-0.415459  -0.463990  -0.217053
-0.628549  -0.511723  -0.164561
-0.406503  -0.474244  -0.123123
-0.455042  -0.324499  0.523155
-0.502109  -0.599357  0.889604
-0.404188  -0.516319  0.722579
-0.406162  -0.487911  0.606453
2.389773  2.222009  3.740799
7.423351  7.077043  9.472335
-0.514671  -0.625283  0.266252
-0.453608  -0.559766  0.212470
-0.344953  -0.535087  0.184626
-0.377607  -0.647616  0.155164
-0.465691  -0.356403  0.034791
-0.340381  -0.557983  0.054213
-0.347312  -0.566243  0.046175
-0.403270  -0.545901  0.031974
-0.407322  -0.541853  0.024004
-0.411695  -0.513470  0.012909
-0.417913  -0.500398  0.006665
2.364489  2.194871  3.185705
-0.447914  -0.482728  -0.004028
-0.407354  -0.561850  -0.015137
-0.454666  -0.446426  -0.432226
2.291984  2.330220  2.405189
-0.375450  -0.537484  -0.718086
-0.417095  -0.515868  -0.447604
-0.439018  -0.527227  -0.376750
-0.391389  -0.549762  -0.320599
-0.366558  -0.556250  -0.273594
-0.409734  -0.531452  -0.221878
-0.438715  -0.505025  -0.194574
2.317079  2.199564  2.973619
7.299944  7.046517  8.651422
-0.503695  -0.358341  -0.404485
-0.389126  -0.637808  -0.505161
-0.390401  -0.611712  -0.451217
-0.405719  -0.590339  -0.385147
-0.383907  -0.547631  -0.331746
-0.407465  -0.563329  -0.288805
-0.411592  -0.545023  -0.240676
-0.403880  -0.538978  -0.214160
-0.419354  -0.524141  -0.194335
-0.517931  -0.404923  0.405855
-0.462199  -0.579162  0.815585
-0.440271  -0.540876  0.650685
2.344738  2.169841  3.621486
-0.416939  -0.533406  0.507624
-0.428245  -0.545199  0.215045
-0.364993  -0.596838  0.169303
-0.396586  -0.552167  0.115294
-0.413669  -0.462191  0.068687
-0.448668  -0.525032  0.034977
-0.537851  -0.385513  0.511133
-0.354887  -0.665366  0.922771
-0.438034  -0.573524  0.734050
-0.457399  -0.538876  0.583017
-0.412029  -0.523235  0.418151
-0.404493  -0.519275  0.315365
2.360724  2.163166  3.296676
-0.445571  -0.523042  0.232721
-0.436107  -0.532984  0.037320
-0.451069  -0.522221  0.017659
-0.482028  -0.377809  -0.901992
-0.392718  -0.553374  -1.455484
-0.375909  -0.567780  -1.223913
-0.443521  -0.553958  -0.983358
-0.483964  -0.531568  -0.837509
-0.463259  -0.531684  -0.716344
-0.446182  -0.527308  -0.589997
-0.442513  -0.557789  -0.513936
-0.450866  -0.540938  -0.453848
-0.439554  -0.510331  -0.388260
2.322386  2.194966  2.689143
-0.442251  -0.511620  -0.354233
-0.426016  -0.554155  -0.678988
-0.467572  -0.579520  -0.643763
-0.441194  -0.521909  -0.563267
-0.411269  -0.517024  -0.498166
-0.423081  -0.493217  -0.429832
-0.432395  -0.513664  -0.390640
-0.449556  -0.578000  -0.358630
-0.451860  -0.546061  -0.322027
-0.523956  -0.381413  -0.495625
-0.416190  -0.494620  -0.734320
2.419449  2.098674  2.072117
-0.442082  -0.493765  -0.671309
-0.424660  -0.535429  -0.432024
-0.490842  -0.555215  -0.415508
2.204672  2.113981  2.586765
-0.431911  -0.561470  -0.382805
-0.427962  -0.536490  -0.317358
-0.432518  -0.509993  -0.301687
-0.435116  -0.504402  -0.285619
-0.496120  -0.532750  -0.271746
-0.436245  -0.529193  -0.263936
-0.445229  -0.508843  -0.258148
-0.493236  -0.486606  -0.252182
2.214857  2.218976  2.723746
7.127559  7.071476  8.073624
-0.430957  -0.504134  -0.244792
-0.448020  -0.515193  -0.247817
-0.469039  -0.502647  -0.247594
-0.537841  -0.387722  0.625961
-0.462503  -0.574850  1.161002
-0.467063  -0.590661  0.903104
-0.490912  -0.513850  0.633036
-0.486410  -0.465077  0.473417
-0.442141  -0.488328  0.338647
-0.416927  -0.506266  0.200217
-0.446648  -0.565324  0.116952
2.271289  2.076861  2.992924
7.186954  6.880129  8.233939
-0.437286  -0.503382  -0.105486
-0.470129  -0.553361  0.214086
-0.444286  -0.524681  0.175362
-0.448747  -0.514858  0.095538
-0.475453  -0.537004  0.026210
-0.468196  -0.526163  -0.041337
-0.462369  -0.526016  -0.086482
-0.464489  -0.527117  -0.121902
-0.438072  -0.537210  -0.161865
-0.471824  -0.532780  -0.188038
-0.511159  -0.381408  -0.151269
2.192700  2.429008  2.788690
-0.417767  -0.531785  -0.061836
-0.464419  -0.529546  -0.173270
-0.468227  -0.502949  -0.183419
-0.473709  -0.519745  -0.206770
-0.502398  -0.509831  -0.231373
-0.481531  -0.536559  -0.245374
-0.473223  -0.554402  -0.259976
-0.463063  -0.500510  -0.269620
-0.491095  -0.348213  -1.183712
-0.445581  -0.523021  -1.813530
-0.450712  -0.541991  -1.547536
-0.453485  -0.536371  -1.332250
2.275323  2.158893  1.721621
-0.474090  -0.516693  -1.155807
-0.478899  -0.478059  -0.720172
-0.461570  -0.510697  -0.688808
-0.456953  -0.524071  -0.625414
-0.446093  -0.546309  -0.576192
-0.522937  -0.362608  0.041121
-0.465970  -0.540131  0.331488
-0.485063  -0.541267  0.210578
-0.472245  -0.543332  0.116904
-0.442118  -0.495987  0.008799
-0.469202  -0.537090  -0.051355
-0.466117  -0.547204  -0.119047
2.265181  2.138673  2.685760
-0.477192  -0.539710  -0.162114
-0.473711  -0.521580  -0.250510
-0.552780  -0.354544  -0.450223
-0.477930  -0.512898  -0.532683
-0.451102  -0.505425  -0.503717
-0.438190  -0.518860  -0.465733
-0.458277  -0.507853  -0.447966
-0.475040  -0.502767  -0.432809
-0.462415  -0.511449  -0.417764
-0.466899  -0.505448  -0.408861
-0.455703  -0.487624  -0.400733
-0.475134  -0.502310  -0.392587
2.237859  2.184685  2.452790
7.136740  7.033352  7.566451
-0.440578  -0.569442  -0.841601
-0.453750  -0.578481  -0.807389
-0.450486  -0.543531  -0.728575
-0.475734  -0.495597  -0.666414
-0.489015  -0.516135  -0.613791
-0.477409  -0.528652  -0.562443
-0.467991  -0.517124  -0.528227
-0.452537  -0.515131  -0.495110
-0.459165  -0.511822  -0.474079
-0.446585  -0.523616  -0.452605
-0.419834  -0.514835  -0.438851
-0.486959  -0.535650  -0.430633
2.185782  2.149588  2.393907
-0.464017  -0.523087  -0.424998
-0.490616  -0.503376  -0.408730
-0.502347  -0.509164  -0.403809
-0.474399  -0.499798  -0.400896
-0.481965  -0.458843  -0.399822
-0.566965  -0.328602  0.212997
-0.482302  -0.512948  0.640491
-0.481278  -0.544570  0.453127
-0.443881  -0.528737  0.300686
-0.455797  -0.504682  0.141088
-0.420675  -0.486336  0.046117
-0.447958  -0.492430  -0.061686
2.256489  2.208965  2.653438
-0.472307  -0.509028  -0.121768
-0.464352  -0.513482  -0.258785
-0.531737  -0.396407  -0.908906
-0.438614  -0.525571  -1.284678
-0.467103  -0.485498  -1.131363
-0.443380  -0.487140  -0.967651
-0.464434  -0.482680  -0.872748
-0.464056  -0.470799  -0.767745
-0.467697  -0.509362  -0.707824
-0.451161  -0.519270  -0.638161
-0.455859  -0.499984  -0.596253
-0.472585  -0.500709  -0.565134
2.241797  2.210679  2.246954
-0.472789  -0.496946  -0.531314
-0.474877  -0.516208  1.563345
-0.495869  -0.540768  1.264379
-0.496020  -0.528919  1.052398
-0.483498  -0.531567  0.785285
-0.446747  -0.476073  0.499379
-0.455655  -0.536211  0.338987
-0.457638  -0.496071  0.203801
-0.470942  -0.483550  0.062405
-0.488626  -0.352490  -1.448157
-0.405485  -0.532181  -2.111563
-0.425872  -0.507618  -1.817005
2.288553  2.230933  1.192919
-0.463665  -0.491599  -1.142303
-0.459039  -0.491841  -1.085893
-0.480797  -0.478478  -0.970984
-0.470347  -0.478599  -0.874817
-0.466161  -0.435763  -0.794199
-0.473793  -0.467958  -0.711677
-0.543939  -0.359185  0.044715
-0.479534  -0.543061  0.373635
-0.452694  -0.511755  0.227171
-0.454614  -0.522928  0.107252
-0.449830  -0.494361  -0.018372
-0.436026  -0.510585  -0.091273
2.310002  2.203257  2.615928
-0.422173  -0.513660  -0.168270
-0.478132  -0.474763  -0.290079
-0.491668  -0.445994  -0.309945
-0.496070  -0.334807  -0.152206
-0.468726  -0.476505  0.023262
-0.516488  -0.485305  -0.058702
-0.488263  -0.505883  -0.142648
-0.442896  -0.505278  -0.194562
-0.445329  -0.497966  -0.251496
-0.489966  -0.452140  -0.283548
-0.470395  -0.457148  -0.322137
-0.426772  -0.505044  -0.342198
2.348516  2.192238  2.399247
-0.447583  -0.423072  -0.365102
-0.539080  -0.326495  -0.116519
-0.447506  -0.512919  0.088275
-0.453293  -0.507360  0.021283
-0.445110  -0.475963  -0.060959
-0.457807  -0.459138  -0.127427
-0.446051  -0.448229  -0.199715
-0.457211  -0.492563  -0.256424
-0.455611  -0.447930  -0.287509
-0.469523  -0.437969  -0.327390
-0.519038  -0.347086  -0.754161
-0.453542  -0.510958  -0.967806
2.345642  2.102994  1.611624
-0.429666  -0.506936  -0.875274
-0.443448  -0.442656  -0.655842
-0.457281  -0.438809  -0.641603
-0.456754  -0.451620  -0.606135
-0.450543  -0.471424  -0.578934
-0.450805  -0.464216  -0.548288
-0.457031  -0.458349  -0.532153
-0.504023  -0.308409  -0.780401
-0.405207  -0.483557  -1.007590
-0.419151  -0.504080  -0.909946
-0.411967  -0.441073  -0.833546
-0.457018  -0.431536  -0.749076
2.260961  2.331188  2.064890
-0.441458  -0.474675  -0.607189
-0.438467  -0.450629  -0.593520
-0.431195  -0.450983  -0.574549
-0.408200  -0.441976  -0.545592
-0.466144  -0.272775  -0.828664
2.244923  2.622266  1.690504
-0.386840  -0.504138  -1.069837
-0.431600  -0.492860  -0.833387
-0.470812  -0.483596  -0.769607
-0.445637  -0.449449  -0.696129
-0.449783  -0.440749  -0.654072
-0.443436  -0.427180  -0.611748
2.322852  2.348362  2.167554
-0.435513  -0.418053  -0.582358
-0.440410  -0.436128  -0.524067
-0.409148  -0.446544  -1.709740
-0.409530  -0.448360  -1.549107
-0.423447  -0.436396  -1.360031
-0.429003  -0.410953  -1.196810
2.331405  2.378876  1.679864
-0.418112  -0.456565  -1.029959
-0.432217  -0.432360  -0.802813
-0.457361  -0.422517  -0.739410
-0.436207  -0.437373  -0.671728
-0.511794  -0.284146  0.606264
2.195546  2.611783  4.376184
-0.400456  -0.463626  0.929901
-0.412611  -0.429362  0.660618
-0.407180  -0.462544  0.571578
-0.448227  -0.454290  0.395121
2.289050  2.328595  3.001669
-0.448019  -0.438809  0.191269
-0.435121  -0.469987  -0.033554
-0.398442  -0.457914  -0.128888
-0.429382  -0.299468  -1.100194
-0.416708  -0.464733  -1.530895
-0.429421  -0.459332  -1.394476
-0.423299  -0.444360  -1.176244
2.355218  2.348360  1.745570
-0.398288  -0.426310  -1.048514
-0.440726  -0.404468  -0.767259
-0.410913  -0.422727  -0.728867
-0.408074  -0.417509  -0.678904
-0.438492  -0.401486  -0.638755
-0.490316  -0.261008  -0.280655
-0.419555  -0.449795  -0.152086
-0.414108  -0.467868  -0.205862
-0.393454  -0.441539  -0.250518
-0.409065  -0.396457  -0.296339
-0.435150  -0.429141  -0.324332
-0.421435  -0.439331  -0.350235
2.369183  2.340676  2.378177
-0.428580  -0.416075  -0.367801
-0.404942  -0.431111  -0.406636
-0.418286  -0.265391  -0.404034
-0.413292  -0.477030  -0.370365
-0.397524  -0.427886  -0.386559
-0.429213  -0.432052  -0.397375
-0.413613  -0.436471  -0.410083
-0.411082  -0.431801  -0.417286
-0.415269  -0.419550  -0.422389
-0.395150  -0.397199  -0.429502
2.406103  2.415399  2.316121
-0.369343  -0.428390  -0.429114
0.196411  0.092433  0.126402
-0.386217  -0.417829  -0.436649
-0.427481  -0.413611  -0.275022
-0.408288  -0.386661  -0.290371
-0.395587  -0.379909  -0.316032
-0.390590  -0.421739  -0.339417
-0.404229  -0.430517  -0.360681
-0.419420  -0.415487  -0.378315
-0.439255  -0.409440  -0.391881
-0.443833  -0.452002  -0.403103
-0.488440  -0.268633  -0.386695
-0.385656  -0.399686  -0.341030
-0.399267  -0.443235  -0.360366
-0.399938  -0.434170  -0.375339
-0.418848  -0.452323  -0.395787
-0.374162  -0.398349  -0.404987
-0.352254  -0.398019  -0.408093
-0.393727  -0.396612  -0.416321
-0.427017  -0.416815  -0.422629
-0.396312  -0.404196  -0.424247
-0.479025  -0.221184  -0.296033
-0.393935  -0.418587  -0.195959
-0.379575  -0.435187  -0.225233
-0.386444  -0.416341  -0.275244
-0.418647  -0.454110  -0.303344
2.356553  2.328473  2.434011
7.378249  7.367981  7.384031
-0.384457  -0.389113  -0.379556
-0.397758  -0.347429  -0.391290
-0.397260  -0.349759  -0.399634
-0.442076  -0.237294  -0.675379
-0.399049  -0.374766  -0.828921
-0.401211  -0.408093  -0.759198
-0.349366  -0.433191  -0.687251
-0.368545  -0.416169  -0.645561
-0.380455  -0.423727  -0.596114
-0.399404  -0.390749  -0.570167
-0.382673  -0.366064  -0.540043
-0.384355  -0.401618  -0.522094
2.421083  2.389451  2.254836
-0.397626  -0.396352  -0.509717
-0.356658  -0.384219  -0.990466
-0.371529  -0.413120  -0.948241
-0.400581  -0.399905  -0.856773
-0.395349  -0.374727  -0.777164
-0.401919  -0.380252  -0.719260
-0.382024  -0.359802  -0.648243
-0.374783  -0.368613  -0.611812
-0.394315  -0.355401  -0.582189
-0.394064  -0.363374  -0.547020
-0.442212  -0.270627  -0.413974
-0.387849  -0.436973  -0.399494
2.468141  2.255921  2.379605
-0.380116  -0.400119  -0.407992
-0.386665  -0.379655  -0.418546
2.421854  2.464109  2.341769
-0.315750  -0.382685  -0.417186
-0.376874  -0.385857  -0.417462
-0.415448  -0.363460  -0.423907
-0.409704  -0.363034  -0.424538
-0.450354  -0.267932  0.310528
-0.370713  -0.434501  0.751514
-0.377059  -0.383217  0.599839
-0.382959  -0.360366  0.357153
-0.368232  -0.382557  0.217094
2.461164  2.431416  2.877181
-0.361725  -0.418823  0.098429
-0.444883  -0.382121  -0.152808
-0.475915  -0.374342  -0.187384
-0.391576  -0.390902  -0.227196
-0.414402  -0.210674  -0.843582
-0.354933  -0.394740  -1.126484
-0.285942  -0.409737  -1.006990
-0.314493  -0.404577  -0.903242
2.483775  2.435115  1.953828
-0.354325  -0.364039  -0.819664
-0.154948  0.016991  -0.684576
-0.706451  -0.423149  -0.642650
1.674845  2.061825  2.166101
-0.213230  0.009449  -0.459968
-0.541236  -0.716590  -0.359571
-0.438999  -0.949572  -0.312287
-0.346256  -0.608246  -0.322976
-0.297327  -0.307512  -0.347024
-0.317401  -0.298446  -0.360564
-0.349307  -0.312319  -0.373570
-0.337078  -0.304678  -0.383273
-0.335192  -0.323456  -0.388969
-0.399007  -0.328479  -0.396202
-0.342839  -0.358257  -0.400781
-0.373771  -0.201236  -0.328952
2.428736  2.766527  2.507710
7.498277  7.983170  7.556464
-0.352518  -0.322557  -0.340218
-0.390468  -0.348106  -0.345739
-0.400446  -0.282784  -0.354087
-0.343506  -0.393167  -0.368030
-0.355980  -0.401486  -0.381280
-0.332096  -0.360046  -0.382204
-0.239360  -0.272726  -0.390845
-0.217311  -0.047240  -0.595933
0.096110  0.265938  -0.649808
-0.028000  -0.332668  -0.481007
-0.457122  -0.691451  -0.363382
2.028354  1.865017  2.510917
-0.641878  -0.898331  -0.204963
0.069961  -0.870694  -0.233057
-0.092612  -1.367650  -0.371253
2.606420  1.078771  2.298665
7.594671  5.879989  7.215021
-0.756807  -0.436437  0.150681
-0.408767  -0.899180  -0.053561
-0.470717  -0.936772  0.021773
-0.263806  -0.590971  0.044696
-0.096630  -0.538391  0.062582
0.565064  -0.343038  -0.066073
0.200897  -0.531591  -0.224269
0.100391  -0.499805  -0.262555
-1.204427  -0.303967  -0.580652
-1.600348  -0.052580  -0.686721
-1.369864  0.190037  0.462304
-0.552824  -0.411310  0.767032
-0.110921  -0.770259  0.723137
0.466241  -0.889008  0.586385
0.590318  -1.070511  0.584668
0.371215  -0.932072  0.521283
0.312385  -1.078059  0.487459
0.283104  -1.214084  0.467156
-0.381886  -0.374497  0.296687
1.911730  3.143610  2.935057
-0.778629  -0.088266  0.199788
-0.375405  0.514988  1.566181
-0.051772  0.139143  1.411345
-0.459813  -0.039656  1.253372
-0.410099  -0.275159  0.977552
-0.380340  -0.663573  0.709750
-0.273403  -0.824293  0.635438
-0.271563  0.284911  0.443580
-0.382621  0.187051  0.328873
-0.583721  0.235665  0.306988
-0.253294  0.335278  0.956439
-0.400002  0.852091  0.662821
2.307113  4.114822  3.194117
-0.079030  0.102016  0.530319
0.131412  -0.743954  0.236274
0.346352  -1.344470  0.168936
0.278445  -1.220803  0.191212
0.163971  -1.339581  0.093507
0.421900  0.306842  -0.363363
0.656110  -0.653508  -0.190232
0.536487  0.561661  1.370994
-0.013277  0.636161  1.280292
-0.166908  0.201919  1.060923
0.184512  1.114035  0.576998
-0.656119  0.170508  0.427130
1.494182  2.266491  3.061294
-0.515335  1.098687  -0.046967
-0.275009  -1.715318  -0.212652
0.143382  -1.083224  -0.437816
0.163598  -1.712931  -0.375283
0.092811  -1.502063  1.545159
0.224895  -0.734533  1.863803
-0.450350  -1.479935  1.721166
-1.325298  -0.182076  1.084504
0.796032  3.708136  3.319050
-0.835302  -0.035748  0.644300
-0.517860  -0.396070  0.100504
-0.379086  -0.282744  0.098485
2.552803  2.660413  2.835261
-0.482694  0.289875  -0.021511
-0.619852  -0.340911  0.069717
-1.288553  -0.378996  0.839136
0.996859  2.443237  4.187232
-0.980812  -0.957113  0.754236
-0.649330  -1.265374  0.387040
-1.044062  -1.267573  0.112936
-1.267631  -0.668647  -0.150936
-1.291568  -1.713590  -0.232623
-1.215211  -1.213235  -0.420166
-0.146319  -0.189041  -0.577913
0.560478  1.167094  -0.239355
3.946597  5.105831  2.749870
-0.052753  -0.040754  -0.635236
-1.938647  -1.125023  -0.503088
-1.198903  -0.086144  -0.511660
-0.592460  0.233944  -0.557340
-0.824468  0.069577  -0.525378
-0.261673  -0.263176  -0.557501
-0.048537  -0.552112  -0.472594
0.090758  -0.885707  -0.320195
0.094483  0.340925  0.689597
-0.549005  -0.151616  1.403590
-1.054772  -0.085322  1.172080
-0.392210  -0.026812  0.736147
2.960107  2.874587  3.087267
-0.299053  0.047624  0.270057
-0.591515  -0.197487  -0.086990
-0.936348  -0.241506  -0.091110
-0.776276  -0.335166  -0.200394
-0.264119  -0.778480  -0.276371
-0.424606  -0.747593  -0.364401
-0.614684  0.099498  -1.067205
-0.366715  0.574986  -0.743947
-0.850943  1.365855  -0.532028
0.133071  0.480190  -0.483622
-1.017837  -0.081769  -0.532627
-0.174201  -0.444856  -0.703839
3.325875  2.119363  1.840964
0.248161  -0.870422  -0.640742
0.534612  -1.987434  -1.169858
-0.100200  -2.164385  0.277303
-0.455937  -0.359991  -0.012853
-0.287495  -0.020832  0.071026
-1.110290  0.506900  0.040727
-1.329561  0.989914  0.042772
1.321774  4.231365  2.716815
-0.313224  0.214360  0.274246
0.154315  -0.044053  0.148174
0.259960  -0.371516  0.163395
-0.185102  -0.505350  0.176074
2.286714  2.242133  2.852530
-0.107175  -1.280016  0.709798
-1.049306  -1.075685  0.706412
-1.304147  0.026868  0.566879
-0.894279  -0.122904  0.303604
-0.779353  -0.201363  0.239359
-0.950526  -0.779390  0.284039
-0.471829  -0.899370  0.347863
0.124227  -1.077933  0.395091
-0.038344  -1.101344  0.314024
-0.661690  -0.886735  2.787118
-0.594280  -1.549292  3.515584
2.290725  0.775157  6.748143
-0.121599  -1.965528  2.692675
0.150074  -0.738754  0.952194
0.246802  0.270350  0.643012
0.056985  0.232232  0.183564
-0.437597  0.609995  -0.124843
0.300537  -0.308041  -0.282993
-0.008449  -0.480775  -0.228695
0.720366  0.178453  2.970009
0.238663  -1.096214  8.268897
0.313065  -0.598774  6.949252
0.138898  -1.173842  5.813451
-0.316352  -0.127455  4.328955
2.153650  3.567403  5.763560
0.737768  0.980558  2.993618
-0.648891  0.721404  0.444578
-1.074240  -0.093015  0.250846
-1.240845  -0.854058  0.173357
-1.255230  0.288778  1.113566
-2.165240  -1.120232  2.183361
-0.629251  0.445647  1.749361
-0.595863  -0.202985  1.333225
-0.328331  0.538354  1.013112
0.806250  0.922145  0.643806
1.324143  -0.416277  0.334421
0.169701  -0.300974  0.111963
2.083588  2.651020  2.514781
0.642603  -1.700163  -0.151207
-1.888238  -0.817405  -0.391656
-1.307107  -0.760126  4.789514
-0.315915  -1.751183  4.130925
-0.588856  -1.110158  3.167487
0.039977  -0.390893  2.248521
-0.401414  -0.325980  1.269489
0.378912  0.294704  0.559097
-0.851108  -0.084008  0.249850
-0.384140  0.154352  -0.023559
-0.080103  1.076590  -0.220447
-0.484533  0.829495  1.183595
2.033269  3.494357  4.841985
-0.791503  -0.692752  5.475096
-0.656286  -0.639237  4.967957
-0.437472  -0.484605  4.264085
-0.129115  -0.537821  3.119055
-0.098424  -0.682300  2.440194
-0.264284  -0.967874  2.012586
-0.405701  -0.232872  1.372850
0.141096  0.771062  0.682354
-0.247484  0.627978  -0.965380
0.472520  1.071384  -0.943477
0.429736  0.963249  -0.803622
0.240993  0.098143  -0.654403
-0.044233  -0.015598  -0.611705
-0.100849  -0.074052  -0.635757
-0.129786  0.651778  -0.659736
-1.327987  -0.961133  -0.835572
-2.027879  -1.781253  -0.856298
-0.505381  -0.720061  -0.797911
-0.244979  -0.043270  -1.361941
-0.112630  -0.258189  -4.639481
-0.135025  -0.300228  -3.954666
-0.342559  -0.535440  -3.200020
-0.364213  -0.494096  -2.778993
-0.225770  -0.239758  -2.414398
-0.287800  -0.257087  -2.109271
-0.307757  -0.366117  -1.793322
2.528266  2.413310  0.892075
-0.367312  -0.366223  -1.611797
-0.905754  0.048633  -1.040816
1.516763  3.247684  1.840916
-0.266146  -0.428472  -2.335389
-0.315458  -0.395700  -1.806617
-0.298039  -0.312453  -1.633326
-0.371793  -0.348475  -1.444744
-0.310187  -0.322364  -1.332025
-0.236445  -0.391803  -1.208407
-0.308280  -0.384591  -1.133955
-0.297697  -0.360701  -1.071412
-0.327237  -0.167710  -0.260241
2.506623  2.854938  2.792027
0.443824  -0.957974  2.293614
2.804396  -0.918156  0.853078
1.174047  -0.219614  0.486837
-6.523811  2.569596  0.237863
-4.298125  1.578096  -0.141112
0.167064  0.854737  -0.320035
0.930745  -0.382348  -0.972481
-0.476781  -0.898279  -2.152935
-0.753497  -1.490414  -5.519060
1.567631  -1.919437  -12.170601
2.713064  -2.490835  -11.216621
2.001668  -3.217550  -9.924759
4.295653  -0.929689  -6.509539
0.548470  -2.598328  -8.526385
-1.223472  0.952351  -4.579348
-1.800152  2.401776  -4.111313
-2.108837  1.982608  -3.124053
-1.790938  0.974803  -2.216044
-1.737862  0.425269  -7.150743
-1.782401  -0.333944  -9.248693
-1.802986  -0.618142  -7.743938
-1.589003  -1.045473  -6.808133
-0.480669  -1.240196  -6.303104
3.273390  1.476486  -3.505612
1.269243  -1.240682  -6.613413
2.534321  -0.541390  -6.701166
0.763456  -1.736748  -5.268591
-0.429713  -0.920691  -4.881297
-2.115515  1.291900  -12.034266
-3.052659  0.993150  -11.476882
-3.634526  0.011330  -9.078993
-2.815653  0.019916  -6.840063
-1.006738  -0.649244  -4.862361
0.849644  -1.504982  -3.198236
2.293257  -1.380406  -2.242867
2.803363  0.310100  -1.607778
3.027330  2.000067  -1.064585
1.751370  1.952637  -0.418062
3.606127  4.792265  2.552576
-1.073623  0.027673  -7.538552
-1.953777  -1.454550  -6.112191
-2.610161  -1.142629  -5.115317
-3.505187  -0.975844  -3.970667
-2.446558  -1.414670  -3.145658
0.157714  -1.669603  -2.915178
2.469519  -1.052716  -2.932624
3.328149  1.128981  -2.906469
3.206403  2.065589  -2.755641
1.870744  1.407110  -5.988155
0.688367  0.148435  -6.194660
0.115742  -0.260832  -5.009644
2.538132  2.292007  -1.535686
-2.118262  -0.935352  -3.243060
-1.851417  -1.215844  -3.380220
-0.389698  -1.829216  -3.162232
0.228123  -1.520443  -3.016340
0.640282  -0.387581  -2.737940
0.741856  0.697193  -2.523088
-0.016803  1.049658  -5.252627
-1.095819  0.187654  -4.426661
-2.112258  -0.799709  -3.510221
-2.306748  -1.527179  -2.699988
-2.664958  -1.812234  -2.044368
-2.350033  -1.331955  -1.489299
-1.993218  -1.164109  -1.308764
0.202266  -1.100848  -0.558024
0.999634  -1.135927  -0.332763
1.709975  -0.792315  -0.165530
0.992374  -0.301962  -4.098698
3.305000  2.976579  -4.596732
-0.127631  0.000987  -4.463304
-0.660818  -0.272499  -2.840970
-1.585029  -0.565066  -2.071723
-1.763076  -0.481533  -1.645189
-2.036595  -0.285385  -1.475919
-1.961308  -0.597648  -1.535082
0.988778  2.042200  1.116937
-0.983662  -0.369579  -1.517659
-0.111143  1.718419  -3.338566
-0.609579  1.935088  -3.714384
-1.059614  1.988721  -3.033860
-1.484906  1.560625  -2.384678
-1.785233  0.505030  -1.878434
-1.172813  0.212489  -1.435232
-0.765681  0.290428  -0.948236
-0.937374  -0.527435  -0.756184
-0.619361  -1.388845  -0.648522
-0.267888  -1.288706  -0.496071
-0.120577  -0.482357  -0.284818
0.321840  -0.243653  -0.208083
0.207129  -0.256304  -0.240954
0.337677  -0.417235  0.032756
0.742379  -0.771024  0.088232
1.046426  -1.117646  0.051496
1.114133  -1.356186  -0.007805
0.719755  -1.031794  -0.176498
0.542498  -0.716907  -0.358803
0.256483  -0.804099  -0.498777
-0.225863  -0.689782  0.228626
-0.228176  -0.635797  0.312450
-0.023562  -0.324171  0.181441
0.069701  0.077203  0.095160
-0.151210  0.316990  0.102098
2.581766  3.407440  2.997076
-0.356891  -0.198235  0.514850
-0.504151  -0.494777  0.908459
-0.976463  -0.607061  1.256046
-0.862163  -0.275063  1.457378
-0.602122  -0.041172  2.799293
0.225654  -0.474824  2.740393
0.950546  -0.818593  2.578232
1.149201  -1.089361  2.359107
1.351475  -1.770995  2.556531
0.389109  -1.152462  2.602813
-0.640035  -0.424919  2.590343
1.452789  3.061368  5.536534
-0.523478  -0.659695  2.243071
0.284500  -1.749476  1.258091
1.105280  -2.526830  5.925532
1.839712  -2.099677  4.899652
5.345203  1.149337  7.056188
1.667569  -1.369025  3.841745
0.185482  -1.482549  1.513636
-1.345251  -0.747355  0.077351
-1.043163  -0.328972  -0.847753
-0.377246  0.510464  -1.389024
0.049209  1.272417  -1.586911
-0.560374  0.652246  -1.255176
1.870442  3.069536  2.013725
6.733572  7.917332  7.635478
-0.692249  -1.451332  5.938056
-1.287104  -0.692678  6.244691
-1.398214  -0.833876  6.271976
-1.326243  -1.112891  5.732096
-1.346142  -0.407778  4.615774
-1.300788  -0.265009  3.601753
-0.278619  -0.281750  2.316896
0.967290  -0.300369  0.975153
2.164327  -0.696664  3.958895
2.966497  -1.287051  2.614396
3.165936  -1.873256  2.019665
2.263922  -2.118038  1.883185
1.878668  -1.753552  1.513458
-5.546907  0.675039  2.494446
-6.388433  0.513005  2.587164
-3.886912  0.217901  1.874584
-0.731334  -0.984889  0.905149
1.135244  -1.917778  0.039386
0.710411  -1.014519  5.588721
0.443137  -0.341418  7.121567
0.258803  -0.220561  5.957283
-0.264221  0.174132  4.495652
-1.129028  0.859987  3.618938
-1.241690  0.693701  2.577173
1.586270  3.489284  4.773254
-0.649857  0.226620  1.853103
1.249563  -1.078101  0.595787
1.411892  -0.855449  0.594370
0.849663  -0.270680  3.109014
0.336820  -0.592540  4.665792
-0.324624  0.180971  3.815929
-0.553393  0.674147  2.721169
-0.259884  -0.080104  1.905641
2.893705  2.250558  4.272149
0.685707  -0.820678  1.347517
0.121054  -0.586063  1.141170
-0.664643  -0.467380  1.376827
-1.304377  -0.268724  1.329758
1.102361  2.826977  4.302122
-0.601089  -0.923306  3.105387
-0.052308  -1.079559  2.630405
0.300371  -0.280757  1.895107
0.498741  0.246163  1.129671
0.623634  0.151198  0.335017
0.617365  -0.390403  -0.191143
0.032830  -0.474431  -0.386714
-0.520031  -0.041632  -0.387949
-0.467176  0.535483  -0.382586
-0.430205  0.459991  1.697329
-0.287363  -0.077924  4.528538
-0.058039  -0.382409  3.822140
0.014319  -0.411237  3.094233
0.271330  -0.848760  2.383157
0.173938  -0.424744  2.469409
0.003515  -0.423952  2.126474
0.171854  -1.180103  1.471296
0.378324  -1.894639  0.815885
0.502998  -1.687180  0.437954
0.264342  -0.876996  2.806043
0.281349  -0.823662  10.072158
0.434267  -1.009136  8.309952
0.345737  -0.915999  6.750962
0.228271  -0.701565  5.042056
3.051175  2.421453  6.619467
0.381713  -0.758041  3.869843
1.894250  0.354018  1.638695
0.872571  -0.199227  1.879527
0.028059  -0.282928  1.834075
0.508442  -0.049973  1.593662
0.098309  0.308926  3.903167
-0.200111  -0.045165  3.092793
0.607814  -0.228567  1.952941
0.430805  -0.579532  1.232716
0.981493  -1.254688  0.345247
0.192383  -1.841534  -0.065261
-0.283670  -2.194565  -0.334219
2.247453  0.484670  2.337000
7.183748  5.590584  7.355726
-0.027279  0.434324  0.246348
0.269556  -0.841290  6.221191
0.527615  -1.151376  4.878891
0.111513  -0.815615  3.638200
-0.164502  -0.157648  2.546590
-0.419116  -0.258908  1.717549
-0.005394  0.358549  0.748806
0.481057  0.399179  -0.040249
0.088220  0.081164  -0.440145
2.677547  2.796516  2.070340
-0.774664  1.029788  -5.777061
-0.247690  -0.501535  -10.715382
-0.523927  -0.432320  -9.406416
-0.110870  -0.702502  -6.255910
0.540886  -1.193989  -6.199595
1.115561  -1.038818  -6.029673
2.763409  -1.275993  -5.628741
0.849383  -0.329731  -4.822359
0.417036  -0.560233  -4.372089
-1.648924  0.868893  -3.615649
-2.398793  1.146297  -9.069208
-2.301772  0.902089  -11.823153
-2.942915  0.803769  -9.406705
-2.757589  0.090888  -7.395266
0.282421  2.499781  -3.001448
-1.936211  0.066501  -5.679425
0.523232  -0.653911  -1.988922
0.098763  -1.063825  -1.288521
1.193127  -1.700374  -0.784561
2.008009  -1.021989  -0.619213
0.990536  -0.941713  -6.785937
0.614446  -1.668842  -10.605671
-0.026114  -1.335848  -9.379464
2.348925  1.914900  -5.615540
-0.433410  -0.412135  -9.188002
-0.537927  -0.662788  -6.222162
2.264076  2.123071  -1.062806
-0.113709  -1.441033  -5.035734
-0.348704  -0.843793  -3.253568
-0.773887  -0.575646  -2.318203
-0.106844  -0.222773  -6.502724
3.309174  3.049242  -7.054347
0.680239  -0.690666  -5.770857
-0.045244  -0.896050  -3.304325
-0.890604  -0.299378  -2.274235
-1.718142  0.277208  -1.624560
-2.015949  0.010789  -1.146740
-1.746606  -0.327229  -0.941764
-1.452391  -0.046340  -1.093570
-1.104700  -0.434252  -1.216519
2.050525  2.250675  1.506021
7.451286  7.394355  6.507731
-0.761876  1.011335  -4.746290
-0.084426  1.440849  -4.509772
-0.219664  1.343859  -3.726218
-0.538800  0.990171  -3.094513
-0.592951  0.405379  -2.583822
-0.402917  0.222928  -2.169554
-0.018302  0.500601  -2.049648
0.005250  0.892247  -1.907435
-0.170149  1.465810  -6.037077
-0.598565  1.424490  -5.648238
-1.219334  1.413866  -5.030509
1.153354  4.401408  -1.674311
-0.625535  0.390860  -2.172430
-0.872809  0.200582  -1.487352
-1.095234  -0.221161  -0.717828
-1.559086  -0.466519  -0.143412
-1.686926  -0.596575  0.150331
-1.357460  -0.364143  0.333518
-1.110750  0.277025  -3.832447
-0.778878  0.155760  -4.356503
-0.854418  0.433765  -3.682012
-0.527114  0.456585  -2.738014
-0.575807  -0.166155  -2.193105
-0.060344  -0.652182  -1.623838
3.217954  1.950548  1.746386
0.210229  -0.521636  -1.321135
0.031068  -0.432360  -0.698342
0.212210  -0.667209  -0.495195
0.204666  -0.623466  -1.179938
0.091942  -0.405838  -1.320045
-0.459934  -0.639901  -1.018368
-0.779153  -1.002578  -0.665028
-0.728150  -0.985154  -0.309086
-0.350808  -0.343569  0.055272
0.137202  0.113843  0.482033
0.808725  -0.348262  1.014656
1.148986  -0.931181  1.577128
0.460050  -1.398299  1.970725
2.772449  1.216443  5.258869
-0.564640  -1.516472  4.079035
0.244052  -0.787726  3.536222
1.197820  -1.693888  4.283636
1.277689  -2.405735  4.771216
0.704779  -1.358984  4.913883
-1.065493  -0.094843  4.985506
-2.654641  0.694350  4.333514
-2.432964  -0.506826  3.522449
-2.063337  -2.502398  2.411457
-1.708733  -2.890292  7.892647
-0.912175  -2.714548  4.462672
-2.081064  -2.576616  2.924683
-0.155334  0.524998  4.699240
-3.278250  -2.694644  1.852088
-4.280881  0.539172  0.402245
-4.412345  0.189654  0.047195
-2.327251  0.545673  -0.348850
-1.888073  0.548059  -0.322486
-1.430935  -2.105121  -0.744882
-1.518646  -3.764603  3.418372
-1.625619  -2.724176  2.263988
-1.314006  -2.604772  2.443575
-0.297341  -1.996302  2.382807
-0.437281  0.070675  2.870292
-1.496386  0.673240  3.086134
0.526258  4.156931  6.274415
-2.624873  -0.602862  1.535081
-2.154748  -0.356676  0.925127
-1.010448  -1.874593  -0.500569
-0.592905  -2.833025  3.348847
-0.549409  -2.182317  0.270867
-1.022065  -0.453706  0.525942
-0.239377  -0.799669  0.077864
0.145797  -2.511354  -1.050773
0.556565  -0.979043  -0.973126
0.143489  1.017157  -0.520297
-0.001464  2.516041  -0.435274
0.077471  2.172785  -1.141837
-0.071548  1.839142  -0.980737
-0.223787  0.596645  -1.165626
0.179576  0.999634  13.995964
0.386900  1.096426  13.133785
0.037157  1.099804  11.342044
-0.596639  1.179512  9.879475
0.272825  0.108869  7.529010
0.627001  -0.189679  5.892508
-0.807022  1.198997  4.782168
0.390198  -4.646246  2.327777
1.776261  -2.463270  2.575373
1.019218  -0.305881  -0.324183
1.494347  -1.914714  -6.311868
1.245727  -1.516215  -5.541617
1.731907  0.475196  -3.823382
1.829047  1.104751  -3.647114
1.874211  1.472153  -3.227912
1.595910  1.878726  -2.579417
1.422287  2.218548  -1.878211
1.432955  2.554780  -1.445648
1.344180  2.140429  -1.232371
0.802359  1.381262  2.395866
0.076589  -0.116111  6.809057
-0.440841  -1.205508  5.505191
-0.808088  -1.541167  4.304887
-0.896068  -1.147518  2.967031
-0.178497  -0.614898  2.092151
0.399352  -0.268451  1.137374
0.641099  -0.117154  0.666771
0.287749  -0.077944  0.201947
-0.113972  -0.472419  -0.261203
0.224285  -0.755881  -0.614546
0.858678  -1.375576  4.827185
1.787912  -1.747804  3.597730
2.632190  -0.371599  2.409211
3.209248  0.145536  1.658001
3.589711  -0.022949  0.876913
4.170839  -0.841133  0.277897
7.541454  1.547729  2.743549
-0.163561  -5.339720  -0.338474
-1.283726  -4.302176  -0.832961
-5.070257  -3.477551  -2.862395
-2.667013  -2.758128  4.909234
1.797687  -1.054607  4.443879
2.065494  0.986326  4.447441
1.638704  -0.181756  4.229262
0.623698  -0.068059  3.433807
0.025741  0.667795  2.694430
-0.918271  1.049388  1.873109
-0.774606  0.592310  1.195031
0.012362  -0.676812  0.555839
3.541555  1.366352  2.952737
0.814345  -2.415091  -8.308764
-1.074779  -5.335598  -11.921349
-2.066370  -5.804684  -11.066176
-3.699805  -4.338517  -9.351483
-4.556711  -1.308686  -7.169205
-3.252062  1.260905  -5.263103
-3.124762  2.330246  -3.505365
-3.987305  1.860114  -1.800395
-3.326657  1.099518  -0.948549
-3.401964  3.454904  -3.217052
-1.268438  1.220137  -6.489693
0.925038  -1.322668  -5.477949
1.874972  -1.688736  -4.250051
5.534956  1.097256  -0.377961
2.110948  -1.428323  -3.487533
-1.010208  -0.504796  -1.433166
-1.470367  -0.462695  -1.529150
-3.203826  0.326186  -1.140858
-2.886715  0.260046  -1.149118
-3.173574  1.812993  0.369268
-1.976364  3.113249  2.428247
1.884515  7.242599  6.966794
-1.084772  1.064668  1.954684
-0.488411  0.612619  1.065573
-0.023463  0.121979  0.704054
0.379057  0.892482  0.484440
3.607348  4.601731  3.199328
1.079562  1.331021  0.237063
0.196523  3.248846  0.536468
-0.459029  3.034032  -2.255219
-0.478225  1.711644  -4.459625
-0.656879  1.956586  -4.213513
-1.032736  2.284105  -3.594537
-1.305501  1.631296  -3.110896
-0.674742  -1.419764  -2.344540
0.395831  -1.987921  -1.486823
0.361114  -0.041190  -1.152006
-0.331293  -0.450475  -1.042757
-1.216025  -1.640356  -0.867805
-1.052121  -1.362749  -0.761549
1.992520  1.953787  2.216287
-1.350894  -1.613368  -2.826915
0.837670  1.663414  -2.580207
0.266426  0.953661  -2.247079
-0.016943  0.436079  -1.721626
-0.305977  0.260902  -1.447824
-0.502386  0.432628  -1.285213
-0.212005  1.037315  -0.978383
-0.135063  -0.195308  -0.834828
-0.403098  -0.244670  -0.202823
-0.228402  -0.438548  -0.145043
-0.495783  -0.314721  -0.161042
2.210552  2.878896  2.729278
-0.322902  -0.225161  -0.215125
-0.261842  -0.091934  -0.227043
-0.193213  -0.181206  -0.229547
2.783957  2.841491  2.675087
-0.038094  -0.321546  -0.253325
-0.534324  0.029017  -0.265241
-0.327708  0.013994  -0.820588
-0.342368  -0.125979  -1.237525
-0.289544  -0.122426  -1.068216
-0.286029  -0.121537  -0.892709
-0.370644  -0.088519  -0.784090
-0.391090  0.058061  -0.651747
2.518734  3.267761  2.368375
0.024010  -0.326340  -0.603868
-0.431349  -0.055684  -0.448467
-0.387974  -0.022332  -0.422091
-0.407351  0.076953  0.270147
-0.283686  -0.128233  0.665531
-0.316467  -0.170130  0.502344
-0.276666  -0.145847  0.364829
-0.257541  -0.122159  0.247124
-0.365642  -0.027143  0.129159
-0.276080  -0.109275  0.057487
-0.304294  -0.138773  -0.005134
-0.260970  -0.125403  -0.063971
2.705291  2.974400  2.813631
-0.281202  -0.106003  -0.102926
-0.317767  0.034895  0.013444
-0.264731  -0.094968  0.173319
-0.259288  -0.120668  0.136894
-0.247685  -0.145314  0.068701
-0.280522  -0.122049  -0.009710
-0.229631  -0.087949  -0.053027
-0.423770  -0.140481  -0.101188
2.356000  2.903824  2.790244
-0.143289  -0.228645  -0.132057
-0.300085  0.085587  -0.314949
-0.454435  -0.078043  -0.349548
2.358500  2.875860  2.554574
-0.341298  -0.248792  -0.344987
-0.230510  -0.069837  -0.300643
-0.216954  -0.102581  -0.297109
-0.212209  -0.089368  -0.291712
-0.216343  -0.102768  -0.286969
-0.239059  -0.102744  -0.283956
-0.236593  -0.139168  -0.281000
-0.275555  0.030371  -0.413084
-0.243404  -0.180704  -0.513647
-0.252290  -0.177406  -0.470221
-0.254459  -0.119203  -0.430257
-0.259581  -0.091551  -0.402260
2.676605  3.009783  2.557452
7.966018  8.569511  7.862871
-0.242926  -0.137171  -0.316351
-0.248880  -0.102424  -0.308298
-0.233635  -0.124737  -0.303097
-0.289547  -0.004278  -0.819959
2.605929  3.166776  1.704774
-0.230211  -0.149276  -1.262916
-0.251785  -0.133358  -0.869386
-0.273885  -0.148158  -0.762891
-0.274542  -0.132359  -0.647722
-0.245969  -0.166659  -0.579460
-0.249042  -0.167894  -0.523393
-0.252519  -0.160202  -0.463424
-0.246932  -0.129929  -0.388550
-0.315734  0.012675  0.592396
-0.275006  -0.163517  1.273643
-0.266827  -0.174921  1.000487
-0.246695  -0.128592  0.772237
-0.259076  -0.132095  0.590272
-0.261144  -0.118678  0.394018
-0.244908  -0.123996  0.277149
-0.269724  -0.161200  0.184197
-0.274483  -0.147064  0.080196
-0.251772  -0.151283  0.018275
2.705758  2.905059  2.909883
-0.306165  -0.003593  -0.855913
-0.218324  -0.189859  -1.179996
-0.220972  -0.175307  -1.061790
-0.263673  -0.197123  -0.919947
-0.251479  -0.160040  -0.767520
-0.235746  -0.158075  -0.677511
-0.240616  -0.183967  -0.581676
-0.246191  -0.141126  -0.523679
-0.246646  -0.146758  -0.478465
-0.320438  -0.017413  -0.648315
-0.224036  -0.182918  -0.944298
-0.231786  -0.192816  -0.819604
-0.244560  -0.182812  -0.720532
2.684706  2.874998  2.302032
-0.289647  -0.171642  -0.500453
-0.249029  -0.193460  -0.477858
-0.239860  -0.176651  -0.439489
-0.262379  -0.166767  -0.398500
-0.259001  -0.145380  -0.372451
-0.331823  -0.029124  0.322990
-0.258702  -0.206679  0.756144
-0.253144  -0.164738  0.576835
-0.258055  -0.188781  0.427150
-0.246271  -0.196542  0.270524
-0.266701  -0.207203  0.175078
2.656716  2.826072  3.045102
-0.263266  -0.186201  0.099252
-0.255672  -0.197856  -0.085987
-0.230678  -0.173302  -0.097877
-0.312476  -0.033499  -0.314502
-0.251306  -0.189812  -0.361120
-0.260410  -0.173647  -0.342309
-0.255687  -0.189326  -0.322915
2.687929  2.834656  2.639726
-0.238467  -0.176059  -0.309546
-0.256687  -0.170559  -0.287815
-0.259384  -0.188064  -0.279783
-0.238471  -0.175792  -0.273587
2.717896  2.867069  2.678723
-0.272257  -0.163539  -0.270268
-0.262937  -0.201917  -0.763813
-0.246990  -0.207286  -0.718889
-0.267650  -0.214652  -0.659259
-0.251798  -0.159846  -0.588085
-0.261144  -0.192926  -0.510525
-0.258592  -0.169417  -0.466287
-0.249526  -0.177725  -0.425863
-0.250042  -0.165508  -0.386139
-0.235970  -0.180844  -0.364710
-0.327837  -0.045697  -0.021380
-0.256179  -0.218131  0.136005
2.739998  2.667929  3.210324
-0.233572  -0.200691  0.064687
-0.242580  -0.182456  -0.068388
-0.260981  -0.206206  -0.104181
-0.238164  -0.198868  -0.129837
-0.251434  -0.194674  -0.150998
2.676339  2.828583  2.780657
-0.261207  -0.186498  -0.174453
-0.314137  -0.053491  -0.404261
-0.256408  -0.214245  -0.527999
-0.249161  -0.192011  -0.477683
-0.234219  -0.205486  -0.434674
-0.263527  -0.206956  -0.393670
2.650572  2.806756  2.587537
-0.256539  -0.203289  -0.330450
-0.297332  -0.164075  -0.323710
-0.287887  -0.162378  -0.310735
-0.252655  -0.199685  -0.296252
-0.312957  -0.059924  -0.240019
-0.257595  -0.244689  -0.236285
-0.301076  -0.220241  -0.233956
-0.270823  -0.329476  -0.262631
-0.433861  -0.223027  -0.231563
-0.114049  -0.278848  -0.236949
-0.259090  -0.140516  -0.240051
-0.232917  -0.073897  -0.247945
2.724052  2.985248  2.694040
-0.155409  -0.435678  -0.238417
0.476774  -0.167967  0.363840
-0.255929  -0.076759  0.217759
-0.105813  -0.365924  0.485471
2.949542  2.405142  3.647619
-0.259494  -0.275211  0.362058
-0.369651  -0.174164  0.122227
-0.181516  -0.220853  0.039920
-0.200602  -0.220225  -0.015459
-0.157563  -0.251271  -0.072252
-0.298597  -0.102650  -0.100756
2.522264  3.013719  2.822768
-0.292376  -0.239288  -0.132942
-0.128653  -0.257045  -0.190970
-0.340881  -0.151019  -0.202337
-0.293545  -0.159460  -0.209838
-0.377563  -0.240081  -0.210817
-0.455206  -0.308746  -0.220341
-0.119041  -0.325665  -0.225727
-0.137497  -0.233626  -0.232840
-0.167384  -0.192382  -0.241373
-0.287780  -0.029009  -0.869026
-0.176593  -0.248447  -1.386310
-0.202203  -0.225211  -1.193209
2.708217  2.781970  1.904251
-0.354590  -0.105289  -0.975020
-0.251090  -0.282767  -0.637747
-0.279854  -0.253530  -0.606588
-0.302818  -0.249188  -0.546085
-0.258677  -0.264023  -0.478160
-0.228900  -0.216191  -0.438473
-0.321298  -0.094096  0.274357
-0.315773  -0.204937  0.660890
-0.290074  -0.247729  0.495384
-0.262322  -0.233125  0.359359
-0.193799  -0.276243  0.250931
-0.231543  -0.282387  0.134515
2.666896  2.693279  2.983264
-0.108969  -0.325828  -0.039803
-0.159209  -0.255169  -0.072956
-0.258037  -0.207301  -0.109881
-0.363594  -0.048995  -0.461178
-0.302579  -0.248977  -0.622241
-0.354150  -0.247374  -0.555599
-0.290579  -0.236356  -0.487331
-0.266822  -0.221354  -0.447853
-0.226457  -0.249159  -0.409098
-0.236255  -0.235031  -0.371899
-0.243025  -0.219679  -0.351914
-0.284138  -0.267391  -0.335239
-0.282399  -0.260393  -0.321593
-0.289916  -0.209408  -0.306739
-0.369090  -0.214220  0.321026
-0.296984  -0.204948  0.277115
-0.290979  -0.275788  0.209799
-0.234623  -0.256799  0.102254
-0.222579  -0.249464  0.038308
-0.240415  -0.225188  -0.032570
-0.248628  -0.213473  -0.070742
-0.307540  -0.222273  -0.103185
-0.295976  -0.181257  -0.140009
-0.316720  -0.180328  -0.160175
-0.282799  -0.206588  -0.185647
2.671266  2.741044  2.733630
-0.217522  -0.204998  -0.195858
-0.272882  -0.320413  -0.228219
-0.262657  -0.324028  -0.231094
-0.289100  -0.198056  -0.236012
-0.252614  -0.216498  -0.240589
-0.247916  -0.188108  -0.260895
-0.322658  -0.234303  -0.253302
-0.385565  -0.152805  -0.854219
-0.707285  0.146743  -1.221616
-0.476549  0.564929  -0.959435
-0.259191  0.365415  -0.782860
-0.071304  -0.256501  -0.719128
-0.116460  -0.251535  -0.613135
-0.126251  0.388407  -0.622073
-0.599801  1.943053  -0.659352
-1.002082  2.791377  -0.651757
-0.677991  3.114929  -0.605737
-0.792767  3.069047  -0.431566
0.148831  2.986102  -0.461893
0.660124  3.558287  -0.257450
1.909310  3.421828  -0.122515
1.996561  4.890461  0.123979
2.377410  5.542611  0.345961
0.537816  3.610495  -0.273699
1.995076  5.018584  2.172638
-1.385927  3.820081  -1.224242
-1.586733  0.813497  -1.015388
-1.497955  0.323163  -0.084604
-1.445729  1.091728  0.338696
-1.693535  2.109336  0.040842
-1.956739  2.886111  -0.183582
-2.183899  3.334331  -0.364737
-2.186296  4.114872  -0.345314
-1.893309  4.440972  -0.082293
-1.625528  4.189162  0.097201
-1.675176  3.705553  0.046853
-1.988857  2.445449  -0.468759
0.692325  4.361722  2.064105
-2.092556  0.652336  -2.038554
-1.531078  -0.888887  -2.288312
-0.852168  -0.278369  -1.606084
0.374221  0.956309  -0.243555
1.136649  1.647287  0.426637
0.717060  2.125170  -0.056491
0.692585  2.211582  -0.586498
1.827152  1.486985  0.030409
3.055517  0.894662  0.814730
3.711301  0.537693  1.621939
3.673681  -0.513331  1.394496
3.025962  -1.770884  0.344683
5.447013  0.107999  2.454728
2.327919  -2.154602  -0.416555
1.595971  -0.592224  0.628105
0.946987  -0.389404  0.868733
0.216982  0.239677  1.139499
-0.476328  1.308032  1.472209
-1.437681  1.728610  1.143930
-1.749544  1.928708  0.145688
-1.571275  2.228991  0.763323
-1.953054  2.600262  -0.064441
-1.780573  1.342059  -0.239981
-1.389706  -0.752389  0.350036
-1.828869  -0.660576  -0.432670
0.756533  2.260320  1.891165
-2.057354  -0.034918  -0.637939
-2.044312  -0.466389  -0.313325
-2.044902  -0.639591  -0.184801
-1.722867  -0.849612  -0.189082
-1.246093  -1.225535  -0.220433
2.073670  1.303918  2.703874
-0.622234  -0.109352  -0.698202
-0.112291  0.738989  -0.838994
0.445590  1.035477  -0.696531
0.714229  0.885276  -0.747864
0.646353  0.251309  -1.256069
0.783867  -0.833556  -1.449741
3.834494  1.109569  1.344172
1.339762  -1.573013  -0.693525
1.785546  -0.898343  0.516547
2.450566  0.311494  1.995444
2.371992  -0.944850  2.242442
1.033603  -1.451024  0.516410
-0.117658  -1.016350  -1.047974
1.335270  -1.835634  1.610966
2.151204  -3.098849  3.738596
0.438486  -3.388355  2.429427
-1.689715  -3.639749  0.524804
-2.791130  -2.953437  -0.262365
-2.868328  -2.184530  -0.289957
0.008208  1.212481  2.633966
-2.428654  -1.640467  -0.053568
-1.921185  -0.743218  0.666190
1.423065  2.751828  4.186394
-2.922168  -1.119107  1.185601
-3.122917  -0.390810  0.446066
-2.207732  3.931485  1.050798
-1.484189  1.001496  1.517187
-1.490336  -2.733788  1.226798
-1.263172  -3.534962  -0.862433
0.257461  -4.004326  -1.225200
1.470992  -4.836079  -2.420130
1.449115  -5.012169  -3.275527
4.373262  -2.389606  -1.022932
-1.356712  -1.768168  -5.586652
-0.679603  -0.720231  -3.555305
-0.764104  -1.246698  -3.285500
-0.785684  -1.897292  -2.534260
-1.081956  -2.326509  -2.881613
-0.468078  -3.889948  -1.597351
-1.105038  -6.560313  -1.593224
-1.165648  -7.534356  -1.505511
-0.357940  -8.284316  -1.170105
0.201551  -8.676844  -1.007441
0.395438  -8.207959  -1.032115
0.992256  -8.250401  -1.208289
2.079493  -7.519181  -1.303890
1.665126  -6.238723  -1.186352
2.078242  -5.898481  -1.489550
1.501491  -6.247571  -1.306604
-0.168468  -5.566206  -1.122175
-0.261971  -3.753549  -0.702312
0.746953  -3.333679  -0.377419
2.212393  -3.989163  -0.283267
2.059986  -4.311168  -0.072070
1.401956  -4.516856  0.303614
1.742507  -4.604355  0.307105
1.959488  -4.840382  0.150081
1.992465  -5.364025  0.805303
4.965185  -2.979377  4.278246
1.569747  -5.866389  0.522580
0.705833  -6.639297  0.636586
-0.062843  -5.236391  0.576962
-0.517366  -3.217826  0.524035
-0.293163  -1.385244  0.276871
0.579611  -0.400750  -0.247452
1.154553  -0.989176  -0.446604
0.732350  -2.718536  0.390111
0.178493  -3.712559  4.243842
0.627386  -4.079739  15.826960
2.341895  -4.207162  11.969138
3.561513  -4.324356  8.165625
7.475034  -1.554059  8.073486
4.371859  -4.436201  5.414092
4.740531  -4.990497  -0.127296
4.494956  -3.814104  -0.930254
3.226661  -3.475383  -0.246304
1.528625  -3.095562  0.741127
0.909549  -1.152484  -6.125056
0.482489  -0.252914  -19.900209
-0.157279  -0.540120  -18.691648
-1.095644  -1.334310  -16.278000
-1.774182  -2.038812  -14.542916
-2.616834  -2.591572  -12.214615
-3.042937  -3.150951  -10.848959
-3.551324  -3.215209  -9.820282
-3.740828  -3.347155  -9.330483
-3.895730  -3.728766  -8.290081
-4.451572  -3.921421  26.718256
-2.697225  -2.422262  24.897844
-1.740547  -2.185508  22.890465
-0.254847  -1.713153  17.461967
0.676384  -1.401550  14.781562
1.624282  -1.165164  11.903425
2.280092  -0.960459  9.656817
2.440131  -0.957949  8.522025
2.529506  -1.295330  7.042288
3.008522  -1.442466  5.066885
4.220923  -0.648034  -22.041391
2.630237  -0.080264  -25.704008
0.840300  0.176957  -20.954840
-0.277896  -0.174221  -19.332104
-1.017367  -0.495478  -17.874870
-2.081991  -0.324281  -16.524305
-3.958730  0.836301  -14.863491
-5.756137  0.705343  -12.455501
-6.660182  0.264595  -11.290020
-7.182048  -0.298961  -10.551319
-7.621190  -2.130421  25.490622
-5.527202  -1.490547  25.618546
-4.908118  0.584107  23.111071
-3.118014  2.328688  20.089314
1.211473  6.823317  20.641994
0.191503  1.848960  15.505117
5.004578  -0.422670  7.300058
3.947824  -1.275048  6.920084
3.911732  0.902483  5.695906
4.807353  3.631900  4.483877
4.933107  10.186941  -9.345711
3.740840  7.078052  -20.301105
0.547097  1.059715  -16.976372
-1.603507  -4.361224  -14.984509
-0.984341  0.867773  -14.746762
-2.846471  5.956823  -13.210190
-4.772426  4.500098  -10.984047
-3.416471  6.491420  -6.238931
-3.902506  -0.949877  -6.499190
-1.320747  -1.668662  -5.928401
-0.935984  0.226316  7.064155
0.006100  0.250490  14.322630
0.511592  0.648364  11.946216
0.799970  1.188874  9.907063
1.035157  3.215286  7.651175
1.468801  6.961305  6.932065
0.621423  7.202435  6.172109
-1.378446  7.893193  5.990330
-1.535167  4.085085  4.973374
-0.798357  2.111672  4.143866
2.690521  3.725557  6.457429
1.908022  3.666138  -4.971929
2.425518  1.027320  -4.793090
1.829256  -0.303373  -4.141804
1.536828  2.078085  -3.666404
0.466315  4.661366  -2.936594
-0.474674  6.549999  -2.372440
0.447505  6.519797  -1.572997
2.140672  6.481714  -0.827344
2.702692  6.996010  -0.396161
1.100723  5.421786  1.169479
-0.012868  3.442013  0.868015
0.225184  1.926833  0.605637
0.021040  1.519208  0.399738
-0.604541  0.456550  -0.072088
-0.208102  1.025374  -0.184164
0.307871  1.885779  -0.421255
0.609729  2.490839  -0.704790
0.893365  3.059783  -0.643795
0.719593  3.257601  -0.626662
0.655510  3.000116  0.972519
0.017480  2.325793  0.998971
-1.010656  2.079420  0.243015
-1.632331  1.402362  -0.117895
-2.859544  1.980507  -0.739779
-4.623388  4.211357  -1.636624
-4.120337  3.520400  -1.565325
-2.309640  1.722139  0.383666
-2.200176  1.634542  0.539799
-1.730570  1.258015  1.006336
-1.529403  1.319594  1.337067
0.276654  1.420151  0.907750
1.535721  -2.901052  0.290942
0.288979  -2.051760  -1.638735
-0.366824  -1.432723  -2.376972
0.050418  -2.065736  -1.674288
0.994624  -1.602686  -0.888064
1.631726  0.354869  -0.397728
5.037386  5.091023  2.974768
1.577785  3.696573  0.220229
0.871937  1.585647  0.562485
0.500145  -0.071156  0.665301
0.046520  -1.505202  0.294546
-0.117821  -2.561480  0.080541
-0.204607  -3.165271  -0.080312
-0.247963  -2.663797  -0.286698
-0.424023  -0.737352  -0.659727
-0.664814  0.572701  -0.765036
-0.291909  1.231845  -0.223935
0.177962  1.389734  0.233298
0.450761  0.872950  0.478092
3.564275  3.611058  3.656388
0.528450  -0.543321  0.685281
0.149784  -3.031820  0.641806
-0.021903  -3.785058  0.771439
-0.425502  -4.304356  0.690111
-1.045591  -4.809242  0.257619
-1.140813  -5.516745  0.173674
-0.944307  -5.516928  -0.025046
-0.672918  -4.615079  -0.386271
-0.194491  -3.287041  -0.528571
0.477684  -2.229321  -0.409511
0.740570  -1.195028  -0.299328
3.844729  2.776283  2.770689
9.221634  9.097181  8.208383
-0.598911  -3.029775  0.414998
-2.099542  -7.301305  1.218523
-2.437553  -8.196536  1.208353
-2.202206  -7.420084  0.953199
-1.718677  -7.165923  0.834947
-1.934941  -6.838700  -0.472034
-1.864264  -5.272475  0.010628
-1.944611  -3.858157  0.060711
-1.590866  -2.526021  0.280872
-1.276241  -2.379404  0.542401
-0.957796  -3.285003  0.639303
-0.789244  -4.715595  0.665216
2.237259  -2.702993  3.660243
-1.650224  -5.039575  0.744691
-0.978595  -3.557388  0.435614
2.450874  0.792190  3.160246
0.372317  -5.198840  -0.947496
0.362196  -4.161418  -2.125869
0.666294  -4.256881  -1.871313
0.949777  -4.558478  -1.666531
1.349068  -4.506438  -1.470790
1.094606  -5.468112  -0.776004
0.182223  -5.583072  0.283940
-1.043107  -4.409875  1.605559
-1.052677  -3.982284  1.792071
1.831996  -0.445678  4.906218
-0.397999  -3.987519  4.295684
3.063494  -3.522299  8.371891
3.941307  -4.298955  6.970977
4.365329  -5.453810  5.450196
3.963381  -6.034918  3.847366
3.374226  -6.137208  2.911788
4.227544  -5.528812  -0.747771
1.721793  -1.185997  1.466518
-0.427700  -0.505545  3.658344
0.153442  0.294549  -2.290803
-0.168043  1.001965  1.523519
-0.047881  0.718557  0.823663
2.932288  3.744246  3.205715
0.158777  -0.748164  1.507317
0.245266  -1.465692  1.639012
0.340451  -1.666865  1.472857
0.389927  -0.974959  1.330173
0.525590  -0.195660  0.998764
0.579601  0.094646  0.656569
0.746698  -0.347143  -7.112416
0.326972  -0.214404  -18.326721
-0.647602  -0.000461  -15.828774
-1.486858  0.565140  -13.777495
-2.726704  0.977835  -11.096253
-3.565560  1.160898  -9.763156
-1.365811  4.616549  -5.774247
-5.175375  -0.413062  -8.154980
-5.412412  -0.740001  -8.018709
-5.131116  -1.847557  -8.281295
-5.146542  -2.872291  22.452560
-3.095099  -1.515769  23.002691
-1.208758  -0.245727  17.763393
0.136817  1.000078  13.545707
1.457496  1.960242  9.698790
2.018908  2.305007  7.917827
1.845394  2.014247  7.225242
1.959379  2.043573  6.356686
2.272133  2.479498  5.994126
5.393250  6.186511  8.620050
2.656435  3.553993  6.106577
2.172015  3.912717  -22.705971
1.349580  3.878894  -21.851547
0.318466  3.466506  -20.796719
-1.313176  2.078093  -18.741638
-1.751997  -0.139231  -17.614788
-2.532976  -0.773991  -15.714338
-3.650805  0.019375  -14.243235
-5.096892  0.954140  -12.285553
-5.824039  0.822128  -10.898049
-6.944256  1.133904  12.001349
-5.906192  2.971220  18.143379
-3.790762  2.935944  15.691632
-1.237161  2.049854  11.281029
-0.329038  1.868434  10.339744
0.903082  1.868768  8.864330
1.688092  1.724416  7.280172
2.113297  2.258101  6.001913
2.380677  2.808539  5.022229
2.425869  2.866020  4.083932
2.287461  2.694549  -7.932163
1.599822  1.786018  -14.270143
1.180301  1.753655  -12.619845
0.571834  1.534735  -10.102595
0.059990  0.896127  -8.467851
2.528264  3.790114  -4.239272
-0.316364  0.396343  -6.848069
-1.038225  -0.294494  -4.125232
-1.051380  -0.023155  -3.928262
-0.966506  0.382239  -3.196016
-0.477053  0.332167  1.759747
0.404359  1.055913  4.333576
-0.498300  0.916748  3.810696
-0.760612  -0.311551  3.233807
-0.535869  -1.343820  2.474935
-0.598005  -1.586826  1.990251
-0.546596  -0.960068  1.418864
-0.129738  -0.194664  1.055015
3.086002  3.829124  3.703663
0.300507  0.701932  0.811051
-0.320889  2.101393  -1.893047
0.031467  1.328806  -4.196092
0.344357  1.143894  -3.817743
-0.237100  1.160105  -3.210925
-0.982252  0.796166  -2.597034
-0.988039  1.032307  -2.332476
-1.315096  1.040148  -2.145557
-0.986276  1.498315  -1.945761
-1.041513  1.422531  -1.745804
-1.059484  0.903558  -1.336486
-1.077988  0.663308  0.009987
1.794450  3.884035  4.044240
-0.832801  0.178114  0.969078
0.030262  -0.489230  1.017947
0.368871  0.203852  1.060198
0.729350  0.959196  1.025061
1.721341  2.951120  0.459875
0.043130  3.623539  0.483860
0.755276  2.146130  0.450435
1.034953  1.136931  0.266778
0.189524  0.850864  0.204994
-0.223036  0.513151  0.114242
-0.037397  0.092382  0.097378
-1.302875  -0.496508  0.152900
0.577149  2.438583  3.171099
-2.264529  -1.134460  0.195150
-1.760340  -1.085435  -0.032947
-1.377787  -1.707345  -0.115139
-2.786171  -1.593985  -0.302391
0.688759  1.282726  -0.823793
-1.219403  1.205291  -0.197214
-2.611985  1.818709  -0.469239
-0.911851  1.438728  -0.869318
-1.251329  0.509377  -0.610339
-0.752297  0.515880  -0.502331
-0.310676  1.038752  -0.513431
0.332273  1.271573  -0.357831
3.747420  4.854674  2.753674
0.583368  1.509323  -0.365233
-0.225040  -0.081874  -0.270441
-0.603239  0.240981  -0.682188
-0.234500  -0.985338  -0.901537
-0.397361  0.314070  -0.795063
-0.584071  0.604900  -0.732802
0.084640  -0.423759  -0.564883
0.184217  -0.710947  -0.399598
0.077854  0.126211  -0.289071
-0.821496  -0.265684  -0.153794
-0.827340  0.772666  -0.253125
-1.639331  1.328657  -0.275965
0.620643  5.156904  2.706205
-1.879620  0.235370  0.776549
0.333179  0.703911  0.860925
-0.257286  0.727943  0.943303
-0.045868  0.551754  0.874281
0.857342  -0.229200  0.800633
1.928180  -0.914369  0.404064
2.339578  -1.025080  0.213789
0.283939  0.046936  0.275350
-1.179182  1.144289  0.294640
-1.760544  0.611773  0.110502
-1.021192  -0.136578  -0.054394
-0.436269  -0.867484  -0.182939
-0.407401  -0.679371  -0.181967
-0.385859  -0.472926  -0.507797
-0.197235  0.486847  -0.460872
-0.765899  1.694026  -0.543293
-0.952348  0.610131  -0.439360
0.225892  0.628587  -0.405062
0.004281  0.204636  -0.368476
-0.428968  0.238676  0.037358
-0.178912  -0.125407  0.237211
0.143785  -0.070023  0.148551
-0.365703  0.106824  0.081296
-2.538477  -1.680123  0.017031
-1.349118  0.244797  2.984488
1.890405  1.312420  -0.087543
2.019221  2.830771  -0.197580
-1.143364  1.506477  -0.256982
-1.385793  -0.326854  -0.065187
-0.502413  -0.602128  -0.649946
-0.696982  -0.279675  -0.872841
2.080570  3.324610  1.971754
-0.498658  -0.310992  -0.753418
-0.302134  -0.058206  -0.554713
-0.298748  -0.041338  -0.449859
-0.360966  0.015659  -0.412311
-0.334928  0.004319  -0.348017
2.623745  3.334129  2.729788
-0.334198  0.063059  -0.319564
-0.257284  0.078808  -0.245972
-0.231091  0.065980  0.160963
-0.264247  0.091555  0.120569
-0.206885  0.091398  0.065313
-0.285170  0.074454  0.026346
-0.252213  0.087195  -0.011643
-0.283940  0.063326  -0.042817
-0.255501  0.091139  -0.071394
-0.214562  0.093539  -0.084885
-0.227311  0.119489  -0.104897
-0.305258  0.274264  -0.392543
2.579399  3.720311  2.409995
-0.288019  0.094853  -0.567073
-0.263174  0.132320  -0.374293
-0.230944  0.115406  -0.355313
-0.308080  0.114440  -0.324958
-0.186919  0.091327  -0.288208
-0.249900  0.134651  -0.262276
-0.218163  0.066580  -0.252014
-0.264340  0.110859  -0.224571
-0.316255  0.230359  0.349501
-0.243166  0.078753  0.706798
-0.271089  0.073844  0.545784
-0.239908  0.056317  0.419820
2.740469  3.347214  3.357111
-0.246838  0.083046  0.310765
-0.220896  0.111619  0.063676
-0.222091  0.077418  0.046711
-0.205569  0.129686  0.008898
-0.209247  0.083077  -0.020246
-0.272748  0.229076  -0.223886
-0.227530  0.052856  -0.272943
-0.217166  0.049244  -0.258995
-0.229647  0.050089  -0.237107
-0.241512  0.066950  -0.223898
-0.265969  0.078310  -0.207895
-0.172878  0.060980  -0.201232
-0.295857  0.112442  -0.182827
-0.285101  0.106802  -0.178329
-0.224981  0.150533  -0.169353
-0.260787  0.174245  -1.042008
-0.185241  0.071050  -1.666510
-0.245448  0.042199  -1.398501
-0.191748  0.128069  -1.106569
-0.222577  0.045915  -0.942209
-0.237389  0.092023  -0.795682
-0.235752  0.025338  -0.650722
-0.172642  0.102008  -0.558618
-0.240787  0.056213  -0.468314
2.675311  3.291775  2.649869
7.979290  9.151033  8.190762
15.193725  17.107492  15.669885
23.936060  26.739281  24.699022
33.899300  37.707855  34.966621
44.836525  49.740925  46.222073
56.548450  62.618736  58.263084
68.873459  76.163071  70.925583
81.679611  90.228447  84.075562
94.858208  104.695045  97.602600
108.318687  119.463020  111.414642
-0.044559  -0.030842  -0.450450
-0.021190  -0.035935  -0.346924
0.000996  -0.014514  -0.282938
-0.007335  0.133478  -0.777538
3.186152  3.450884  2.029819
-0.006081  -0.033155  -0.855541
-0.008002  -0.016716  -0.786768
-0.010368  -0.011838  -0.685579
0.014291  -0.029349  -0.559700
0.014804  -0.004875  -0.456975
3.215386  3.213558  2.828950
-0.018889  0.003751  -0.371076
0.004348  -0.002216  -0.221305
-0.047178  0.117839  0.567003
0.005069  -0.042468  1.015190
-0.019884  -0.053936  0.836697
-0.017024  -0.055802  0.685725
-0.005022  -0.028986  0.562653
-0.019545  0.000967  0.435506
-0.015377  -0.009146  0.325357
0.013395  -0.029253  0.288245
0.016285  -0.002111  0.233729
0.025930  -0.008404  0.182210
-0.031462  0.144916  0.011639
-0.031061  -0.069594  0.014040
-0.020497  -0.033251  0.014773
-0.011047  -0.047622  0.010177
0.028683  -0.012216  0.011465
0.027549  0.010871  0.009564
0.005432  0.006554  0.008874
-0.005266  -0.043401  0.008189
-0.004270  -0.035904  0.007952
0.011641  0.004325  0.008983
0.009200  0.158198  -0.671440
0.080452  -0.020953  -1.221968
0.065535  -0.022642  -1.000895
-0.009888  -0.003059  -0.818100
0.010101  -0.023725  -0.665166
-0.019792  -0.000706  -0.545613
-0.027188  -0.003320  -0.414805
-0.008168  -0.007210  -0.338620
0.005636  -0.012552  -0.273673
0.031018  -0.005882  -0.208482
-0.034662  0.171093  0.299208
3.113023  3.510601  3.913010
-0.024819  -0.023899  0.302299
-0.040242  0.010071  0.280656
-0.009662  0.000122  0.246845
0.002705  -0.014457  0.207359
0.004031  -0.008909  0.169423
-0.015811  -0.009818  0.134763
0.000010  -0.001735  0.111618
-0.005429  -0.012242  0.095080
-0.021548  0.174203  -0.576600
0.052666  -0.043834  -1.088523
0.022587  -0.034092  -0.887840
3.198759  3.171292  2.481702
8.939928  8.933162  8.386441
-0.031447  -0.016400  -0.245038
-0.011067  -0.026707  -0.224117
-0.008576  -0.040733  -0.205171
-0.007806  -0.037879  -0.166069
-0.014549  -0.009902  -0.135801
-0.052698  0.140960  1.126356
-0.001722  -0.047203  1.964444
-0.010936  -0.023613  1.610400
0.002753  -0.041106  1.329327
0.009281  -0.044688  1.022253
0.025227  -0.016292  0.842586
-0.001285  -0.010215  0.693943
3.177683  3.191787  3.785515
0.015618  -0.011957  0.310502
0.017875  0.032200  0.286217
-0.009835  0.179831  0.078082
0.004061  -0.039325  0.125092
-0.000267  -0.031130  0.111210
-0.010455  -0.009329  0.085301
0.003333  -0.034621  0.072517
-0.005670  -0.050234  0.063185
0.016903  -0.030760  0.052185
-0.008190  -0.046024  0.045576
-0.014846  0.006443  0.039582
0.018669  -0.000561  0.031373
0.028631  0.148214  -0.385413
0.052972  -0.027467  -0.699092
-0.015020  0.012534  -0.440063
-0.009084  -0.009026  -0.402427
-0.020193  -0.031299  -0.349262
-0.007134  -0.021555  -0.286769
-0.014975  -0.015145  -0.234318
0.003522  -0.009344  -0.176876
0.036898  -0.035812  -0.144346
0.009790  -0.025300  -0.112327
-0.025846  0.143999  0.498023
-0.003722  -0.030677  0.866714
0.002996  -0.030806  0.712361
3.208407  3.165370  3.801987
-0.024385  -0.014100  0.586010
0.030344  -0.051639  0.291946
-0.000102  -0.039322  0.271727
0.011848  -0.027942  0.224328
-0.000222  -0.001180  0.179057
-0.016030  -0.001317  0.148924
-0.040038  0.137826  -0.324379
0.008128  -0.048770  -0.607456
0.000564  -0.028548  -0.494127
0.019269  -0.019099  -0.402852
0.029864  -0.015729  -0.327696
0.008969  -0.016329  -0.248623
3.192203  3.179032  3.029007
-0.007215  -0.005090  -0.110264
-0.002364  -0.006668  -0.101950
0.013350  -0.017557  -0.085909
-0.018439  0.160191  -0.419623
-0.005034  -0.058698  -0.801246
0.009248  -0.056283  -0.656653
0.012026  -0.034394  -0.506059
-0.014590  -0.002445  -0.411269
-0.020051  -0.000656  -0.334347
0.009230  -0.009454  -0.254304
-0.005342  0.008659  -0.204368
0.014182  -0.002627  -0.164955
3.229649  3.183735  3.082196
0.017216  -0.018282  -0.122833
-0.010849  -0.020484  0.859551
0.012072  -0.006563  0.784012
0.004524  -0.001254  0.687875
-0.002274  -0.040739  0.567473
-0.021131  -0.027342  0.471086
0.003328  -0.042838  0.367794
0.025044  -0.042054  0.305484
0.026012  -0.035617  0.252039
0.017415  -0.010425  0.197452
-0.038306  0.132672  0.052193
0.005182  -0.021297  0.077892
3.239703  3.050460  3.315290
-0.032064  0.000064  0.066251
-0.033412  -0.048825  0.036079
0.001006  -0.024924  0.037570
0.025063  -0.040376  0.037775
0.009223  -0.006564  0.032590
0.016297  -0.018734  0.027705
0.022056  -0.010790  0.024744
-0.031439  0.106893  0.672733
-0.002901  -0.059739  1.122474
-0.009711  -0.059229  0.982340
0.001098  -0.034559  0.766218
0.010732  -0.027221  0.633749
3.218038  3.173111  3.745783
0.022756  -0.013392  0.287578
0.007759  -0.002940  0.267556
0.005057  -0.013522  0.245910
-0.014370  -0.022348  0.207525
-0.022652  0.136312  -0.060925
0.014190  -0.066252  -0.125289
0.033443  -0.059221  -0.098061
-0.012229  -0.064926  -0.077041
0.007692  0.000221  -0.063312
0.023258  -0.024099  -0.040522
-0.004429  -0.039891  -0.031923
-0.007469  -0.001535  -0.022488
3.189550  3.223133  3.204187
0.000905  -0.011885  0.000164
-0.021933  0.121832  -0.834016
0.003826  -0.053006  -1.527872
0.038331  -0.026488  -1.328197
0.028376  0.019339  -1.089104
0.011235  0.001513  -0.891080
0.002344  0.012469  -0.685316
0.010108  0.013061  -0.563487
0.004560  -0.011997  -0.433740
0.003283  -0.012849  -0.353933
-0.017631  -0.001979  -0.270609
-0.034757  0.139307  -0.240161
3.150831  3.445829  3.004437
-0.015471  -0.052199  -0.467829
0.012807  -0.036530  -0.235410
-0.009533  -0.015819  -0.216443
-0.019026  -0.014235  -0.172013
-0.001943  -0.019503  -0.134361
0.014987  -0.027763  -0.107292
0.010125  -0.026448  -0.078031
0.003965  -0.053647  -0.059344
-0.030107  0.119016  0.171013
-0.019974  -0.037132  0.276740
-0.000910  -0.033788  0.243173
3.213468  3.161917  3.437581
0.020764  -0.053776  0.194276
-0.027559  -0.025115  0.124935
-0.023146  0.002201  0.091505
3.179451  3.216925  3.286354
0.013185  -0.004055  0.086508
0.002116  -0.006089  0.060043
-0.035774  0.132646  0.912301
-0.019177  -0.051149  1.596939
-0.023378  -0.024231  1.396768
-0.023968  -0.023055  1.080094
0.003328  -0.019160  0.891544
0.014262  -0.007649  0.735512
-0.011171  -0.049127  0.567064
0.017316  -0.035869  0.470434
3.238999  3.167165  3.615600
-0.013509  -0.022167  0.231182
0.001694  0.155233  -0.863204
0.069376  -0.005955  -1.691969
0.040149  -0.011746  -1.464058
0.024565  -0.012310  -1.123184
0.007500  -0.011307  -0.916360
0.011312  -0.000448  -0.751493
0.007900  0.008087  -0.576257
-0.012381  -0.026450  -0.470987
3.170117  3.137933  2.836473
-0.014430  -0.024498  -0.360537
0.636620  0.637485  0.305253
-0.063857  0.122844  0.778550
0.004781  -0.078056  1.063476
0.018026  -0.041412  0.981597
-0.005494  -0.054778  0.808735
-0.004183  -0.050096  0.666566
-0.003856  -0.019695  0.552144
0.002475  -0.034732  0.429112
-0.007200  -0.036091  0.357286
0.006661  -0.046229  0.295617
-0.030233  0.105732  -0.175861
0.049578  -0.081558  -0.346886
0.025442  -0.013505  -0.281883
0.025547  -0.054195  -0.228266
0.003037  -0.063808  -0.144639
-0.007149  -0.040739  -0.127019
-0.006891  -0.007131  -0.097091
0.007638  -0.012393  -0.076399
0.031214  -0.007423  -0.060270
0.007759  -0.023397  -0.039310
-0.031758  0.114734  -0.015155
-0.008548  -0.031067  -0.050968
-0.013054  -0.011325  -0.037526
0.011513  -0.050655  -0.024023
-0.019736  -0.029855  -0.015338
3.153498  3.177663  3.216875
8.890297  8.934513  9.027983
-0.025617  -0.003764  0.012855
-0.007669  0.009225  0.015596
0.001273  -0.015761  0.015138
-0.028793  0.118637  -0.045567
0.013855  -0.059324  -0.111244
0.029728  -0.031233  -0.085868
0.015278  -0.026071  -0.066964
0.015847  -0.053059  -0.044301
-0.012614  -0.026608  -0.032698
-0.007529  -0.012097  -0.021866
0.017701  -0.004677  -0.008788
0.005533  -0.010666  -0.004861
3.193719  3.174783  3.224510
-0.020942  0.122551  -0.304172
0.016189  -0.080620  -0.474812
0.001238  -0.059953  -0.411151
-0.018417  -0.075679  -0.334022
-0.000848  -0.041493  -0.267859
0.009433  -0.024924  -0.214853
0.020899  -0.035294  -0.159717
3.227802  3.146276  3.111160
0.014497  -0.049507  -0.125861
-0.002374  -0.027668  -0.067144
-0.006355  0.147821  -0.057692
0.013232  -0.054126  -0.119623
-0.009563  -0.062532  -0.093792
-0.022688  -0.055983  -0.071363
0.015001  -0.040940  -0.041434
-0.008917  -0.038545  -0.033517
-0.032478  -0.021463  -0.021000
-0.020416  -0.036058  -0.011596
0.032707  -0.023515  -0.003817
0.020218  -0.023242  0.001667
-0.050551  0.134409  0.085765
-0.030214  -0.029131  0.125967
-0.013993  -0.024860  0.107384
0.026574  -0.006386  0.089699
0.022076  -0.023948  0.079829
-0.002963  -0.026269  0.068140
-0.002829  -0.023636  0.061085
0.017021  0.005375  0.048647
0.015980  -0.022969  0.047298
-0.026883  -0.015731  0.045851
-0.026232  0.139978  -0.032194
-0.006991  -0.044776  -0.081374
-0.023567  -0.049612  -0.061147
0.027941  -0.041290  -0.043528
0.023347  -0.016573  -0.027465
-0.013982  -0.010299  -0.015669
-0.014518  -0.042791  -0.008481
-0.007028  -0.037434  -0.000192
0.000597  -0.013829  0.006440
-0.000306  -0.013359  0.011417
-0.003206  -0.019322  0.014132
-0.007239  -0.032129  0.747387
-0.008589  -0.035147  0.691703
0.004399  -0.007084  0.606718
0.009538  -0.012408  0.469453
0.001096  -0.013037  0.392005
0.024771  -0.003466  0.326267
-0.016213  -0.020950  0.255406
-0.045447  -0.035297  0.215257
-0.034460  -0.033377  0.184501
-0.013933  0.119699  0.198484
0.016121  -0.024930  0.331848
3.236801  3.047139  3.668208
-0.023137  -0.052971  0.175560
0.020805  -0.030781  0.164779
0.027274  -0.035990  0.147194
-0.007735  -0.019320  0.125147
-0.008206  -0.054770  0.105795
-0.009344  -0.028869  0.092703
-0.010293  -0.025437  0.077001
-0.022653  0.135297  -0.004344
0.001641  -0.055622  -0.032520
-0.001385  -0.039654  -0.023483
0.000298  -0.071705  -0.010966
0.011945  -0.060381  -0.002562
-0.035273  -0.043235  0.004335
0.008474  -0.017659  0.012017
-0.003253  0.027944  0.016839
0.002383  0.014807  0.016441
0.023012  0.000204  0.018650
0.018231  0.132608  -0.559151
0.030756  -0.032851  -0.967192
-0.007942  -0.025203  -0.790509
-0.003185  -0.060729  -0.647462
0.037703  -0.032875  -0.528461
0.018156  -0.034886  -0.400164
-0.017843  -0.018529  -0.323125
0.036762  -0.019186  -0.243456
3.276440  3.166864  3.051494
-0.054497  -0.036406  -0.095855
-0.079260  0.129438  0.044625
-0.026503  -0.036035  0.052906
-0.017069  -0.065619  0.051592
-0.014033  -0.015991  0.047111
-0.004446  -0.023516  0.046166
-0.004713  -0.009385  0.041881
-0.063649  -0.017314  0.037538
-0.025897  -0.036556  0.039461
-0.010966  -0.045253  0.036784
0.027556  -0.067871  0.036506
0.038073  0.097541  0.713801
3.242146  3.415845  4.487613
-0.055600  -0.056497  0.734730
-0.034668  -0.046404  0.681684
0.010323  -0.042292  0.632773
0.038464  -0.015383  0.523535
0.022048  -0.042779  0.432024
-0.012066  -0.021995  0.341879
-0.038470  -0.024105  0.283219
0.005386  -0.005245  0.240162
-0.008444  0.120704  0.150378
-0.016172  -0.049372  0.222761
-0.006982  -0.027622  0.188967
0.030470  0.009407  0.162973
0.023010  0.003849  0.133636
-0.008563  -0.045913  0.097072
0.015276  -0.047277  0.096384
-0.032030  -0.038005  0.088994
-0.042707  -0.018842  0.075157
-0.022133  -0.021790  0.068689
-0.062078  0.139352  -0.694103
0.013107  -0.037218  -1.231762
0.003267  -0.058514  -1.001943
-0.019784  -0.068902  -0.815965
-0.005212  -0.043307  -0.664155
0.025370  -0.073149  -0.507502
0.009089  -0.029508  -0.408291
-0.021700  -0.017956  -0.326544
-0.013943  -0.021780  -0.215509
0.003229  -0.005180  -0.184592
0.003567  0.142328  0.458142
0.009614  -0.047694  0.754215
-0.033875  -0.019261  0.626926
-0.016741  -0.015366  0.517733
-0.064481  -0.061631  0.427887
0.006599  -0.014677  0.338331
0.020702  -0.028812  0.284146
0.031238  -0.075344  0.226766
0.004317  -0.044565  0.191711
-0.014878  0.002041  0.166226
-0.012301  -0.002126  0.136801
-0.012329  0.134259  0.134155
-0.013981  -0.065216  0.192874
-0.011370  -0.075621  0.181748
-0.035324  -0.015005  0.153064
0.004910  -0.017282  0.131402
0.043018  -0.048726  0.113677
0.022171  -0.039215  0.096148
0.008636  0.000966  0.087925
-0.019440  -0.033053  0.076157
-0.005499  0.112707  -0.676701
-0.013124  -0.092094  -1.212903
-0.034839  -0.041533  -0.990800
0.001900  -0.018455  -0.652740
0.005756  -0.019424  -0.597724
-0.006103  -0.003568  -0.488852
0.016688  -0.021362  -0.368125
-0.021014  -0.022667  -0.298016
-0.004978  -0.026164  -0.219909
-0.006000  -0.007983  -0.175725
-0.017060  0.119489  0.312033
0.034773  -0.071630  0.497694
-0.003023  -0.049003  0.414961
-0.023458  -0.053898  0.346231
-0.046401  -0.064503  0.288695
-0.040957  -0.025241  0.233334
-0.034223  -0.024001  0.198327
0.042957  -0.038195  0.136592
0.013305  -0.025699  0.130835
-0.015158  -0.005709  0.120349
-0.002765  0.096496  0.351681
-0.014014  -0.094228  0.543427
-0.013613  -0.135329  0.448744
0.047805  -0.005647  0.384812
0.051542  0.030348  0.304405
-0.057751  -0.086499  0.256997
-0.002685  -0.066825  0.207799
-0.019241  -0.010948  0.176055
-0.039361  -0.012247  0.148913
-0.033041  -0.013360  0.128538
-0.020796  0.001541  0.105696
0.016863  -0.043467  0.784388
0.008229  -0.023893  0.728647
0.012304  0.012526  0.606506
0.012427  -0.005640  0.503544
0.010065  -0.050027  0.395614
-0.014310  -0.050782  0.334268
-0.025110  -0.022800  0.282235
0.002573  -0.052149  0.225003
0.011439  -0.050877  0.190263
-0.004889  0.123126  -0.855619
0.027124  -0.039557  -1.600013
0.016725  -0.034521  -1.305239
0.009051  -0.056196  -0.806475
-0.018488  -0.035130  -0.741779
-0.011039  -0.040448  -0.642773
0.003438  -0.051803  -0.524186
0.005592  -0.029489  -0.423357
0.004966  -0.002257  -0.338628
-0.025151  -0.018211  -0.250279
-0.054937  0.105657  -0.082024
0.028312  -0.027464  -0.182733
0.012086  -0.051928  -0.142597
0.001292  -0.048743  -0.102192
3.185708  3.135167  3.167487
-0.027276  -0.059880  -0.077314
-0.003788  -0.028511  -0.026808
-0.002186  -0.034096  -0.016273
0.019046  -0.015256  -0.006167
-0.019184  -0.000352  0.005371
-0.056098  0.169701  0.684544
-0.012711  -0.050155  1.188504
-0.010377  -0.069379  0.984230
0.003159  -0.093001  0.816980
0.000163  -0.047897  0.677130
0.001452  -0.036766  0.532079
-0.007837  -0.035356  0.442631
3.177457  3.146573  3.609056
-0.008059  -0.037706  0.243101
-0.010655  -0.034959  0.228204
-0.020308  0.105849  0.347649
-0.004989  -0.043291  0.554415
-0.030192  -0.038931  0.462679
-0.035022  -0.044160  0.387556
-0.011085  -0.048147  0.325648
-0.013162  -0.064875  0.263308
0.009558  -0.062376  0.223317
0.039736  -0.044057  0.181897
0.015446  -0.030103  0.156556
0.008570  -0.032953  0.130372
3.195454  3.145001  3.347982
-0.033166  0.143675  -0.191430
0.019481  -0.090824  -0.295234
-0.004846  -0.118334  -0.271217
3.167970  3.039712  2.986721
0.002543  -0.068334  -0.227507
0.024491  -0.037987  -0.110807
0.046674  -0.050649  -0.084274
-0.012665  -0.073542  -0.062255
-0.037526  -0.030202  -0.041159
-0.040412  0.102850  -0.061167
0.012887  -0.105849  -0.158781
-0.004838  -0.073392  -0.123325
3.173005  3.132221  3.144132
0.000456  -0.033104  -0.084288
0.012025  -0.038117  -0.020959
-0.000534  -0.077826  -0.016294
-0.017351  -0.037431  -0.007364
-0.019771  0.006396  0.000349
0.003329  -0.011312  0.007111
-0.047518  0.106639  0.101795
-0.020727  -0.090151  0.143992
-0.009541  -0.062994  0.129866
-0.017360  -0.039622  0.110090
-0.016562  -0.038976  0.095844
0.011379  -0.025981  0.085965
0.006107  0.002365  0.076150
0.003602  -0.001871  0.069619
-0.036519  -0.019921  0.057327
0.000022  -0.058223  0.055141
-0.058648  0.112645  0.606491
-0.017220  -0.056925  1.021283
-0.019075  -0.050117  0.844951
-0.008870  -0.020459  0.665168
0.000151  -0.051797  0.558023
0.010758  -0.025735  0.439681
-0.016218  -0.016860  0.363956
-0.021803  -0.038649  0.309191
3.165029  3.122425  3.505434
0.046073  -0.050104  0.245868
0.025590  -0.039207  0.164011
-0.061223  0.134570  -0.174886
-0.024908  -0.067729  -0.315711
0.010965  -0.049507  -0.287782
3.230785  3.143298  2.974824
8.997731  8.875724  8.825206
16.802343  16.639795  16.745836
26.237047  26.029125  26.322689
36.975765  36.718590  37.224529
48.757633  48.448078  49.186356
61.373932  61.009483  61.996151
74.657669  74.236298  75.484276
88.475212  87.995285  89.514984
-0.023416  -0.012669  -0.437972
-0.026011  -0.027169  -0.357795
0.008861  -0.004896  -0.274297
3.236889  3.211912  2.995181
9.019444  8.984320  8.813559
0.007416  -0.091061  -0.358964
0.005919  -0.079745  -0.326539
-0.017092  -0.060661  -0.284298
0.011614  -0.041806  -0.230560
0.003046  -0.069067  -0.187870
-0.030826  -0.053809  -0.144019
-0.008546  -0.032297  -0.118137
-0.003813  -0.024817  -0.090874
-0.000041  0.123286  -0.537862
0.012132  -0.047913  -0.896062
0.011406  -0.051560  -0.779014
3.210944  3.144112  2.518775
-0.018963  -0.039948  -0.601852
0.017648  -0.017341  -0.312386
-0.007804  -0.035328  -0.286420
0.007341  -0.006962  -0.235076
0.030988  0.015556  -0.192629
0.013705  0.010361  -0.145527
-0.050176  0.131794  -0.151256
0.007087  -0.057360  -0.256790
0.025722  -0.049187  -0.223546
0.001751  -0.019936  -0.170094
-0.000866  -0.027233  -0.137499
-0.009459  -0.018997  -0.111484
3.183752  3.185767  3.114936
0.008434  -0.010383  -0.086530
0.007172  -0.042555  -0.040911
-0.013415  -0.030829  -0.036671
-0.022846  0.140173  -0.241768
0.002084  -0.009153  -0.407155
0.028671  -0.028096  -0.352631
0.033566  -0.046725  -0.288720
-0.011499  -0.014215  -0.220894
-0.038519  -0.000887  -0.178888
-0.012238  -0.015725  -0.146465
0.004377  -0.019063  -0.108120
0.034070  -0.001287  -0.088855
0.026057  -0.001452  -0.067368
0.011788  -0.017639  -0.046309
-0.034890  -0.025461  0.431456
-0.040279  -0.044266  0.397004
0.021698  -0.018637  0.326841
0.000383  -0.006218  0.269906
-0.002988  -0.000209  0.223434
-0.013481  -0.033837  0.173892
-0.028244  -0.025111  0.142904
0.012775  -0.035803  0.120343
0.007818  -0.005795  0.093951
-0.040056  0.165535  0.556493
3.121639  3.499962  4.134881
-0.005888  -0.061998  0.911799
-0.013667  -0.052443  0.566480
0.004790  -0.050864  0.495357
0.017281  -0.028495  0.386072
0.011676  -0.031832  0.316483
-0.003044  0.004276  0.250184
-0.018636  0.005680  0.205726
0.018431  0.006259  0.164335
0.014581  0.160268  -0.640613
0.047772  -0.033450  -1.214877
-0.004099  -0.006570  -1.054908
-0.006495  -0.047355  -0.860633
0.018816  -0.045872  -0.655977
0.013385  -0.037705  -0.534855
-0.007523  -0.023308  -0.331358
-0.018014  -0.006108  -0.302742
0.020237  -0.003013  -0.265328
0.008862  -0.015108  -0.213869
-0.018922  0.132489  0.109390
3.158746  3.447267  3.578459
-0.000471  -0.012706  0.174627
0.000514  -0.010841  0.117777
-0.028982  -0.008451  0.094642
-0.021589  -0.032196  0.079620
-0.012888  -0.043787  0.062385
3.193932  3.143435  3.259680
0.029674  -0.018941  0.056533
-0.000071  -0.000298  0.032459
-0.043489  0.128763  0.277590
-0.003438  -0.065150  0.455816
0.000690  -0.032000  0.395191
0.019229  -0.041482  0.307376
0.015757  -0.030689  0.255096
-0.005949  -0.012562  0.209679
-0.020051  0.003849  0.162077
0.017628  -0.005887  0.137091
0.062663  0.004956  0.114158
0.004432  0.011602  0.093692
3.157613  3.212960  3.289716
8.879914  8.970050  9.059031
0.018835  -0.075434  0.071715
0.031390  -0.059209  0.066547
0.032540  -0.065069  0.059260
0.041264  -0.068226  0.051250
0.014125  -0.049576  0.043636
-0.013714  -0.056400  0.037067
-0.012347  0.001803  0.031306
-0.021485  0.000204  0.028445
-0.033527  0.116381  -0.115800
0.039378  -0.096778  -0.232908
-0.001217  -0.059177  -0.200909
3.165921  3.166436  3.038318
0.017190  -0.010511  -0.163069
0.008646  0.001651  -0.071914
0.023952  -0.010679  -0.065818
0.002176  0.005215  -0.051066
-0.003887  -0.065091  -0.038801
0.010277  -0.016727  -0.026512
-0.052019  0.148904  0.511607
0.004274  -0.060561  0.883696
0.016631  -0.062415  0.772761
0.008083  -0.023566  0.598849
-0.002967  -0.036089  0.493004
-0.003310  -0.027625  0.408404
3.195860  3.174161  3.555549
0.004453  -0.022381  0.319325
0.001182  -0.022731  0.173825
0.020040  -0.030153  0.155197
0.013138  -0.013054  0.135276
0.004715  -0.030733  0.110212
-0.008748  0.009219  0.091446
-0.010975  0.028226  0.078026
0.028512  -0.013044  0.064490
0.001176  -0.001466  0.055124
-0.031706  -0.009951  0.047915
0.002590  0.009541  0.043949
-0.015713  -0.007419  0.036535
-0.012761  -0.007098  0.032677
-0.003985  -0.024738  0.025276
0.029156  -0.043672  -0.806980
0.028209  -0.018026  -0.745267
0.035206  -0.032460  -0.613107
0.024472  -0.035493  -0.503133
-0.015889  0.008393  -0.388407
-0.007750  -0.018585  -0.312843
-0.018618  -0.029110  -0.253217
0.002128  -0.010917  -0.189958
3.217845  3.197720  3.077498
-0.054364  0.145959  0.097883
0.008075  -0.087250  0.132897
0.007112  -0.076818  0.117961
0.013894  -0.058740  0.089967
0.019698  -0.024837  0.074968
-0.000021  -0.021194  0.070140
0.009504  -0.002475  0.059699
-0.010608  -0.037957  0.050437
-0.022985  -0.018583  0.044661
0.006903  -0.012124  0.039962
0.017926  0.114498  -0.316800
0.019505  -0.047804  -0.585335
-0.012240  -0.010864  -0.471829
0.002266  -0.012979  -0.384659
3.212764  3.178798  2.903221
-0.010452  -0.036245  -0.310206
-0.018693  -0.048098  -0.150958
0.027519  -0.041099  -0.130414
0.018478  -0.024982  -0.102319
-0.006646  -0.021653  -0.074365
-0.052796  0.136466  0.789575
-0.022102  -0.036002  1.252200
-0.011161  -0.009002  1.091347
-0.002409  -0.035616  0.902460
0.023961  -0.034613  0.697307
0.005083  -0.043578  0.574919
-0.014589  -0.037432  0.474951
3.168355  3.160413  3.614212
-0.029707  -0.021974  0.368422
0.022024  -0.034165  0.186467
0.000845  0.139436  0.187758
-0.000743  -0.043152  0.297322
0.005201  -0.048060  0.260909
0.022521  -0.037491  0.220352
0.000845  -0.047117  0.184228
0.000685  -0.014392  0.146250
0.020665  -0.020329  0.124534
-0.014962  0.000347  0.099719
0.009937  -0.033167  0.084156
0.012388  -0.030534  0.075945
3.212808  3.163952  3.289645
8.971582  8.911875  9.080953
0.013050  -0.085432  -1.093852
0.013638  -0.063912  -0.923503
-0.005183  -0.053683  -0.800166
0.012603  -0.028680  -0.692146
0.006994  -0.021870  -0.527317
0.017215  -0.002150  -0.428179
0.042007  -0.013984  -0.347048
-0.002151  -0.008287  -0.267678
-0.067232  0.122928  0.170980
-0.037891  -0.064685  0.283507
0.022884  -0.049179  0.236132
0.048830  -0.056764  0.198414
3.267741  3.128901  3.389559
-0.001911  -0.050291  0.115306
-0.002050  -0.029763  0.104057
0.005176  -0.036036  0.088664
-0.002875  -0.043868  0.078374
0.016378  -0.035010  0.066208
-0.005302  0.126281  0.445843
0.000605  -0.075031  0.710114
-0.020002  -0.057573  0.587014
-0.032684  -0.021308  0.485901
-0.014257  -0.030652  0.400272
0.011875  -0.045338  0.311447
3.230662  3.134084  3.462573
0.019479  -0.000577  0.259667
0.023057  -0.003000  0.157473
-0.023461  -0.014305  0.133466
-0.019915  0.144209  -0.992519
0.044228  -0.044877  -1.855812
3.293280  2.994739  0.676158
0.002912  -0.060713  -1.619681
-0.000472  -0.030124  -0.970691
-0.009604  -0.044654  -0.738451
-0.037327  -0.040846  -0.598161
-0.008388  -0.010271  -0.485954
0.000203  -0.015677  -0.394669
3.204636  3.170542  2.901460
0.015860  -0.024560  -0.297171
-0.022510  -0.037282  1.120446
-0.001747  -0.015056  1.032277
-0.013649  -0.013054  0.902526
0.002874  -0.013864  0.745190
0.002519  -0.020874  0.617679
-0.014733  -0.015599  0.482118
-0.004567  -0.005456  0.406200
0.020131  -0.036252  0.320114
-0.003064  -0.028252  0.267751
-0.022916  0.140955  -0.222581
0.010706  -0.064525  -0.406274
3.234825  2.960993  2.670762
-0.006171  -0.071332  -0.350658
-0.022206  -0.036008  -0.169295
0.010948  -0.025277  -0.145580
-0.008279  -0.011819  -0.124799
0.001396  -0.028518  -0.088580
-0.006926  0.015389  -0.071910
-0.007858  -0.004221  -0.051159
-0.015395  0.126370  0.468481
-0.009085  -0.049439  0.754316
-0.002565  -0.041433  0.660781
-0.000471  -0.056040  0.547648
0.004644  -0.033514  0.429535
3.205605  3.173762  3.559893
0.009920  -0.017304  0.359900
0.013265  -0.040787  0.171366
0.004387  -0.024287  0.157680
-0.016381  -0.032288  0.142554
-0.049751  0.142008  0.756811
-0.021249  -0.050929  1.295077
3.198225  2.983621  4.950978
0.015585  -0.061235  1.128964
0.013952  -0.044061  0.692754
-0.015789  -0.035935  0.571895
-0.004332  0.006990  0.442453
0.009038  -0.005064  0.369887
0.000226  -0.004862  0.305108
0.000409  -0.006667  0.240757
-0.001003  -0.020912  0.183335
0.028519  -0.057604  -2.699550
0.027475  -0.038394  -2.485777
0.019554  -0.056706  -2.165279
0.016477  -0.025575  -1.670289
0.004794  -0.022100  -1.366740
0.013476  -0.007620  -1.120282
0.004486  -0.013538  -0.858494
0.004219  0.007283  -0.703700
0.005946  -0.001885  -0.537107
-0.081531  0.158401  0.993876
-0.065353  -0.035367  1.691125
3.143682  2.997497  5.475418
-0.004715  -0.048508  0.996429
-0.000412  -0.054863  0.864549
-0.002051  -0.036147  0.755991
-0.025518  -0.010551  0.588438
0.001582  -0.042148  0.484578
0.010570  -0.046772  0.401244
-0.000192  -0.034920  0.315986
-0.030886  0.100828  -0.286381
-0.008902  -0.048723  -0.476920
0.017455  -0.055655  -0.410044
0.033985  -0.027403  -0.313924
0.020711  -0.018591  -0.252815
0.014008  -0.017118  -0.189744
0.011016  -0.013432  -0.112580
-0.027161  -0.025004  -0.101472
-0.010952  -0.038481  -0.084995
0.018906  -0.000403  -0.064360
-0.044147  0.139752  0.367646
-0.020697  -0.061983  0.583870
-0.021275  -0.060888  0.486908
-0.020604  -0.054101  0.404573
-0.003829  -0.049125  0.317418
0.008832  -0.067358  0.265630
-0.006714  -0.053215  0.222513
3.176203  3.144702  3.415950
0.001383  -0.028197  0.179016
0.011111  -0.016983  0.104263
-0.015835  0.165367  -0.400731
-0.011769  -0.023761  -0.739680
-0.007288  -0.039645  -0.641673
0.014281  -0.037092  -0.494406
-0.023548  -0.061709  -0.406239
-0.013324  -0.039941  -0.301827
-0.022839  -0.015986  -0.244180
-0.006024  0.010419  -0.193636
0.000862  0.008605  -0.143011
-0.006820  -0.017354  -0.114312
3.181993  3.147815  3.137292
8.927970  8.865834  8.967276
-0.030399  -0.082947  -0.482772
-0.014867  -0.072599  -0.443710
0.012720  -0.055378  -0.383094
0.049130  -0.052906  -0.306044
0.019674  -0.032254  -0.246441
3.190828  3.169819  3.030246
-0.033540  -0.043895  -0.186263
-0.015651  0.010096  -0.100793
-0.072204  0.134781  0.397079
0.002917  -0.052516  0.662226
0.024598  -0.031101  0.549748
3.236446  3.171246  3.689068
-0.002416  -0.055559  0.457256
-0.019716  -0.058813  0.274412
-0.007998  -0.031340  0.252654
0.020310  -0.035245  0.186216
0.026449  -0.050994  0.158062
0.009131  -0.027820  0.126708
-0.028777  0.115368  -0.349825
-0.001116  -0.088569  -0.635024
0.029866  -0.065345  -0.550098
0.016339  -0.040667  -0.445771
0.004337  -0.039819  -0.337740
-0.000234  -0.042975  -0.274525
-0.002696  -0.036660  -0.206466
-0.001282  -0.047594  -0.120523
3.193801  3.128019  3.178241
-0.007147  -0.001653  -0.106444
-0.035880  0.131567  0.325296
-0.017793  -0.051537  0.527775
0.012987  -0.044434  0.462308
0.009287  -0.043831  0.363794
0.003518  -0.058108  0.303295
-0.000413  -0.062988  0.253608
-0.009778  -0.034634  0.202681
-0.017706  -0.033071  0.173353
3.169527  3.151967  3.380356
-0.003871  -0.032952  0.146722
-0.010238  0.140488  -0.037158
-0.001177  -0.038299  -0.099660
-0.015641  -0.009231  -0.084687
-0.029520  -0.016861  -0.064060
-0.006696  -0.048973  -0.039901
0.002034  -0.060558  -0.029960
0.025740  -0.029370  -0.016663
3.237935  3.178844  3.224829
-0.030466  -0.026478  -0.010045
-0.000134  -0.051317  0.009509
-0.033801  0.111911  0.276263
3.132337  3.425522  3.720687
-0.004263  -0.029592  0.318533
-0.004267  -0.039485  0.261076
-0.003456  -0.038772  0.246871
-0.009719  -0.036110  0.203057
0.010846  -0.031933  0.165300
0.016201  -0.008484  0.143056
0.005210  0.004417  0.120805
0.010482  -0.014857  0.100982
-0.040330  0.133989  0.048615
-0.004188  -0.047656  0.056709
-0.003925  -0.042922  0.053548
-0.022553  -0.034079  0.050055
3.155092  3.155247  3.278795
-0.031594  -0.009477  0.046338
0.011513  -0.073982  0.039167
0.018712  -0.045642  0.038498
-0.021419  -0.041966  0.036953
-0.012231  -0.027369  0.034324
-0.054555  0.108007  0.803820
