0.015865  -0.027940  -0.316881
-0.007692  -0.010165  -0.294522
0.022041  -0.016828  -0.249778
0.033306  -0.019296  -0.200185
-0.076945  0.113988  -0.869892
0.016871  -0.003856  -2.701103
0.003370  -0.021028  -2.164289
0.004367  -0.016238  -1.738897
0.016974  -0.016470  -1.391428
-0.004438  -0.009683  -1.114195
0.020248  0.014134  -0.898054
0.090848  0.083324  -0.670277
0.010852  -0.008513  -0.718036
-0.003017  0.005707  -0.379533
-0.120710  0.122642  -0.280217
-0.012154  -0.020002  -0.856570
-0.003458  -0.019650  -0.646682
0.018406  -0.027237  -0.560904
-0.008523  -0.022577  -0.452377
0.007239  -0.008602  -0.359849
-0.002423  0.005493  -0.288346
0.041881  0.066843  -0.176078
0.019425  0.009946  -0.231808
-0.009076  -0.026431  -0.137602
-0.112064  0.086621  0.582961
0.003609  -0.040989  1.990508
0.003094  -0.018092  1.452369
0.012754  -0.034297  1.280954
0.019206  -0.036002  1.032800
0.025278  -0.029681  0.830409
0.083117  0.025408  0.728393
0.008388  0.008020  0.666846
0.020068  0.021781  0.401689
0.000051  -0.004268  0.322777
-0.110979  0.105855  0.345031
0.011793  -0.022341  1.138551
0.022375  0.003019  0.914745
0.017224  -0.012685  0.736095
0.067069  0.024876  0.654028
-0.023630  -0.010158  0.345603
-0.017708  -0.015846  0.329608
0.006894  -0.013120  0.288110
0.018301  -0.005767  0.231448
0.024397  -0.015794  0.185886
-0.110039  0.126609  -0.561655
0.012333  -0.032362  -1.694028
0.027288  -0.013494  -1.339166
0.024792  -0.021786  -1.074170
0.004518  -0.037698  -0.860031
0.010997  -0.001583  -0.688219
0.009651  0.012575  -0.547142
0.063759  0.074188  -0.377500
0.019999  0.002837  -0.254280
0.034604  -0.004716  -0.239177
-0.090145  0.097501  -0.052513
-0.004465  -0.032817  -0.157322
0.019702  -0.009780  -0.128914
0.011953  -0.026701  -0.104339
0.023512  -0.049706  -0.084740
0.016315  -0.021930  -0.065920
0.007078  -0.004452  -0.052976
-0.011251  -0.015309  -0.042804
-0.004967  -0.006047  -0.031309
0.018839  0.026053  -0.026963
-0.079884  0.146137  0.767324
-0.102618  0.292413  1.460333
-0.012408  -0.028011  1.512305
0.018544  -0.015566  1.409848
-0.028788  -0.021504  1.191107
-0.006309  -0.015591  0.933545
0.019306  -0.003077  0.752431
-0.001125  0.001188  0.598123
0.010381  -0.010597  0.480278
0.076739  0.030065  0.440510
-0.093505  0.147840  -0.395911
0.030171  -0.036305  -1.229532
0.037693  -0.033143  -0.989849
0.023043  -0.023925  -0.796584
0.069441  0.033461  -0.590315
0.010717  -0.020111  -0.387922
-0.001522  -0.012669  -0.364904
0.004320  -0.005380  -0.290684
0.016102  -0.027611  -0.251590
0.002263  -0.028015  -0.203559
-0.087478  0.074487  -0.560004
0.033229  -0.029438  -1.674064
0.011898  -0.007104  -1.341977
0.026517  -0.016296  -1.082688
0.009728  -0.041814  -0.865969
0.024714  -0.011553  -0.692465
0.005414  0.008142  -0.555381
0.049208  0.074050  -0.392971
-0.006414  0.010713  -0.252156
0.002853  0.016600  -0.238793
-0.094755  0.118813  0.113735
0.009043  -0.008624  0.350164
-0.015033  -0.027538  0.280313
0.005157  -0.020346  0.222232
0.046361  0.016008  0.179701
0.035502  -0.013136  0.143608
0.012562  -0.037755  0.114761
-0.041713  -0.002383  0.092647
-0.006763  0.017914  0.072199
0.000273  -0.024221  0.060480
0.066417  -0.007807  0.105271
-0.067853  0.105579  0.774200
0.040102  -0.064644  2.022399
0.003730  -0.043352  1.724037
-0.001136  -0.050857  1.495419
0.009010  -0.026204  1.196172
0.052694  -0.045742  0.959837
-0.003780  -0.025002  0.771436
0.003024  -0.017103  0.615456
0.025296  0.002564  0.495294
-0.067577  0.115768  -0.459871
0.053119  -0.005624  -1.242629
0.034501  -0.011277  -0.995686
0.033221  -0.003945  -0.795209
0.094631  0.051907  -0.581375
0.017833  -0.035289  -0.387424
-0.008181  -0.049718  -0.368889
-0.013391  -0.023148  -0.320614
-0.010400  -0.023870  -0.251693
0.001735  -0.045720  -0.202679
-0.097895  0.097127  0.354429
0.027487  -0.022420  0.997150
0.031663  -0.043915  0.867840
-0.002609  -0.022573  0.696222
0.030850  -0.010032  0.557770
0.021854  -0.017358  0.445240
0.022227  -0.009472  0.358814
0.032455  -0.006923  0.286948
0.015629  -0.014565  0.205966
-0.017357  -0.015107  0.180863
-0.112892  0.117140  -0.137953
0.037560  -0.054593  -0.460492
0.039421  -0.040906  -0.366252
0.024274  -0.001122  -0.292049
0.010292  -0.009419  -0.236066
0.023939  0.023971  -0.189619
0.016328  -0.019050  -0.150089
-0.011733  -0.032584  -0.123906
-0.024745  -0.015207  -0.096268
-0.014239  0.006748  -0.080413
0.058682  0.074640  -0.012357
-0.090713  0.114076  -0.372763
0.060631  -0.040576  -1.161444
0.018384  -0.024903  -0.808648
0.013392  -0.037133  -0.653016
0.008737  -0.032334  -0.524615
0.003017  -0.019920  -0.415344
-0.001478  -0.039227  -0.336153
-0.011611  0.000605  -0.267395
0.001568  -0.003711  -0.200897
-0.092238  0.130567  0.287976
0.018814  -0.038484  0.825098
0.037928  -0.014576  0.665291
-0.005403  0.007046  0.533488
0.017995  0.004121  0.382694
0.038649  -0.010720  0.336643
0.046418  0.008831  0.270080
0.027238  0.000593  0.214552
-0.001143  0.003390  0.173393
-0.002851  -0.003102  0.142434
-0.074812  0.099514  -0.283731
0.040810  -0.041785  -0.996116
0.035478  -0.002390  -0.796205
-0.003505  0.015452  -0.636219
-0.003717  -0.026691  -0.509627
0.063269  -0.010427  -0.357529
-0.006301  -0.004745  -0.407213
-0.018308  -0.013776  -0.214338
0.004876  -0.013941  -0.190915
0.023135  -0.008101  -0.150333
-0.092042  0.094781  0.587577
0.008911  -0.039799  1.916489
-0.018112  -0.032103  1.534938
-0.000995  -0.016720  1.232687
-0.018978  0.011230  0.993220
0.022044  -0.000694  0.793081
0.034141  -0.011834  0.631439
-0.009906  -0.008998  0.505530
-0.016145  0.014378  0.403937
0.047383  0.083056  0.377855
0.021279  -0.009586  0.338341
0.039651  -0.001587  -2.134861
0.018619  0.013813  -1.990883
0.019797  -0.039785  -1.601837
0.002152  -0.029092  -1.289852
-0.014839  -0.020901  -1.038868
-0.004154  -0.032848  -0.833000
-0.005104  -0.007723  -0.667118
-0.015329  0.007107  -0.523373
0.039731  0.016321  -0.418568
-0.072862  0.098289  0.245836
0.027412  -0.028063  0.747249
0.177349  -0.079169  1.205353
-0.030349  -0.027549  0.364335
-0.023672  -0.033564  0.345212
-0.015941  0.006096  0.299788
0.031673  -0.025248  0.236774
0.018120  -0.013866  0.191295
-0.010561  -0.004320  0.151994
0.019600  -0.017346  0.121908
-0.082265  0.115955  1.125637
-0.011106  -0.040074  3.569318
-0.023829  -0.032384  2.883081
0.001037  -0.022480  2.310021
0.025191  -0.030484  1.836578
0.116099  0.013091  1.523061
0.260855  0.098140  1.335956
0.008043  -0.014415  0.672263
0.003283  0.019320  0.625553
-0.005551  0.018561  0.506157
-0.078952  0.149996  -0.778818
0.053791  0.011304  -2.485142
0.233341  -0.049677  -3.795484
0.042233  -0.011962  -1.995718
0.044610  -0.012769  -1.242851
0.033979  0.014559  -0.994205
0.012397  -0.000376  -0.795205
-0.016248  0.014699  -0.643322
0.035157  0.076730  -0.466832
0.023689  0.013584  -0.308597
-0.110902  0.129391  0.142676
-0.011237  -0.044396  0.425708
-0.002295  -0.028642  0.374933
-0.005263  -0.029583  0.302995
0.003130  -0.020188  0.243136
0.026484  -0.032309  0.195791
0.016841  -0.008867  0.158846
0.023997  -0.003967  0.124717
-0.000032  0.004047  0.102415
0.027416  -0.010038  0.081574
-0.052741  0.094445  -0.406338
-0.041399  0.228010  -0.740360
0.008870  0.001085  -0.694189
0.033933  0.009630  -0.642219
-0.022407  -0.018055  -0.534377
-0.033516  0.002510  -0.471028
0.004416  0.030690  -0.375252
0.012967  -0.013221  -0.299847
0.004369  -0.011934  -0.239219
0.006265  0.028197  -0.190826
-0.108879  0.136523  0.462226
-0.006295  -0.050411  1.420546
0.001077  -0.039847  1.139958
0.016587  -0.033895  0.903107
0.105806  0.020911  0.772672
0.025744  -0.050288  0.729093
-0.009323  -0.010248  0.359781
0.004933  0.003700  0.335500
0.006540  -0.003350  0.269453
-0.007766  -0.000755  0.212059
-0.082401  0.118593  -0.571668
0.028193  0.012113  -1.789109
0.014707  0.004463  -1.512851
0.035348  -0.003048  -1.209391
0.037679  -0.014367  -0.974727
0.117554  0.026538  -0.732480
0.259891  0.109440  -0.482869
0.452865  0.226330  -0.226188
-0.019576  -0.025090  -0.171710
-0.010981  -0.013276  -0.159220
-0.099979  0.125244  -0.036328
-0.013351  -0.007072  -0.117444
0.002238  0.013189  -0.093930
-0.019853  -0.001767  -0.073990
-0.027444  0.016709  -0.057296
0.015333  -0.033088  -0.050889
0.002555  -0.034556  -0.037406
-0.023999  0.004862  -0.030627
-0.019525  -0.002397  -0.026598
0.028459  -0.014819  -0.018414
0.147949  0.025612  0.046410
-0.109551  0.117121  0.382568
0.048338  -0.080286  1.113987
0.021879  -0.084131  0.975555
0.005242  -0.061133  0.775845
0.016545  -0.061603  0.619806
0.033079  -0.013799  0.496741
0.026945  -0.007617  0.397162
-0.005381  -0.012342  0.319020
0.016689  -0.022650  0.252973
-0.067611  0.129401  -0.055369
0.047185  -0.032445  -0.185062
0.029732  -0.017802  -0.147119
0.099120  0.043859  -0.056575
0.025574  -0.029397  -0.117794
0.021471  0.001378  -0.055779
0.016296  -0.015800  -0.052793
-0.008021  -0.004987  -0.043073
-0.006709  0.023636  -0.037246
-0.000885  0.019645  -0.026683
-0.090986  0.092612  0.264098
0.007108  -0.033162  0.804092
0.037600  -0.018869  0.580473
0.031569  -0.012167  0.507384
0.013748  -0.021969  0.401796
-0.006029  -0.029059  0.317906
0.010974  -0.023071  0.255936
0.021201  0.003280  0.182526
0.000126  0.019623  0.162418
-0.011941  0.027969  0.132280
-0.110916  0.132199  -0.206407
0.038393  -0.036015  -0.757242
0.021015  -0.034325  -0.654452
0.014452  -0.031075  -0.526040
0.020276  -0.020605  -0.415803
0.039161  -0.005053  -0.334952
0.013766  -0.010316  -0.263411
-0.006366  -0.014179  -0.211266
0.062897  0.032800  -0.109349
0.022636  -0.015021  -0.168958
-0.106239  0.112244  0.288197
-0.003453  -0.005897  0.995241
0.007556  -0.013283  0.828432
0.005336  -0.006919  0.668748
0.006331  -0.000445  0.535446
-0.002933  0.001655  0.431440
0.016202  -0.032743  0.347478
0.005237  -0.029362  0.271793
0.047395  -0.007293  0.227993
0.000745  0.005914  0.183045
-0.091947  0.128703  -0.206114
-0.079551  0.276970  -0.455604
0.026997  -0.028894  -0.604220
-0.004876  -0.014153  -0.296632
-0.009632  -0.000663  -0.278246
0.000621  -0.030929  -0.222494
0.023586  -0.001879  -0.179706
0.027276  -0.022787  -0.141604
-0.018859  -0.023483  -0.115460
-0.013720  -0.009935  -0.091101
-0.108268  0.137290  0.177867
0.021263  -0.027215  0.550641
0.033410  -0.041985  0.440003
0.031969  -0.022586  0.356172
0.118897  0.042855  0.351035
0.005510  -0.019516  0.174643
-0.015550  0.007286  0.163844
-0.000990  -0.010797  0.142618
0.004551  -0.022683  0.114469
0.006488  -0.014297  0.091706
-0.086458  0.117549  -0.347821
0.021175  0.011330  -1.084509
0.024680  -0.029746  -0.857840
0.000839  -0.026773  -0.672118
-0.005175  0.007484  -0.538934
-0.043846  0.005670  -0.431987
0.014395  0.054133  -0.287586
0.004242  -0.001267  -0.349742
0.038550  -0.008251  -0.178474
-0.003335  -0.013576  -0.165588
-0.096512  0.125246  0.182850
0.011308  -0.036286  0.633678
0.035151  -0.028964  0.485325
0.024802  -0.019016  0.389035
-0.011982  -0.009635  0.312662
-0.019387  -0.020787  0.251644
0.004969  0.000375  0.200618
0.011459  0.008936  0.160927
-0.009160  0.003362  0.130950
0.023073  0.000536  0.105881
0.139465  0.048346  0.147300
-0.056641  0.115849  -0.051965
0.051880  -0.021078  -0.138854
0.034440  -0.020070  -0.128992
0.031465  -0.039519  -0.110015
0.019118  -0.032077  -0.085077
0.015367  -0.025154  -0.066679
0.007170  -0.048183  -0.053426
-0.013607  -0.035480  -0.044936
-0.007139  -0.001045  -0.033900
-0.044963  0.129203  -0.575691
0.050202  -0.020870  -1.830135
0.025402  -0.063979  -1.465816
0.097753  -0.048569  -1.119170
-0.006666  0.020033  -0.675332
-0.002533  0.014082  -0.624695
-0.005485  0.004473  -0.524036
-0.010779  -0.015545  -0.459819
-0.005080  -0.011264  -0.367947
-0.019092  -0.000248  -0.297434
-0.111763  0.131274  0.468291
0.011771  -0.051377  1.449679
0.027528  -0.034848  1.153709
0.016643  -0.032666  0.925388
0.020404  -0.030905  0.746033
0.018875  -0.024003  0.590488
0.110914  0.031502  0.525941
-0.004363  0.017093  0.288360
-0.003366  0.022641  0.271910
0.008678  -0.001151  0.217188
-0.064033  0.136670  -0.340249
0.051503  -0.026829  -1.117869
0.041705  -0.007261  -0.899210
0.045708  -0.004604  -0.728046
0.022729  -0.033956  -0.581408
0.098742  -0.007539  -0.408091
-0.011797  -0.031457  -0.466351
-0.018945  -0.002014  -0.286452
-0.005019  0.007773  -0.227474
0.100951  0.065676  -0.123129
-0.002821  0.004617  -0.182849
0.000293  -0.027430  1.603784
0.023835  -0.032227  1.497907
0.004028  -0.009438  1.204025
-0.013481  -0.025984  0.970314
-0.008463  -0.004247  0.778838
-0.006813  -0.021670  0.628830
-0.002786  0.008403  0.504350
0.029479  0.024501  0.402730
0.018076  -0.014529  0.321169
-0.095118  0.106845  -0.030008
0.006050  -0.031727  -0.082334
0.183151  -0.092710  -0.061760
-0.003277  -0.021682  -0.063777
0.018638  0.002088  -0.029375
0.032953  -0.006262  -0.030954
0.010944  -0.022901  -0.023711
0.011502  -0.031666  -0.020992
0.037175  -0.044924  -0.014790
0.014635  -0.008236  -0.011192
-0.108503  0.128748  1.841465
-0.109685  0.288205  3.386348
-0.013302  0.465639  4.685011
-0.041011  -0.080871  7.417118
0.067682  -0.032844  3.165354
0.037894  -0.018030  2.492074
0.062013  -0.038690  2.003462
0.179801  -0.004274  1.664070
0.373145  0.074384  1.444044
0.627841  0.188805  1.319502
-0.204933  0.110038  4.968658
-0.769817  0.099108  7.939438
0.126800  -0.252051  12.096609
-0.297400  -0.144684  8.001809
-0.497657  -0.268881  6.418359
-0.552301  -0.317815  5.222589
-0.080642  0.065181  4.725782
0.404559  0.423880  4.396832
0.902961  0.764890  4.200531
0.141603  0.250170  3.092077
-0.354750  -0.105850  2.271123
0.197207  -0.357444  2.247288
0.205129  -0.319496  5.010087
0.327231  -0.234571  7.298992
0.541312  -0.111621  9.220686
-0.187670  -0.207463  4.117158
-0.653433  -0.228539  0.134030
0.290548  -0.112808  1.741543
1.168104  0.035981  3.135587
1.996682  0.211921  4.365421
2.790435  0.410508  5.470311
3.560123  0.628161  6.480480
4.314264  0.862117  7.419690
5.060016  1.110370  8.307123
5.802662  1.371263  9.157379
6.546373  1.643516  9.981906
1.013063  0.301672  1.210321
-3.260098  -0.706835  -5.658414
-6.525151  -1.448675  -11.004932
-8.983729  -1.977183  -15.133739
-10.797133  -2.335029  -18.288431
-12.094400  -2.556343  -20.663879
-12.978755  -2.668433  -22.415972
-13.532772  -2.693141  -23.669411
-13.822506  -2.647942  -24.523947
-13.900795  -2.546812  -25.059372
-13.809905  -2.400934  -25.339512
-13.583203  -2.218546  -25.416773
-13.246590  -2.005953  -25.332130
-12.820367  -1.768156  -25.117525
-12.320347  -1.509035  -24.797873
-11.758594  -1.231474  -24.392443
-11.144751  -0.937845  -23.916422
-10.486130  -0.629893  -23.381498
-9.788395  -0.308963  -22.796753
-9.055764  0.023985  -22.169100
-8.291557  0.368191  -21.503950
-7.497829  0.723296  -20.805059
-6.676492  1.088884  -20.075615
-5.828948  1.464664  -19.318024
-4.956234  1.850436  -18.534101
-4.059044  2.246089  -17.725159
-3.137445  2.651746  -16.891781
-2.191897  3.067322  -16.034790
-4.020466  -4.848725  2.855802
-5.269982  -11.088349  18.163303
-6.056167  -15.986825  30.604475
-6.471593  -19.812365  40.752708
15.963183  11.203156  0.931611
34.162304  36.257988  -30.873032
48.972973  56.551918  -56.264381
61.072937  73.037109  -76.524940
71.004364  86.475266  -92.680687
79.200966  97.475708  -105.552368
86.009674  106.525856  -115.796539
91.708008  114.015610  -123.938393
96.517944  120.256851  -130.398041
100.617020  125.499023  -135.511536
104.147232  129.941635  -139.547638
107.222145  133.744247  -142.721313
109.932556  137.034454  -145.204483
9.128256  6.514645  1.792324
-71.265297  -97.653976  119.446762
-135.330521  -180.742065  213.627853
-186.333298  -246.966064  289.030731
-226.886276  -299.699036  349.411407
-259.079468  -341.639313  397.774567
-284.584778  -374.945435  436.523773
-304.739624  -401.344086  467.581726
-320.613831  -422.216461  492.486420
-333.063110  -438.667328  512.468018
-342.771912  -451.580353  528.510498
-350.287659  -461.662262  541.400757
-356.048187  -469.478271  551.768127
-360.403595  -475.480377  560.115906
-363.633789  -480.029999  566.846497
-365.962616  -483.416046  572.281555
-7.110781  -8.724272  6.709192
7.721701  11.504161  -0.357978
19.847099  27.945763  -5.966990
29.808193  41.359638  -10.411450
38.039188  52.353054  -13.926234
44.887436  61.411797  -16.699238
50.630795  68.924469  -18.880768
55.491535  75.201927  -20.591061
59.647446  80.492828  -21.926296
63.240734  84.996056  -22.963408
66.385139  88.870697  -23.763931
69.171631  92.243973  -24.377085
71.672951  95.217628  -24.842230
73.947258  97.873009  -25.190845
76.041061  100.275169  -25.448103
77.991531  102.476105  -25.634129
79.828377  104.517365  -25.765011
81.575325  106.432152  -25.853607
83.251335  108.246979  -25.910194
9.256742  10.380263  -1.793351
-49.658600  -67.627739  17.510801
-96.509583  -129.747574  32.962990
-133.708084  -179.155624  45.331783
-10.570110  -12.741357  1.036922
88.224617  120.680496  -34.395592
167.545761  227.709686  -62.740044
231.288986  313.625916  -85.415833
-5.996545  -5.030018  0.248286
-195.536942  -259.659729  68.775818
-346.880280  -463.067291  123.592300
-467.664886  -625.495728  167.438110
-2.348732  -0.683502  0.093708
370.196686  499.466980  -133.792969
668.526611  899.889404  -240.915283
907.484924  1220.530273  -326.627838
1098.946411  1477.346558  -395.214203
1252.410400  1683.103027  -450.101044
1375.476074  1848.010986  -494.029572
1474.221924  1980.238647  -529.192505
1553.510376  2086.319824  -557.343872
0.332605  -0.624356  -0.066264
-1241.921875  -1669.886230  445.733459
-2235.439453  -3005.004639  802.349976
-3029.968018  -4072.809326  1087.618896
-3665.304932  -4926.762695  1315.808105
-4173.286621  -5609.632324  1498.331421
-4579.380859  -6155.630371  1644.319336
-4903.959961  -6592.124023  1761.075562
-0.032704  1.146348  -0.095321
1.124424  -0.520783  -0.020453
2.367824  -1.530659  -0.006113
3.687433  -2.010145  -0.044128
5.075195  -2.058087  -0.128211
6.524658  -1.751455  -0.253438
8.030648  -1.150000  -0.415570
9.589020  -0.300281  -0.611214
11.196445  0.762058  -0.837652
12.850250  2.009007  -1.092706
14.548286  3.415929  -1.374627
16.288820  4.960342  -1.682014
18.070454  6.624254  -2.013742
19.892056  8.393258  -2.368906
21.752705  10.255817  -2.746777
23.651651  12.202690  -3.146769
25.588280  14.226469  -3.568406
27.562080  16.321217  -4.011304
29.572628  18.482164  -4.475150
0.923369  -0.471579  0.255595
-21.550552  -15.130607  3.922797
-39.077213  -26.344460  6.735238
-52.639065  -34.792770  8.859940
-63.022060  -41.019238  10.430523
-70.854942  -45.458813  11.553884
-76.640678  -48.459450  12.315536
-80.781616  -50.299500  12.783890
-83.599617  -51.201630  13.013674
-85.352142  -51.343967  13.048668
-86.245132  -50.868999  12.923894
-86.443314  -49.890705  12.667368
-86.078438  -48.500256  12.301501
-0.813203  2.907027  -1.478653
67.936867  44.659660  -12.671295
123.481995  78.698036  -21.797853
168.470306  106.574440  -29.275461
205.020233  129.530640  -35.437805
234.826431  148.559982  -40.551823
259.244537  164.457108  -44.831039
279.358948  177.857620  -48.446259
296.037048  189.269958  -51.534100
1.466699  -3.560436  0.669932
-1.225257  2.938539  -1.539432
-2.772627  8.856686  -3.513970
-3.397807  14.319161  -5.304431
-3.278721  19.426077  -6.951407
-0.347954  3.157854  -1.491124
2.628908  -9.180140  2.681222
5.649143  -18.430984  5.841765
-0.520498  0.726023  0.022864
-0.494914  0.259017  -0.074160
0.183754  0.485748  -0.325936
1.391363  1.277511  -0.706513
3.028592  2.534137  -1.195767
5.015976  4.177736  -1.778117
7.289937  6.147851  -2.441535
9.799603  8.397635  -3.176769
12.504266  10.892158  -3.977155
15.371350  13.603806  -4.837394
0.221171  1.454198  -3.861250
1.539141  1.344059  -17.848169
1.057646  0.451177  -16.690685
1.401414  0.500604  -16.042944
2.411780  1.312925  -15.803656
3.961805  2.748616  -15.893558
5.949930  4.699367  -16.250956
8.294898  7.080225  -16.827709
10.931697  9.825240  -17.585709
13.808306  12.884902  -18.492344
16.883097  16.219969  -19.521517
20.122755  19.800879  -20.652338
23.500616  23.604137  -21.868086
26.995333  27.613926  -23.155371
30.589809  31.806305  -24.503466
1.331330  -0.627099  -6.451375
-21.264233  -25.571945  7.664892
-0.408769  3.287382  -10.245532
-1.124581  2.078449  -6.874432
-0.867257  2.139132  -4.513626
-0.419979  2.287149  -5.715274
0.780292  3.450650  -7.013983
2.589185  5.435154  -8.399645
4.891198  8.085067  -9.858397
7.593921  11.275902  -11.379141
10.623419  14.908056  -12.952992
13.920532  18.901836  -14.572833
17.437923  23.193470  -16.232962
21.137709  27.731924  -17.928806
24.989567  32.476353  -19.656700
28.969227  37.394058  -21.413698
33.057255  42.458862  -23.197432
0.250922  1.190194  -3.568807
-25.077627  -30.677200  11.749076
-44.417839  -55.015129  23.614925
-58.961262  -73.321022  32.715702
0.647973  -0.724790  -1.701598
49.276363  58.533596  -29.634239
89.126183  107.130150  -52.382587
121.959206  147.205612  -70.986908
149.184784  180.472549  -86.279381
171.930359  208.300903  -98.925720
191.097809  231.786545  -109.458450
207.408539  251.806076  -118.303551
221.439606  269.060699  -125.801750
233.652557  284.111237  -132.225586
244.416534  297.406219  -137.793030
254.026733  309.304352  -142.678391
262.719238  320.092438  -147.021072
270.682800  329.999847  -150.932541
278.068268  339.209900  -154.501892
284.996246  347.869141  -157.800339
291.563080  356.094635  -160.884796
297.845764  363.979889  -163.800720
1.199025  1.100512  -4.619859
-235.079880  -287.884796  122.271255
-0.270931  1.146051  9.133535
-0.627794  1.076945  5.341452
0.139260  2.359937  1.846297
1.810136  4.731306  -1.413952
4.208752  7.980066  -4.488911
7.194238  11.937422  -7.418269
10.653889  16.468323  -10.233770
14.497533  21.464720  -12.960806
0.808520  1.494336  4.345510
-9.057466  -13.097010  17.710703
-15.860383  -23.378489  27.920380
-20.208197  -30.205435  35.603016
1.099103  0.506869  -2.592367
0.455272  1.326430  -1.052427
-0.341782  1.115655  -0.943634
0.133674  2.371812  -1.352220
1.631773  4.808134  -2.177335
0.917547  0.785269  -0.896549
1.473154  -0.988409  -0.375404
3.049249  -0.964855  -0.462026
5.446349  0.503207  -1.037942
8.504861  3.140668  -2.009996
12.097103  6.721610  -3.301566
16.120920  11.063906  -4.851352
20.494579  16.021845  -6.610309
25.152681  21.478846  -8.539196
30.042892  27.341631  -10.606615
0.576574  1.751357  -4.255017
-21.823673  -17.210646  0.296793
0.400189  0.305777  -5.614338
0.740243  0.651251  -3.099945
2.198696  2.457360  -1.613294
4.556394  5.438468  -0.944109
7.638005  9.366061  -0.927918
2.253360  1.108927  -6.646025
1.828902  1.371057  -1.670325
2.698312  3.142870  1.783492
4.607312  6.128885  4.035514
7.352476  10.092707  5.334262
10.771054  14.845208  5.874709
14.732840  20.235077  5.808534
-0.374501  1.284449  -1.553065
-11.224519  -12.275368  -7.946293
-18.664217  -21.516132  -13.567366
-23.371195  -27.295250  -18.573242
-25.887526  -30.298639  -23.089483
-26.646862  -31.075029  -27.216526
-25.996120  -30.063396  -31.034708
2.537114  1.461879  -0.320259
26.630880  28.327690  23.858551
47.177540  51.472336  42.816292
64.890961  71.646423  57.594673
80.342209  89.450409  69.027046
93.988098  105.364616  77.780060
-0.047008  1.281486  -0.797269
-73.981506  -80.301476  -64.057152
-131.831161  -143.878021  -115.065613
-176.808533  -193.043106  -156.275421
-211.483597  -230.672623  -189.648758
-237.912262  -259.067200  -216.755264
1.160130  1.468062  -0.527263
0.761753  1.536989  2.265090
1.768339  3.320865  4.084314
1.704367  1.476140  1.829511
2.987732  1.742203  -0.393519
5.353585  3.703444  -2.604189
8.590041  7.027363  -4.818978
0.965692  1.697087  0.917268
-3.780807  -0.799156  5.044823
-6.220426  -1.021658  7.883171
1.387846  1.378821  -0.295737
8.841230  5.086711  -7.350305
16.175287  9.847026  -13.541570
0.948574  1.459707  -0.499982
-9.852304  -3.443178  9.348791
0.554862  1.257601  -0.669348
10.270218  6.838135  -9.320230
19.436680  13.128933  -16.889326
28.168570  19.994390  -23.595215
36.557331  27.326010  -29.612747
44.676098  35.036976  -35.081787
1.014801  1.597157  -0.704450
1.701412  1.457210  -0.701267
3.671911  3.209413  -1.360256
6.673993  6.482402  -2.551172
10.505807  10.978391  -4.169797
15.005863  16.459137  -6.132757
1.434244  1.725185  -0.717296
-7.979554  -8.165331  2.942693
-14.062653  -14.174759  5.196145
-17.476749  -17.072979  6.322209
-18.751198  -17.475895  6.544204
1.259236  1.859489  -0.742260
18.733301  19.256128  -7.254603
34.182705  35.108089  -13.149800
0.322661  1.242230  -0.706327
-25.286392  -23.903210  8.558839
-44.290237  -42.066013  15.279214
-58.005482  -54.636398  19.961607
-67.485397  -62.726521  23.011459
-73.572578  -67.226089  24.753119
2.363044  1.546009  -0.749332
0.708215  2.310589  -0.739197
0.644630  1.917070  -0.705677
0.382015  1.933988  -0.744322
1.691103  3.951790  -1.484278
4.262024  7.576627  -2.787440
7.846879  12.493412  -4.543321
12.247341  18.450064  -6.663526
17.304739  25.244905  -9.077335
22.892124  32.716576  -11.728168
28.907925  40.735973  -14.570753
35.270870  49.199791  -17.568865
41.915920  58.025356  -20.693514
48.791027  67.146507  -23.921499
0.988726  2.345605  0.390734
1.620139  0.425997  0.967441
3.697376  0.959179  0.697347
6.935605  3.463339  -0.253601
11.106956  7.558072  -1.753083
16.029123  12.931381  -3.693479
21.556250  19.333658  -5.988686
27.571642  26.565205  -8.569818
33.981930  34.466244  -11.381763
40.712395  42.908936  -14.380424
47.703247  51.790985  -17.530516
54.906628  61.030533  -20.803801
62.284225  70.562057  -24.177677
69.805359  80.333107  -27.634054
2.005258  1.168067  0.596842
0.559620  3.547303  -3.017663
1.034570  7.614242  -6.672583
3.050112  13.037230  -10.361840
6.302246  19.550934  -14.080565
0.547543  3.210714  -2.644875
-2.408302  -7.674424  5.732376
0.482291  1.778185  -1.224478
4.450888  11.539013  -7.565238
9.285982  21.552254  -13.415105
14.818361  31.773249  -18.874231
20.912645  42.166252  -24.022734
27.460518  52.702648  -28.924690
34.375309  63.359516  -33.631351
1.296259  2.184481  -1.046344
-23.482418  -44.516335  24.232712
-41.616760  -79.632034  43.665073
-54.431587  -105.473885  58.418133
1.699422  1.828201  -0.750349
48.304993  89.932144  -48.881897
87.294243  162.683319  -88.185822
120.194435  223.157959  -120.429558
0.855317  1.443099  -0.866476
2.442890  2.804959  -0.840187
5.433581  6.184904  -1.625217
9.550700  11.184882  -3.061275
14.572886  17.486443  -5.020007
1.729888  2.028849  -0.865129
2.422159  2.396617  -0.856529
1.826755  2.503548  -0.865332
3.094563  4.912816  -1.689589
5.856839  9.169472  -3.168087
9.818581  14.909549  -5.171810
14.743779  21.841862  -7.597544
20.443617  29.733448  -10.362711
26.767029  38.397923  -13.401243
33.593151  47.686153  -16.660280
40.825272  57.478813  -20.097525
48.386005  67.680412  -23.679131
56.213417  78.214523  -27.378008
64.257935  89.019981  -31.172474
1.894272  2.417279  -1.917977
-46.206596  -64.476128  20.646744
-82.893471  -115.596802  37.857880
-110.445381  -154.093933  50.784374
-130.685501  -182.486816  60.281364
-145.072327  -202.790848  67.032944
-154.772598  -216.618256  71.586349
-160.719666  -225.258728  74.379349
-163.660126  -229.743958  75.762131
-164.191208  -230.899200  76.014816
-162.790634  -229.384583  75.361481
0.349981  1.523910  -2.106391
132.696320  188.701401  -64.940109
240.411377  340.899933  -116.068451
328.425476  465.121033  -157.834381
400.682709  566.965759  -192.112213
3.221067  2.898264  0.547083
-312.894714  -445.877197  153.805893
-563.929932  -802.413513  275.542450
-762.896545  -1085.152710  372.059296
1.092330  1.928280  -0.969502
614.153625  874.095154  -300.269043
1106.476929  1574.336548  -540.587097
1502.213501  2137.042969  -733.721680
1820.683716  2589.725342  -889.110901
2077.343262  2954.392090  -1014.304932
2284.555908  3248.648438  -1115.343384
2452.211426  3486.577148  -1197.057617
2588.221191  3679.443359  -1263.312134
2698.912842  3836.257568  -1317.198242
1.860111  2.811917  -1.206972
-2153.902588  -3061.429443  1050.705688
-3876.634521  -5510.309570  1891.356323
-5252.941895  -7466.900391  2562.997559
-6352.107422  -9029.656250  3099.430176
-7229.554688  -10277.337891  3527.693604
-7929.620117  -11272.950195  3869.418213
-8487.769531  -12066.891602  4141.906250
-8932.372070  -12699.476562  4358.998047
-9286.119141  -13202.952148  4531.764648
1.699746  1.819975  -1.522279
1.584074  2.373292  -0.396315
3.488218  5.497263  -0.432094
7.029190  10.707549  -1.407426
11.900580  17.616648  -3.144548
17.857237  25.914522  -5.501240
24.703011  35.353107  -8.363716
1.730539  2.901127  -0.604709
-14.525251  -20.200897  4.605154
-25.386852  -35.793354  7.765604
1.850630  2.613737  -1.093544
25.825296  36.287720  -9.208476
2.406506  2.274197  -1.156055
1.506239  3.234767  -1.124804
3.033013  7.040017  -2.157598
1.793214  2.747351  -1.127457
3.089801  2.408859  -1.381211
6.436186  5.261456  -2.672103
11.443077  10.697909  -4.802716
17.799019  18.230768  -7.615107
25.254820  27.470039  -10.982906
2.361168  2.941793  -1.183115
1.998840  3.323901  -1.157217
4.141743  6.930244  -2.284286
8.309362  13.145144  -4.343674
2.457620  2.830454  -1.242567
0.270525  -2.033228  0.060722
1.035620  -2.507021  -0.084160
4.182922  0.557814  -1.397488
9.256420  6.484922  -3.655471
15.891287  14.730852  -6.679066
23.795633  24.860807  -10.325027
32.735920  36.526917  -14.478745
42.525284  49.450840  -19.048519
53.014202  63.409859  -23.960970
1.078238  3.633512  -1.328856
-37.772610  -40.510113  15.500582
-66.135132  -72.118790  27.678072
5.133578  3.057597  -1.180000
64.907143  66.962410  -25.572111
115.504761  121.878632  -46.401226
158.781723  169.632599  -64.389694
196.222183  211.685257  -80.115356
2.831717  3.798928  -0.625666
-149.021896  -158.603821  61.611847
-267.626038  -284.591309  110.037933
-359.610535  -381.418030  147.405167
-430.279144  -454.887512  175.915543
-483.874725  -509.642426  197.330612
-523.791443  -549.396729  213.059525
-552.744324  -577.121399  224.229553
2.780363  3.133535  0.114670
450.222198  471.474823  -180.610397
811.218384  850.314209  -326.633575
1103.078369  1157.580811  -444.905029
1339.649292  1407.617432  -540.984741
1532.008179  1611.897705  -619.320496
1689.016113  1779.599976  -683.470215
3.267608  5.079497  -2.470057
-1342.174072  -1410.206055  540.831116
-2415.351562  -2538.076660  973.963928
-3270.698242  -3435.987305  1318.952637
2.342060  3.456821  -1.281077
2624.010498  2759.455566  -1059.005371
4724.600586  4968.726074  -1906.731445
6408.346191  6740.639160  -2586.467773
3.075689  4.413058  -0.961777
-5117.835938  -5380.023438  2065.872070
3.378908  4.159039  -1.570375
3.783013  3.967119  -1.532305
7.462142  8.432693  -3.098429
3.566959  4.849428  -1.576895
3.840957  6.653459  -1.973465
7.467422  12.792572  -3.913016
3.392197  4.471521  -1.610858
3.573478  2.560984  -1.408400
2.529954  4.001647  -1.692143
5.170721  9.941500  -3.574360
3.772487  4.650837  -1.717279
3.224864  4.299118  -1.680250
6.313411  8.889645  -3.332177
12.327880  17.459011  -6.343697
3.805229  4.826207  -1.901629
0.564652  -0.333088  -0.054785
1.566664  0.511388  -0.292522
5.979664  6.183825  -2.206319
13.138350  15.743547  -5.469350
22.510462  28.437986  -9.820146
2.942384  4.569419  -2.227030
3.493355  4.924263  -1.709952
3.083096  4.999578  -1.935391
6.467365  10.205767  -3.886999
4.357525  5.258080  -2.057762
6.415682  6.495352  -2.384807
11.824986  12.705296  -4.445190
19.931934  22.918053  -7.900548
30.213707  36.357704  -12.480179
42.252018  52.403477  -17.967508
55.712208  70.558716  -24.189262
70.326515  90.426041  -31.006805
85.880676  111.687485  -38.309204
102.203239  134.088608  -46.007694
119.156990  157.425781  -54.031239
136.632080  181.536026  -62.322979
154.540588  206.288864  -70.837395
172.812088  231.579819  -79.538033
191.390152  257.325165  -88.395691
4.065260  5.689625  -2.131900
-141.801605  -190.058624  64.965981
-254.485947  -341.073181  116.723106
2.811769  3.937893  -1.597495
212.691437  285.578613  -98.191238
384.652710  516.546753  -177.411484
526.295166  707.000427  -242.740860
2.822245  5.113526  -1.123799
-411.851166  -550.670288  190.201019
-739.469116  -989.548157  341.284119
-997.426575  -1334.877319  460.165833
4.468272  5.788736  0.386292
810.153809  1084.142822  -369.438385
3.330180  5.428955  -1.628129
-637.926697  -851.673035  290.602936
-1146.713745  -1531.461304  522.362549
-1549.508179  -2069.374023  705.736633
4.051049  5.390055  -1.804528
1251.168213  1671.170044  -569.888062
3.620779  5.896934  -2.105599
-990.113586  -1320.302979  450.052979
-1780.780151  -2375.218994  809.703857
-2408.974609  -3213.081787  1095.339844
4.269137  5.801805  -2.090252
1939.240234  2587.032959  -882.137390
3491.611328  4658.168457  -1588.286865
4737.918945  6321.251953  -2155.326660
5739.390137  7657.915527  -2611.085938
6545.004395  8733.461914  -2977.827148
7193.942871  9600.129883  -3273.359131
7717.548340  10299.706055  -3511.927246
8140.891113  10865.617188  -3704.926758
3.983464  5.732795  -2.236029
5.357260  6.451639  -4.071752
4.920921  7.013892  -8.099453
9.033998  13.727753  -13.471193
16.787357  25.366148  -19.919163
27.453682  40.947407  -27.229105
40.451107  59.686172  -35.229603
4.784678  6.595816  -7.010304
-19.282671  -29.596329  13.410666
-34.070042  -52.266712  27.592007
-41.432701  -64.116470  36.780670
-42.854847  -67.306496  41.974205
-39.523823  -63.565479  43.970634
-32.389488  -54.276360  43.418148
-22.211721  -40.545464  40.822506
-9.598417  -23.257843  36.584496
3.665606  5.682984  -2.211070
18.749498  35.145161  -35.411133
35.290070  65.027702  -64.135834
52.996750  95.249786  -89.281250
71.637062  125.746719  -111.564224
91.024986  156.466690  -131.558182
111.011681  187.368179  -149.721802
131.478027  218.417908  -166.421982
152.328674  249.589157  -181.952148
5.126163  6.214078  -2.306406
-108.157227  -182.148819  139.238754
-194.304733  -326.499084  250.302704
-258.742920  -435.636230  336.980835
-305.812866  -516.599670  404.149323
2.815999  5.873544  -2.108299
254.201324  430.205048  -329.290588
5.028183  6.941600  -0.908943
-189.826569  -325.309753  259.618164
-341.225800  -584.748047  465.860535
-457.859619  -785.932373  628.673828
-546.679993  -940.509583  756.742310
-613.248230  -1057.796875  857.013123
4.389052  6.153822  1.652380
3.897089  6.157118  -3.033278
7.996271  12.547983  -8.972121
15.769941  24.053513  -15.915652
26.484768  39.655365  -23.665066
39.554073  58.538853  -32.061306
54.508495  80.052193  -40.977112
70.972519  103.673920  -50.310658
88.645706  128.986832  -59.980457
107.287666  155.657089  -69.921295
126.706047  183.417572  -80.080971
146.746918  212.054489  -90.417694
167.287064  241.396713  -100.897995
188.227844  271.307251  -111.495049
209.490280  301.676422  -122.187355
231.011093  332.416351  -132.957657
252.739578  363.456573  -143.792099
274.635071  394.740601  -154.679550
296.664917  426.223053  -165.611023
3.910654  6.120395  -2.949752
-225.777969  -323.500000  124.954605
4.985133  6.575712  -0.584031
194.111816  277.104645  -103.242767
349.929962  499.999329  -187.599136
479.101776  684.789612  -257.315094
4.343593  6.470491  -1.190685
-370.944946  -529.704590  201.475189
-666.657288  -952.161499  361.372772
-898.707947  -1283.640503  487.054077
-1079.828125  -1542.333374  585.360596
-1220.202393  -1742.792847  661.765259
-1327.978027  -1896.660400  720.646118
4.439591  5.962342  -2.059238
4.476229  6.526747  -2.436195
9.036721  13.495581  -4.988183
17.218781  25.593782  -9.282743
28.300564  41.801285  -14.973895
5.226272  6.744813  -2.443197
-8.692106  -14.759852  5.320797
-15.283298  -25.417294  9.268902
-16.010281  -27.391171  10.161768
-12.043436  -22.412411  8.607915
-4.319066  -11.865753  5.094158
6.413787  3.141009  0.009950
19.555882  21.721634  -6.333145
34.627815  43.167110  -13.685869
51.246048  66.910210  -21.848810
69.103729  92.497116  -30.662426
87.955345  119.564735  -39.999069
107.604439  147.822525  -49.756599
3.869573  6.529518  -2.370746
-74.545906  -99.890060  33.244820
-132.703552  -178.405319  59.441700
5.288938  6.069616  -2.313495
120.262375  160.281189  -54.018162
4.783737  6.010965  -2.254717
-83.015099  -110.762428  36.850632
3.720022  6.254050  -2.332352
77.696861  106.521172  -35.989059
141.469360  193.394333  -65.227180
4.255979  6.264737  -2.396157
-100.919189  -136.768539  45.551086
-180.461517  -244.519257  81.588882
-239.495224  -324.038361  108.096672
-282.119598  -380.966461  126.977959
4.369272  6.623663  -2.327617
238.167999  323.394592  -108.102066
429.817017  583.515869  -195.054092
4.412890  6.127964  -2.447244
-331.295746  -449.066803  149.300903
-595.245605  -806.501404  268.359619
-801.785767  -1085.721924  361.264221
-962.395203  -1302.364746  433.242798
4.337280  6.581586  -2.344681
782.352417  1060.485718  -353.165466
1409.396606  1910.362549  -636.175537
1915.666504  2597.023193  -864.939514
2325.318359  3153.115479  -1050.308594
5.264517  6.175179  -2.438216
3.781522  6.934736  -2.396002
7.233732  14.316544  -4.725485
14.634856  26.999527  -8.954029
25.195854  43.926811  -14.703521
3.382512  6.772778  -2.469215
-9.426600  -16.162865  4.948192
-15.031593  -27.720455  8.510391
-14.872557  -30.172260  8.986733
-10.101553  -25.347618  6.994940
-1.640233  -14.686921  3.024705
4.684945  6.526794  -2.462116
4.771245  6.677116  -2.496331
4.653307  6.531065  -2.487535
9.206431  13.228611  -4.864047
5.357427  6.616213  -2.471761
6.927155  8.147342  -2.944837
12.832594  16.196609  -5.711875
22.207317  29.463699  -10.315754
34.358177  46.908337  -16.390766
4.421555  6.529109  -2.430963
-14.875278  -18.936764  6.341658
4.801407  6.393985  -2.525356
25.196606  33.502621  -12.017489
4.783128  6.980103  -2.455970
-6.892444  -7.387389  2.791437
3.967593  6.818065  -2.451648
17.312189  25.039419  -9.051202
32.645100  46.476711  -16.737562
49.569317  70.489944  -25.294991
4.871715  6.889499  -2.476102
-26.227209  -37.121120  13.367443
-46.446548  -65.456711  23.629097
-57.961563  -81.249084  29.423620
-62.512440  -87.003662  31.642807
3.935945  6.029222  -2.459017
61.757179  87.341324  -32.160183
112.677361  159.279999  -58.342442
158.077332  223.723053  -81.711166
4.237683  7.021719  -2.437377
-114.169067  -159.441101  58.555592
-204.228897  -285.709991  104.922318
4.106556  6.644929  -2.521441
175.441818  247.436600  -90.907318
317.177551  446.980743  -164.048477
435.234100  613.529785  -224.995361
534.347595  753.685425  -276.188263
5.029845  6.596099  -2.452966
4.188623  6.834485  -2.484610
8.184262  13.948751  -4.949272
4.012890  6.509353  -2.512787
5.344587  7.486096  -3.005558
4.035750  6.622240  -2.534471
7.657641  12.864098  -4.602162
15.224195  24.792854  -8.702171
4.597591  6.943707  -3.806816
5.023438  6.371728  -5.974605
10.033364  12.853643  -10.158556
18.710617  24.983669  -15.956716
30.321787  41.634464  -23.047514
44.280128  61.904137  -31.173683
60.116234  85.071136  -40.129395
77.454544  110.558197  -49.749969
4.108942  6.652775  -1.369428
-49.898167  -69.513779  34.876579
4.201222  6.590303  -1.744528
52.150066  74.435669  -33.502266
95.178429  135.676178  -61.370510
134.270325  191.634872  -86.128334
170.212921  243.370117  -108.398956
203.635880  291.728485  -128.680908
235.042847  337.387146  -147.372955
264.836639  380.887665  -164.794083
4.767841  6.642058  -0.461531
-198.619888  -285.777771  128.535172
-356.663147  -512.735352  229.262222
3.960600  6.930923  -3.723886
4.071921  6.810102  -3.062955
8.827092  13.696438  -5.004377
3.797930  6.690382  -2.949398
4.440179  8.072690  -3.780972
9.619284  16.167461  -6.922832
4.250503  6.851364  -2.807844
4.620231  6.390934  -1.994531
9.580486  13.014339  -3.819258
18.212877  25.309011  -7.759783
29.782682  42.142429  -13.393974
43.702118  62.608559  -20.384119
59.500931  85.982536  -28.460037
76.802902  111.684448  -37.405575
95.307014  139.250305  -47.047791
114.772423  168.308868  -57.248310
135.006409  198.563080  -67.896400
155.854752  229.775192  -78.903465
177.194000  261.754944  -90.198586
198.925308  294.350006  -101.724991
220.969543  327.438385  -113.437225
243.263306  360.922363  -125.298882
265.755798  394.723602  -137.280777
4.470946  6.907588  -2.734522
4.307165  5.927439  -2.482236
8.830597  12.159372  -4.774936
17.102783  24.161608  -9.104267
4.284043  6.470792  -2.472317
4.525202  6.312170  -2.489320
9.368494  13.203037  -5.000002
4.508264  6.961560  -2.496299
4.489356  6.764692  -2.527885
4.766730  6.565380  -2.492214
9.634868  13.425928  -4.963100
4.483414  6.812158  -2.508507
5.006413  8.543275  -3.045672
10.067932  16.950880  -5.976862
18.759224  30.700247  -10.823887
30.353279  48.723579  -17.204189
4.131925  6.422630  -2.603473
-12.206262  -20.393213  6.573209
-20.638968  -34.820427  11.410061
-22.748341  -39.336185  12.774443
-19.800089  -35.922211  11.360237
-12.806772  -26.163874  7.722548
4.208543  7.053462  -2.475099
22.453455  40.655659  -13.140770
5.035381  6.801832  -2.539418
4.373861  6.899093  -2.598767
8.474190  14.006927  -5.155617
16.382954  26.723774  -9.711067
27.337416  43.928371  -15.865993
4.839621  6.919358  -2.378274
-8.533279  -15.655687  5.900157
-14.607321  -26.683029  10.010568
-14.843327  -28.471676  10.785971
4.107817  6.712026  -2.003303
3.863902  6.626559  -2.452742
3.778511  6.578029  -2.491493
8.329234  13.574575  -5.037787
16.587797  26.207706  -9.590704
4.129875  6.930542  -2.652819
-1.220597  -1.454273  0.380446
-0.886167  -1.124701  0.289434
3.995127  6.176887  -2.301578
4.287108  6.653774  -2.628404
9.132322  14.074211  -5.409219
17.619059  27.049976  -10.153796
29.017941  44.470482  -16.469950
42.745461  65.447235  -24.043924
58.334789  89.269417  -32.624702
75.412445  115.368340  -42.011463
93.679611  143.289001  -52.043522
4.911145  6.879919  -2.633892
-61.500942  -95.205231  34.370159
-110.029091  -169.830902  61.449234
-144.251205  -222.488586  80.587799
-167.029541  -257.571411  93.373390
-180.653870  -278.593750  101.076004
-186.955902  -288.367035  104.711601
-187.400955  -289.140289  105.092903
3.455455  6.724970  -2.516763
160.735580  250.464325  -91.133080
4.927378  6.563207  -2.606734
5.160328  6.811168  -2.592257
9.939167  14.059090  -5.111242
18.353868  26.907764  -9.657736
5.238433  6.654500  -2.593400
-0.663995  -2.496229  0.525427
-0.796872  -2.764161  0.487182
3.685037  4.074912  -2.077386
11.857918  16.600353  -6.663673
22.982714  33.675644  -12.867996
36.468170  54.391552  -20.367401
51.841270  78.020668  -28.903515
68.723579  103.981033  -38.269630
86.812317  131.807037  -48.300362
105.865234  161.126144  -58.863380
125.688484  191.640259  -69.852798
4.206593  6.817585  -2.569063
-88.400085  -133.980820  48.717827
-157.907623  -239.559296  87.206673
-208.936798  -316.961243  115.456490
-245.184158  -371.821259  135.514435
-269.606842  -408.646851  149.018204
-284.570465  -431.043884  157.277863
4.962758  6.597441  -2.600995
241.162689  363.776245  -133.049026
434.695282  656.585999  -239.953125
594.093201  897.901306  -328.022766
726.182251  1098.021484  -401.025360
836.422913  1265.185547  -461.974670
929.183105  1405.984131  -513.281555
1007.956909  1525.689331  -556.874512
2.896046  7.582359  -2.610682
-796.591736  -1199.840088  438.253387
-1431.623169  -2158.716064  788.397644
5.706788  6.044224  -2.576781
1160.126343  1744.913330  -637.903687
2088.215576  3143.068604  -1148.712524
2835.237549  4268.650391  -1559.906372
3437.401611  5176.168945  -1891.407104
3923.673828  5909.230957  -2159.151367
4317.225586  6502.719727  -2375.887695
4.347232  6.153026  -3.165904
-3441.437744  -5184.082520  1892.477173
-6193.554688  -9329.261719  3406.460205
-8390.741211  -12638.400391  4615.116211
-10143.985352  -15278.706055  5579.510254
-11542.073242  -17383.939453  6348.492188
-12656.028320  -19061.103516  6961.139160
5.281093  7.261479  -3.550242
10138.866211  15269.015625  -5577.854492
3.369240  6.627296  -2.258199
3.851979  6.870527  -2.442844
8.800585  14.170197  -5.160269
17.329952  27.129131  -9.909437
3.798835  6.714115  -2.527974
4.212331  6.827940  -2.615942
9.137743  14.080431  -5.278058
4.278670  7.120017  -2.636093
5.002067  8.741184  -3.125237
4.950322  6.892242  -2.618207
9.535582  12.630591  -4.826249
3.866808  7.016644  -2.608748
3.974409  9.770926  -3.459337
8.711074  19.233730  -6.769847
4.485593  7.121063  -2.659551
5.771698  4.718139  -2.012237
11.475010  10.085342  -4.137625
20.720009  21.694080  -8.489714
4.556104  7.199852  -1.667488
-3.676859  2.947131  1.127688
-5.557174  6.901437  0.695818
-2.347484  17.435167  -2.323090
4.942091  33.246220  -7.417020
15.503444  53.292885  -14.176355
28.690075  76.741760  -22.273390
43.984764  102.926079  -31.445944
4.346844  6.921683  -0.371441
5.497143  7.417937  -4.187519
11.186182  15.280994  -9.951321
20.513996  29.051069  -17.278624
32.760597  47.560307  -25.862038
47.349972  69.874390  -35.455631
4.003363  7.487242  -3.934276
-25.866392  -34.888832  18.545395
5.740663  7.296051  -2.819737
35.849251  48.604504  -22.659786
5.307061  7.643279  -2.820298
4.479879  7.228255  -2.752307
8.664104  14.496990  -5.461593
3.928341  7.189203  -2.800683
5.000999  8.970444  -3.446089
4.847284  7.266283  -2.854590
4.551232  7.444546  -2.848439
9.198533  15.254578  -5.633286
4.887686  7.744158  -2.813303
6.338353  9.429791  -3.357475
12.405817  18.485516  -6.598158
4.590535  7.429323  -2.865714
3.260378  6.318027  -2.695454
4.477559  7.520934  -2.917191
10.388474  16.243294  -5.920600
20.061909  30.994375  -11.154499
32.752880  50.581570  -18.177931
4.634695  7.349884  -2.826810
-12.892637  -19.422939  6.607516
-21.939798  -33.015591  11.303284
-24.195333  -36.051022  12.203083
-21.010077  -30.627590  10.060985
-13.464693  -18.423988  5.480248
5.108073  7.675931  -2.948677
24.978430  36.446861  -12.569103
45.894321  67.367638  -23.147831
4.859574  7.696149  -2.900268
-22.933748  -32.111027  10.405223
-40.126495  -56.013760  18.151976
4.426540  7.353916  -2.969828
45.125740  66.017021  -22.775066
4.826812  8.149006  -2.978785
-22.340752  -30.150576  9.940324
-38.995831  -52.782490  17.352638
4.839329  8.050434  -2.979097
45.001228  64.750359  -22.177565
4.832741  7.560883  -2.950001
-22.193539  -30.131372  9.488900
-38.698681  -52.212990  16.491838
-46.779541  -61.793228  19.140974
-48.113594  -61.359489  18.302034
4.982713  7.748362  -3.036673
52.605167  71.158318  -23.075951
95.855896  130.022781  -42.080704
135.616547  185.263611  -60.262825
172.592377  237.618210  -77.791801
207.347534  287.676392  -94.803192
240.333237  335.909882  -111.405403
4.171006  7.820913  -3.000735
-179.563202  -246.438660  80.720215
-321.347931  -441.622314  144.689316
5.604970  8.246416  -3.104766
272.384216  376.390381  -124.357491
491.031525  679.166809  -224.381973
671.180054  929.661255  -307.428619
820.536194  1138.341797  -376.897644
945.264648  1313.582520  -435.509033
1050.296753  1462.082031  -485.438599
1139.577148  1589.198608  -528.426819
1216.261230  1699.218384  -565.865845
1282.872803  1795.569580  -598.869202
1341.430298  1880.993896  -628.327515
1393.547852  1957.684082  -654.952942
1440.516479  2027.393555  -679.314941
1483.368286  2091.524170  -701.868896
1522.928345  2151.196533  -722.978699
6.026856  8.526257  -3.162687
-1202.213257  -1697.233398  569.619202
-2163.522461  -3053.459961  1024.771484
-2927.284424  -4130.054199  1385.817383
-3533.004883  -4982.934570  1671.574829
2.259374  7.166190  -2.945930
2835.769043  4007.659912  -1345.649292
5107.879395  7216.475098  -2422.902100
6930.871582  9791.953125  -3287.796631
8394.568359  11860.762695  -3982.805664
9570.824219  13524.233398  -4541.906250
10517.119141  14863.423828  -4992.277344
11279.433594  15943.174805  -5355.660645
5.050732  7.780564  -3.034304
-9009.208984  -12732.175781  4275.992188
-16215.382812  -22915.794922  7696.143066
-21975.093750  -31054.353516  10429.194336
-26577.632812  -37556.855469  12612.563477
-30254.419922  -42750.488281  14356.179688
-33190.582031  -46896.992188  15747.979492
-35534.203125  -50205.738281  16858.308594
-37403.742188  -52844.199219  17743.435547
-38893.949219  -54946.339844  18448.367188
-40080.605469  -56619.300781  19009.101562
-41024.324219  -57948.781250  19454.431641
-41773.582031  -59003.316406  19807.380859
5.691001  9.322979  -3.507811
33435.078125  47228.851562  -15855.656250
5.677281  8.729075  -3.453525
-26731.634766  -37757.613281  12674.755859
-48115.148438  -67960.750000  22813.708984
6.082487  9.728655  -3.656823
38509.687500  54396.457031  -18261.300781
69319.320312  97916.367188  -32871.230469
5.865855  10.110114  -3.873177
-55437.929688  -78304.062500  26286.091797
-99785.875000  -140944.390625  47314.078125
-135256.968750  -191045.390625  64132.406250
-163626.359375  -231114.609375  77582.898438
-186314.109375  -263158.031250  88338.976562
-204456.187500  -288780.312500  96939.359375
-218961.281250  -309265.031250  103814.976562
8.656618  13.445998  -4.945892
175194.171875  247450.750000  -83066.046875
315352.593750  445415.718750  -149520.312500
427489.656250  603803.250000  -202689.250000
517209.781250  730529.062500  -245230.000000
588996.250000  831925.437500  -279268.156250
646435.562500  913057.875000  -306504.125000
692396.562500  977978.375000  -328298.062500
729174.125000  1029928.187500  -345738.000000
8.088878  12.171247  -4.363254
-583318.125000  -823910.125000  276578.718750
-1049973.250000  -1483038.625000  497841.750000
-1423291.875000  -2010332.750000  674848.937500
-1721941.125000  -2432159.000000  816451.375000
-1960854.000000  -2769609.750000  929729.625000
-2151976.250000  -3039557.750000  1020347.812500
-2304863.500000  -3255500.500000  1092836.750000
13.008052  19.306648  -7.182529
1843931.000000  2604459.750000  -874290.875000
3319084.750000  4688040.000000  -1573727.500000
4499228.000000  6354933.500000  -2133287.000000
5443362.500000  7688477.500000  -2580944.500000
17.426872  26.005720  -8.985734
-4354643.000000  -6150712.500000  2064731.375000
-7838356.500000  -11071282.000000  3716516.000000
-10625310.000000  -15007713.000000  5037935.000000
-12854849.000000  -18156824.000000  6095058.000000
33.749668  48.835720  -16.889986
10283985.000000  14525611.000000  -4876099.000000
18511196.000000  26146132.000000  -8776990.000000
52.501579  75.373619  -25.755814
-14808808.000000  -20916692.000000  7021519.000000
-26655834.000000  -37650020.000000  12638725.000000
-36133376.000000  -51036572.000000  17132452.000000
-43715300.000000  -61745660.000000  20727382.000000
-49780680.000000  -70312704.000000  23603250.000000
220.470352  312.909119  -105.429314
39825224.000000  56251128.000000  -18882928.000000
71685568.000000  101252248.000000  -33989344.000000
97174192.000000  137253648.000000  -46074644.000000
348.305756  492.999939  -165.709473
-77738376.000000  -109801544.000000  36859256.000000
348.827789  493.688599  -166.133423
62191692.000000  87842632.000000  -29487876.000000
111945112.000000  158116832.000000  -53078208.000000
151748128.000000  214336592.000000  -71950608.000000
183590720.000000  259312640.000000  -87048608.000000
209064784.000000  295293440.000000  -99127000.000000
-263.591583  -370.892883  124.160728
-167252800.000000  -236236144.000000  79302072.000000
-301055552.000000  -425225760.000000  142743968.000000
-408098528.000000  -576418560.000000  193497856.000000
-493733600.000000  -697373760.000000  234101280.000000
-562242048.000000  -794138496.000000  266584208.000000
-617048768.000000  -871550144.000000  292570528.000000
-660893312.000000  -933478336.000000  313359200.000000
-695967104.000000  -983018240.000000  329989280.000000
-724022976.000000  -1022645760.000000  343291872.000000
-746462976.000000  -1054341184.000000  353931744.000000
6449.378418  9110.416016  -3059.497314
597190272.000000  843500992.000000  -283154848.000000
1074947200.000000  1518308352.000000  -509680928.000000
1457163776.000000  2058169728.000000  -690906944.000000
1762948608.000000  2490075136.000000  -835893184.000000
2007587840.000000  2835615488.000000  -951887616.000000
2203309824.000000  3112062720.000000  -1044688128.000000
