-0.010253  0.001261  0.432688
0.008976  -0.030376  0.332282
-0.003020  -0.021386  0.167715
-0.008494  -0.042598  0.158432
0.038383  -0.038499  0.134014
0.006507  -0.030225  0.104802
-0.013521  -0.008898  0.084472
-0.092069  0.110930  0.417247
0.018617  -0.020751  1.298011
0.013979  -0.021239  1.140907
0.034355  -0.028725  0.918373
0.047467  -0.035472  0.736298
0.034044  -0.026486  0.592173
0.124358  0.080704  0.579189
0.024391  -0.029596  0.470126
-0.000324  -0.018447  0.240446
-0.003060  -0.017730  0.205117
-0.076739  0.139641  -0.169221
0.036830  -0.022135  -0.529156
0.025233  -0.033570  -0.419926
0.014075  -0.027073  -0.369104
0.002897  -0.020092  -0.294911
0.006798  -0.003518  -0.234215
0.002780  -0.013787  -0.188575
0.004545  -0.020675  -0.152008
0.008850  -0.012443  -0.122709
0.016860  -0.001250  -0.097281
0.125399  0.107886  0.024309
0.003215  -0.050043  0.343115
0.014808  -0.028066  0.322351
0.034909  -0.038377  0.243395
0.053069  -0.049380  0.196331
0.008572  -0.026567  0.154997
0.002744  0.004302  0.126002
-0.018213  -0.005487  0.102005
0.018385  0.008188  0.087188
-0.006801  -0.048280  0.069145
-0.098092  0.101996  0.760680
0.021734  -0.031691  2.287239
0.221285  -0.038584  3.617460
0.007456  -0.057349  1.837857
0.036488  -0.037478  0.955647
-0.006746  -0.015955  0.903199
0.017316  0.012351  0.749415
0.057044  -0.003577  0.604050
0.028608  -0.020822  0.487929
0.023057  -0.009532  0.393367
-0.037061  0.115817  -1.007437
0.036562  -0.026601  -3.178044
0.022415  -0.007429  -2.529778
0.025966  -0.011364  -2.000938
-0.006280  -0.028142  -1.762844
-0.023466  0.006792  -1.281363
0.068380  0.134782  -0.793563
-0.026063  0.010056  -1.023711
0.005253  0.004246  -0.554056
0.008553  -0.002982  -0.514430
-0.086361  0.140807  0.711761
-0.003213  -0.029631  2.035175
0.013866  -0.059095  1.794133
-0.017747  -0.032787  1.447094
0.008540  -0.026397  1.159131
0.027391  -0.042660  0.927993
0.013609  -0.029762  0.742702
-0.017983  -0.011831  0.595508
-0.016853  -0.009749  0.478373
0.090988  0.091970  0.494662
-0.000426  0.018785  0.382704
0.043954  -0.031643  -1.193526
0.038813  -0.026687  -1.126659
0.048618  -0.011638  -0.906136
0.029659  -0.001753  -0.792873
-0.012498  -0.031440  -0.575856
-0.018322  -0.012428  -0.458346
0.030403  -0.004517  -0.403936
0.018015  0.008295  -0.307118
-0.015458  0.002166  -0.256370
-0.093188  0.095346  0.206303
0.001789  -0.046258  0.724230
0.186259  -0.059496  1.244579
0.036769  -0.044319  0.435510
0.018924  -0.029960  0.357668
0.009552  -0.010995  0.298671
0.111445  0.104223  0.360014
0.004129  0.001535  0.264786
-0.001752  -0.019497  0.139681
0.012925  0.018726  0.114492
-0.057490  0.122672  -0.336242
0.017444  -0.034764  -1.116400
0.043697  -0.021599  -0.963646
0.024617  -0.035515  -0.732277
-0.016378  -0.016938  -0.644648
0.061274  0.098035  -0.468910
-0.008539  -0.012687  -0.312137
0.005847  -0.014462  -0.298049
0.010293  0.004596  -0.231190
0.020000  0.006777  -0.204058
-0.086163  0.079285  -0.021224
0.008341  -0.034859  -0.071575
0.017921  -0.002036  -0.061651
0.017851  -0.010825  -0.048645
0.011965  -0.041365  -0.040998
0.019018  -0.020412  -0.030664
-0.006103  0.009543  -0.025083
-0.002061  -0.012064  -0.017526
0.112682  0.071067  0.095424
0.005406  -0.018737  -0.016022
-0.059950  0.124449  -0.197523
-0.006283  -0.001056  -0.608192
-0.022802  0.016212  -0.535675
-0.001767  0.018603  -0.429320
0.015410  0.019618  -0.347630
0.023266  0.012867  -0.277765
0.031801  -0.001269  -0.221617
0.006166  -0.010580  -0.180780
-0.012337  0.004705  -0.142599
0.010714  -0.020875  -0.115050
0.141924  0.058709  0.014195
-0.082779  0.076161  0.530097
0.012494  -0.068206  1.421257
-0.003705  -0.021798  1.204322
0.026714  -0.083569  1.107530
0.028387  -0.053625  0.825463
0.022961  -0.046867  0.595446
0.028809  -0.011951  0.477733
0.011839  0.001805  0.420528
-0.010188  -0.017936  0.303353
-0.091024  0.088020  -0.078408
0.012676  -0.029835  -0.265757
0.018659  -0.032890  -0.203960
0.035675  -0.008260  -0.160260
0.164114  0.111611  -0.015722
0.004754  0.002576  -0.090668
-0.007306  0.016077  -0.040378
0.012510  -0.013177  -0.086840
-0.011048  0.007987  -0.050636
-0.007171  0.002162  -0.040644
-0.088082  0.117590  -0.712375
0.031473  -0.014495  -2.327487
0.038355  0.008217  -2.049351
0.052659  0.010467  -1.645805
0.008657  0.000445  -1.318640
-0.012611  0.017498  -1.062166
-0.013900  -0.026898  -0.805121
0.101293  0.037755  -0.493996
0.001401  -0.010997  -0.480986
-0.005795  0.010106  -0.377447
-0.117515  0.121641  0.445146
0.012435  -0.035266  1.489349
0.036503  -0.014434  1.152593
0.020072  0.004759  0.907062
0.006714  -0.003190  0.800750
0.017322  -0.011745  0.641523
0.000347  -0.005791  0.515746
0.012761  -0.025846  0.416236
-0.012261  0.001941  0.333538
0.023346  -0.005112  0.267005
0.169737  0.089293  0.323087
0.022856  -0.036712  0.133966
0.011436  -0.040977  0.125843
0.018760  -0.057538  0.097201
0.011523  -0.033219  0.085087
-0.011343  -0.028463  0.066013
0.016699  -0.014344  0.053194
0.003402  -0.031689  0.042370
-0.020018  -0.013291  0.033526
-0.016345  -0.007120  0.022124
-0.077162  0.093719  0.104027
0.034652  -0.044877  0.337413
0.243433  -0.055708  0.634545
-0.007087  -0.007277  0.175220
0.021037  -0.016645  0.165296
0.006526  -0.010387  0.133622
-0.012936  -0.004103  0.108109
0.030610  0.000136  0.083624
0.013788  -0.000973  0.069981
0.028605  -0.027118  0.052489
-0.108575  0.076066  0.647324
-0.097434  0.258659  1.234916
0.003980  -0.016832  1.804793
-0.005697  -0.035804  1.251093
0.013444  -0.007723  1.010466
0.150327  0.114924  0.934399
0.048113  -0.033673  0.510590
0.030050  0.016621  0.477108
0.028498  0.002885  0.393918
0.025559  -0.010786  0.297112
-0.077316  0.092517  0.102585
0.005615  -0.030744  0.329935
0.028447  -0.020549  0.275823
0.026622  -0.012197  0.218642
-0.005226  -0.021317  0.170023
-0.001879  -0.003745  0.148550
0.051115  -0.018677  0.117892
0.216629  0.069635  0.209956
0.016403  -0.025925  0.096268
-0.010233  0.026562  0.050383
-0.054890  0.114844  -0.832069
0.038439  -0.022866  -2.546242
0.013096  -0.018655  -1.957077
0.018267  -0.002107  -1.671553
0.027562  -0.003562  -1.260231
-0.017417  -0.010471  -0.992562
-0.017301  0.009918  -0.871473
-0.044214  0.032317  -0.700303
-0.004620  0.038194  -0.561407
-0.017193  0.015405  -0.451918
0.097458  0.097475  -0.250484
-0.105418  0.102391  0.507055
0.033259  -0.051460  1.427343
0.014837  -0.026303  1.219424
0.039589  -0.018557  0.965621
0.017890  -0.036289  0.775189
0.023713  -0.036003  0.618322
0.008625  -0.058066  0.544334
0.010847  -0.040030  0.430005
-0.017080  -0.008476  0.345811
-0.058867  0.146258  -0.477615
0.070363  -0.040048  -1.716233
0.050544  -0.012668  -1.422695
0.161522  0.109277  -1.077124
0.002717  -0.011776  -0.663382
-0.027878  -0.032889  -0.629333
-0.006198  0.001898  -0.551569
-0.009770  0.021597  -0.446179
-0.025057  -0.013794  -0.325473
-0.009758  -0.021725  -0.262361
-0.101558  0.103555  0.161132
-0.026198  -0.029625  0.476990
0.013938  -0.046927  0.383371
0.000688  -0.020245  0.290630
-0.015768  0.002515  0.228550
-0.019697  -0.003111  0.200545
0.105319  0.092492  0.292386
0.009308  0.007212  0.091057
-0.007083  -0.007056  0.088436
0.011259  -0.014557  0.078542
-0.058450  0.098352  -0.380378
0.026332  -0.055846  -1.138202
0.030983  -0.060388  -1.006789
0.051088  0.005615  -0.811358
0.023845  -0.004194  -0.655753
-0.003333  0.008418  -0.528229
-0.006233  -0.013612  -0.423377
-0.021426  -0.023479  -0.339833
0.011517  -0.008474  -0.274051
0.167467  0.103951  -0.108405
-0.015458  -0.027000  -0.216320
0.009459  -0.028213  0.277560
0.016168  -0.019015  0.243865
0.036348  0.015601  0.203254
0.031550  -0.005113  0.159035
0.031223  -0.029078  0.128677
0.011439  0.009431  0.105003
0.006305  0.005244  0.084208
0.019439  0.008916  0.068380
-0.010374  0.010028  0.052970
-0.083090  0.111262  0.036326
0.035201  -0.053023  0.115306
0.261113  -0.084129  0.294695
0.033426  0.000525  0.072090
0.025917  0.024066  0.064812
-0.002866  -0.036864  0.061052
-0.017837  -0.014425  0.039952
-0.009538  -0.003439  0.029307
0.008437  0.009237  0.026314
0.016290  -0.000441  0.021276
-0.084382  0.098155  0.748859
-0.014521  -0.050861  2.418631
0.019816  -0.053273  1.837811
0.011176  -0.019569  1.483166
-0.010847  -0.007871  1.181289
0.104598  0.101517  1.061742
0.011544  -0.011019  0.948446
0.016943  -0.023075  0.539138
-0.006555  -0.002581  0.461375
0.001571  -0.009585  0.406327
-0.028862  0.123084  -0.753966
0.052349  -0.019480  -2.368575
0.033196  -0.023098  -1.903510
0.028123  -0.018997  -1.528852
0.013790  0.022348  -1.224982
0.024787  0.010441  -1.023109
-0.007933  -0.010092  -0.844202
-0.018778  0.005791  -0.679645
0.106680  0.118524  -0.436679
0.006806  0.026308  -0.542313
-0.079576  0.092640  0.085620
0.015422  -0.053713  0.277798
0.018028  -0.022666  0.224674
-0.021902  0.005759  0.175034
-0.023073  -0.017700  0.154624
-0.008305  -0.012089  0.123946
-0.010657  -0.011214  0.095765
0.004142  -0.008209  0.079984
0.004253  -0.013489  0.054381
0.004009  -0.007141  0.049012
-0.077669  0.128094  -0.163081
-0.007618  0.336471  -0.219890
0.034310  0.009028  -0.497494
0.011513  0.002007  -0.255439
-0.007169  -0.006833  -0.220106
-0.018809  -0.018407  -0.183756
0.013627  0.008244  -0.147632
0.011294  -0.020712  -0.118512
0.028127  -0.026043  -0.094553
0.015970  -0.028550  -0.082817
-0.085357  0.085800  0.331759
-0.016519  -0.044967  1.098189
-0.010791  -0.035011  0.884744
0.013376  -0.041608  0.708953
0.169391  0.053146  0.681677
0.020749  -0.005819  0.401591
0.023339  -0.010493  0.313597
-0.005941  -0.010305  0.269203
-0.012726  -0.022772  0.237238
0.016741  0.010896  0.178150
-0.048890  0.114461  -0.053241
0.020421  -0.025552  -0.158367
0.025873  -0.026079  -0.139262
0.033681  -0.027478  -0.111841
0.046611  -0.030366  -0.091381
0.024477  0.003694  -0.070996
-0.023351  -0.008287  -0.058624
0.076513  0.082138  0.063490
0.007897  -0.008617  -0.031089
0.091651  0.019261  0.006097
-0.083564  0.087298  -0.430939
0.038477  -0.042962  -1.279163
0.019554  -0.054295  -1.025196
0.144137  0.036646  -0.713428
0.019866  -0.000211  -0.825905
0.060816  0.070785  -0.805671
0.234142  0.228410  -0.679168
-0.002679  -0.015377  -0.504595
0.011396  -0.004478  -0.192860
0.007584  -0.008742  -0.170239
0.146030  0.089515  -0.039681
-0.098326  0.099247  0.986819
0.004254  -0.074494  2.794574
0.049556  -0.070419  2.138839
0.043076  -0.057220  2.001306
0.005367  -0.041163  1.534335
0.018239  -0.035352  1.204803
0.047911  -0.071903  1.058970
0.032266  -0.039065  0.848375
0.027722  -0.004636  0.681919
-0.050494  0.103268  -0.775383
0.052289  -0.035646  -2.163798
0.060569  -0.010797  -1.650056
0.210817  0.109644  -1.127694
0.029543  -0.010337  -1.306965
-0.002515  -0.005140  -0.750660
-0.029644  -0.010754  -0.673911
-0.033240  0.033643  -0.560794
-0.015217  0.015322  -0.406560
0.012663  -0.013669  -0.358525
-0.076801  0.087763  0.109037
0.003040  -0.023428  0.354577
0.027907  -0.017664  0.284523
0.044137  0.005027  0.227465
-0.013575  0.013530  0.183840
0.002183  -0.006249  0.138479
0.160070  0.078367  0.217576
-0.007385  0.000831  0.077612
-0.006725  -0.026005  0.071527
-0.009952  -0.036784  0.052812
-0.051688  0.115850  0.000353
0.018176  -0.020673  0.002980
0.007248  -0.039841  0.001134
-0.010519  -0.035892  0.000135
0.007390  -0.004145  0.001539
0.031289  0.001586  -0.000866
0.013560  -0.034786  -0.000476
-0.013989  0.020668  0.000813
0.018726  0.007427  -0.000347
0.191594  0.097001  0.114428
0.028968  -0.018000  0.002298
0.019664  -0.008468  0.207316
0.019672  -0.020524  0.176543
0.006339  -0.032533  0.156070
0.009024  0.015185  0.120067
0.000036  -0.010228  0.089739
-0.026579  0.000845  0.070156
-0.009995  -0.014094  0.056236
0.006580  -0.020219  0.047669
-0.017110  0.010991  0.037086
-0.053559  0.128827  -0.855973
0.046269  0.003111  -2.816552
0.274366  0.002702  -4.278435
0.012196  0.005596  -1.574847
-0.019610  0.009609  -1.226890
-0.017714  -0.005126  -1.143188
-0.040025  0.043320  -0.874676
0.012104  0.024946  -0.695447
0.203508  0.110238  -0.451898
0.002425  -0.026840  -0.609686
-0.079549  0.116251  1.094227
-0.005063  -0.002864  3.574951
-0.024862  -0.041516  2.706841
-0.016409  -0.050208  2.177459
-0.000096  -0.029849  1.753531
0.004778  -0.025980  1.407764
-0.000228  -0.019562  1.062712
0.015463  -0.025854  0.819956
0.059220  -0.002003  0.764043
0.017236  -0.015026  0.614657
-0.067116  0.096691  0.163747
0.008130  -0.013589  0.518068
0.005633  -0.032227  0.451861
0.017901  -0.027583  0.363482
0.013922  -0.022587  0.294223
0.011818  -0.034413  0.232263
0.023704  -0.010156  0.187012
0.007330  -0.001086  0.149453
0.146187  0.106275  0.225494
0.008777  -0.039650  0.118156
-0.060792  0.103580  -0.459197
0.026428  -0.004880  -1.439708
0.020895  0.006085  -1.254156
0.005143  -0.000237  -1.001257
-0.003882  0.026221  -0.805412
0.006042  -0.002566  -0.646469
0.003835  0.022487  -0.516892
0.056443  -0.044653  -0.419949
0.026523  0.010353  -0.328064
-0.011189  0.078737  -0.268268
0.112033  0.233388  -0.117567
0.364647  0.457865  0.106647
0.126423  0.188832  6.294607
-0.102092  -0.327687  16.804432
-0.120617  -0.497818  14.926478
0.019841  -0.532011  13.528836
0.288173  -0.457651  12.509496
0.660130  -0.296137  11.792822
1.116807  -0.064108  11.318251
1.643487  0.225463  11.037382
2.228944  0.562593  10.911492
2.864182  0.939360  10.909595
3.542590  1.349822  11.006843
4.259095  1.789399  11.183866
5.009507  2.254375  11.425502
-0.614922  -0.095567  5.224757
-4.933499  -1.859871  0.365271
-8.207335  -3.155275  -3.421518
-10.645320  -4.075168  -6.350210
-12.414624  -4.694651  -8.592484
-13.648925  -5.073409  -10.285680
-14.455153  -5.259175  -11.539665
-14.918841  -5.290103  -12.442329
-15.108418  -5.196748  -13.063979
1.091614  -0.107051  0.134342
14.310665  4.107206  10.856628
-0.889576  0.071597  0.073207
-12.749739  -2.992670  -8.333855
0.041904  -0.300188  -0.028719
10.575304  2.030578  6.874735
19.302135  4.083251  12.691210
26.583725  5.923719  17.642735
-0.049311  -0.062753  1.950334
-21.055593  -4.644598  -10.305057
-37.560455  -8.102736  -19.810888
-50.464149  -10.662183  -27.116831
-60.486862  -12.502954  -32.662601
0.703671  1.188386  3.539983
-0.756880  -1.053355  0.228092
-1.624870  -2.567733  -2.122224
-2.018741  -3.500200  -3.703296
-2.033143  -3.966932  -4.669277
-1.743768  -4.060895  -5.143485
-0.725638  -0.423666  0.125590
0.390135  2.785282  4.638658
1.584095  5.654026  8.546904
2.840806  8.250920  11.970851
4.147929  10.630672  15.007171
5.495451  12.836721  17.733358
6.875359  14.903820  20.211405
8.281240  16.859760  22.490894
9.707960  18.726770  24.611485
11.151410  20.522627  26.604893
12.608433  22.261877  28.496483
14.076490  23.956146  30.306534
15.553551  25.614725  32.051258
-1.453290  0.565530  0.037242
-14.756072  -19.170755  -25.277498
-25.095093  -34.656116  -45.232914
-33.063053  -46.740765  -60.900948
-39.134098  -56.104851  -73.139122
-43.687531  -63.292469  -82.633446
-47.026775  -68.738876  -89.932678
-49.394039  -72.791580  -95.475800
-50.983585  -75.729225  -99.613945
-51.950802  -77.774696  -102.627998
-52.419525  -79.105659  -104.742615
3.973665  -1.758361  -4.094549
49.394169  60.425930  76.720909
-4.501438  1.279909  -2.271941
-47.311607  -45.730122  -65.168861
-81.253227  -83.031181  -115.188835
-4.833950  0.999374  -1.309525
56.608433  68.531204  90.091949
106.069504  122.864235  163.511353
0.642990  -0.632136  -0.376316
-83.390717  -99.121376  -131.187912
-150.309967  -177.604736  -235.538452
-203.537384  -240.083282  -318.719727
-245.811005  -289.757660  -384.965149
-279.321167  -329.188232  -437.661316
-305.820007  -360.423157  -479.517334
-326.709076  -385.101013  -512.700134
-343.109528  -404.532501  -538.943176
-355.918182  -419.765869  -559.633057
-365.852325  -431.639526  -575.878784
-373.485657  -440.824036  -588.567444
-379.276947  -447.855835  -598.408325
-383.593048  -453.163910  -605.968506
-386.727356  -457.091095  -611.701721
-388.914429  -459.911652  -615.970459
-390.341736  -461.844818  -619.064514
-391.159119  -463.065643  -621.215637
-0.108084  1.225626  -0.486727
313.061859  372.989258  496.427246
-1.728666  -3.747253  1.307126
-253.227432  -304.800934  -394.451630
-454.090546  -545.305908  -710.717712
-614.442688  -737.369141  -963.385925
-742.383423  -890.675842  -1165.171753
-844.392090  -1012.974121  -1326.247070
-925.651794  -1110.461670  -1454.748901
-990.308655  -1188.096558  -1557.186157
-1041.679321  -1249.844849  -1638.765381
-1082.416504  -1298.878540  -1703.651489
-1114.642090  -1337.734863  -1755.175415
-1140.053101  -1368.443115  -1796.001343
-1.831832  -1.443373  0.597329
909.125977  1092.546509  1438.286987
1638.278320  1968.134644  2588.857910
3.977926  1.876376  -0.986175
-1303.066528  -1570.723267  -2072.426758
-2348.301025  -2828.389648  -3729.136475
-3184.081299  -3834.102539  -5054.051270
-3852.290771  -4638.243652  -6113.518555
-4386.434570  -5281.117676  -6960.613281
-4813.314941  -5794.965820  -7637.792480
-5154.372559  -6205.578613  -8179.018555
-5426.757324  -6533.586426  -8611.458984
-5644.187012  -6795.490234  -8956.844727
-5817.633789  -7004.487793  -9232.556641
-5955.872559  -7171.135254  -9452.495117
-6065.921387  -7303.874512  -9627.778320
-6153.392578  -7409.456055  -9767.295898
-6222.773438  -7493.277832  -9878.157227
-6277.651855  -7559.654785  -9966.044922
-6320.894531  -7612.036133  -10035.500000
-6354.792969  -7653.178223  -10090.152344
-6381.177734  -7685.282715  -10132.901367
-6401.511230  -7710.108887  -10166.063477
-6416.959961  -7729.060547  -10191.487305
-6428.455566  -7743.257812  -10210.648438
-6436.740723  -7753.593750  -10224.724609
-6442.406738  -7760.779785  -10234.652344
-6445.924805  -7765.382324  -10241.176758
-6447.668945  -7767.851562  -10244.890625
-6447.936035  -7768.544434  -10246.262695
-6446.960938  -7767.743164  -10245.666016
-6444.928711  -7765.670410  -10243.394531
-6441.985352  -7762.501953  -10239.678711
-6438.245605  -7758.375488  -10234.700195
-6433.797852  -7753.397461  -10228.599609
-6428.710938  -7747.650391  -10221.484375
-6423.037109  -7741.197266  -10213.438477
-6416.815918  -7734.085938  -10204.524414
3.196950  2.338218  1.716331
5141.048828  6193.618652  8169.441895
9253.250000  11148.876953  14706.478516
12545.003906  15115.407227  19939.082031
15180.469727  18291.039062  24128.246094
17290.966797  20834.029297  27482.759766
18981.546875  22870.972656  30169.642578
20336.242188  24503.136719  32322.496094
-4.914350  -0.148431  4.156857
4.808849  4.273601  1.698084
14.943274  10.572749  3.264297
25.447472  18.422321  8.123137
36.288239  27.560896  15.683984
47.438946  37.779568  25.470861
58.878235  48.911144  37.102921
70.588951  60.821812  50.275417
82.557335  73.404190  64.744720
94.772293  86.572327  80.315819
107.224892  100.257355  96.832649
119.907898  114.404129  114.170227
132.815445  128.968430  132.228485
145.942734  143.915039  150.927017
159.285843  159.215424  170.201630
172.841522  174.846909  190.000595
186.607101  190.790970  210.282669
200.580307  207.032944  231.014450
214.759201  223.560959  252.169052
229.142120  240.365402  273.724854
243.727600  257.438324  295.664551
258.514374  274.773285  317.974182
273.501221  292.365082  340.642181
288.687073  310.209320  363.659058
304.070953  328.302338  387.017273
319.651886  346.641052  410.710358
335.428925  365.222809  434.732880
351.401184  384.045319  459.080536
367.567719  403.106537  483.749634
383.927643  422.404602  508.736786
400.480042  441.937836  534.039001
417.223969  461.704712  559.653625
434.158539  481.703766  585.578430
451.282806  501.933563  611.811462
468.595764  522.392822  638.350769
486.096436  543.080139  665.194458
503.783844  563.994202  692.340820
521.656860  585.133667  719.787842
539.714417  606.497192  747.533569
4.642401  4.674098  7.412463
-419.584137  -472.244598  -578.781250
-755.098328  -849.196106  -1041.775024
-1019.606445  -1146.130005  -1406.150391
-1227.273071  -1379.005493  -1691.572144
-1389.429565  -1560.589478  -1913.771606
-1515.140503  -1701.094849  -2085.333008
-1611.656860  -1808.691284  -2216.322998
-1684.778931  -1889.913818  -2314.794189
-1739.146240  -1949.989868  -2387.187500
-1778.469727  -1993.100586  -2438.655029
-1805.717529  -2022.590210  -2473.317627
-1823.263428  -2041.133423  -2494.470947
-1833.005981  -2050.869141  -2504.750732
-4.294126  3.927047  -1.066598
14.847494  6.967855  10.339390
34.583981  14.651649  26.307646
54.838936  26.100807  45.994190
75.551186  40.613186  68.723610
96.671722  57.627003  93.955505
12.686076  7.213833  11.278328
-49.867065  -27.611244  -47.680206
-95.231819  -49.914829  -87.597618
-126.803490  -62.150227  -112.215965
-147.298294  -66.280075  -124.528954
-158.889206  -63.874542  -126.931534
-163.314697  -56.190086  -121.339226
5.943703  4.646717  6.971030
146.282425  59.177631  117.266174
263.527618  108.714317  213.215576
362.340057  154.306000  297.754608
446.448151  196.791962  373.231384
518.834412  236.843399  441.524261
581.884583  274.997253  504.135651
637.507080  311.682800  562.267212
687.228271  347.243439  616.880005
4.690133  6.078712  8.043742
-536.035889  -260.542114  -470.787933
-963.271484  -467.478241  -845.551025
-1299.673584  -626.617004  -1136.994263
-1563.367432  -747.468140  -1361.715698
3.687196  5.842599  7.928523
1262.842773  615.050598  1112.208984
2275.720459  1109.026245  2004.263916
3091.616455  1510.864868  2726.603516
3749.966064  1839.042480  3313.234131
4282.316406  2108.339111  3791.359619
4713.903809  2330.577881  4182.741699
5064.915039  2515.216553  4504.788086
5351.497559  2669.820068  4771.423340
6.319461  5.932350  8.806539
-4263.988770  -2118.196777  -3792.177734
-7674.369141  -3810.474121  -6823.799316
-10396.772461  -5157.224121  -9239.872070
6.901881  8.964403  8.597881
8335.819336  4149.082031  7416.722656
15004.964844  7468.389648  13352.629883
20346.320312  10131.091797  18110.816406
24625.464844  12268.549805  21926.873047
28054.853516  13985.846680  24989.265625
30804.437500  15367.042969  27448.753906
33010.167969  16479.382812  29425.935547
34780.789062  17376.652344  31017.279297
36203.285156  18101.876953  32299.945312
37347.226562  18689.466797  33335.652344
38268.257812  19166.943359  34173.761719
4.877014  7.168392  9.220043
7.289582  7.778724  9.097892
6.547327  7.479353  8.889379
11.505739  14.595669  18.084229
20.942633  27.631929  34.757019
33.880318  45.391541  57.366756
49.536705  66.917221  84.680771
67.286171  91.443130  115.712929
86.628265  118.356567  149.674210
107.162666  147.167328  185.933502
4.864934  6.688277  8.355243
-72.075974  -98.440384  -124.707916
-128.813019  -175.301392  -222.204300
-169.468430  -229.560883  -291.292450
-197.339874  -265.751678  -337.699036
-215.065323  -287.499908  -366.005157
-224.755005  -297.706329  -379.875580
-228.096939  -298.691437  -382.241943
-226.441391  -292.311493  -375.449371
3.309994  7.521109  8.833478
191.279160  254.531708  324.856873
345.742096  459.272919  586.228210
473.319489  630.186462  803.833557
579.307739  774.025452  986.381409
5.061473  5.899462  7.630486
-450.570557  -601.518127  -766.996704
-811.391663  -1080.381348  -1378.369385
2.667836  7.277246  7.977994
657.439697  884.450623  1125.296753
1184.701172  1593.223511  2027.348022
1609.873657  2167.262939  2757.140137
3.111073  6.687984  8.059183
-1279.097656  -1714.777954  -2183.146484
-2301.743896  -3084.969727  -3928.096680
-3116.819580  -4174.153809  -5316.085938
-3765.916992  -5038.541992  -6418.548340
-4282.308594  -5723.102051  -7292.627441
-4692.610352  -6263.805176  -7984.036133
-5018.112793  -6689.426270  -8529.341797
-5275.847168  -7022.982422  -8957.793945
-5479.436035  -7282.884277  -9292.789062
2.958659  6.332381  7.301348
4391.338379  5844.657227  7455.094238
7904.437988  10522.268555  13421.022461
10717.242188  14271.307617  18201.427734
12969.734375  17277.482422  22033.376953
14773.896484  19689.351562  25106.513672
16219.308594  21625.755859  27572.544922
17377.628906  23181.755859  29552.824219
18306.175781  24433.394531  31144.421875
1.427610  7.170288  6.857597
-14640.691406  -19527.066406  -24895.996094
-1.875066  5.141983  11.208391
11710.655273  15637.565430  19944.005859
21082.050781  28150.113281  35897.187500
28580.425781  38166.703125  48666.578125
34580.257812  46186.453125  58888.808594
0.533558  5.461637  15.764374
-27662.382812  -36933.031250  -47076.226562
-49791.980469  -66477.609375  -84743.500000
-67495.023438  -90107.101562  -114871.093750
-81656.914062  -109004.531250  -138967.000000
-92985.929688  -124116.289062  -158237.531250
-102048.648438  -136199.421875  -173647.703125
-109298.296875  -145859.515625  -185969.453125
1.484773  6.315836  6.860649
87441.960938  116705.726562  148794.687500
157395.031250  210072.125000  267831.875000
213358.140625  284772.187500  363068.593750
258129.171875  344539.125000  439264.843750
293946.343750  392359.375000  500228.437500
322600.093750  430621.906250  549005.437500
345522.625000  461237.781250  588032.500000
-3.318315  5.646967  3.948381
-276425.625000  -368975.531250  -470415.187500
-0.180782  2.742117  2.590147
221137.593750  295188.750000  376338.968750
398044.656250  531340.250000  677409.312500
539566.437500  720263.187500  918265.750000
652779.000000  871402.187500  1110949.500000
743343.000000  992312.500000  1265093.125000
815786.625000  1089037.875000  1388402.250000
873732.125000  1166412.875000  1487040.750000
920077.000000  1228304.875000  1565939.125000
-13.124828  -11.637300  -16.910383
-736101.625000  -982679.000000  -1252802.125000
-1324991.125000  -1768830.000000  -2255054.250000
-23.475939  -19.775530  -27.077639
1059928.500000  1415006.750000  1803964.750000
1907865.750000  2547003.500000  3247124.500000
2586188.250000  3452572.750000  4401614.000000
3128815.000000  4176994.750000  5325160.500000
3562880.250000  4756492.500000  6063944.000000
3910089.500000  5220042.000000  6654906.000000
4187806.000000  5590822.000000  7127597.000000
4409918.000000  5887373.500000  7505654.500000
-72.091026  -87.130615  -113.738632
-83.040367  -103.595924  -133.315552
-94.858185  -118.176277  -152.607452
-210.114563  -262.216278  -339.527374
-419.500702  -524.925903  -679.829712
-715.559265  -897.659485  -1162.100586
-1092.313965  -1373.486450  -1777.191406
-1544.973022  -1946.848633  -2517.765625
-162.037659  -207.973526  -268.121185
770.391296  960.346558  1244.691406
1331.098022  1657.202759  2148.863281
1583.119507  1961.880615  2546.963379
1576.894653  1937.821045  2521.063232
1352.784180  1635.789551  2136.835938
943.086182  1096.411377  1446.836548
373.648712  352.199402  493.125336
-334.839783  -570.822754  -690.632446
-1165.818359  -1651.822754  -2077.487549
-2106.027832  -2874.120850  -3645.862793
-3144.849609  -4224.358887  -5378.477539
-4273.777832  -5691.834961  -7261.488770
-310.635925  -403.141418  -516.030579
2539.605957  3410.798584  4345.461914
4488.342285  6030.090820  7680.828613
5704.696289  7678.830078  9776.355469
6323.973633  8536.302734  10861.083984
-362.575104  -474.412109  -611.458740
-6087.933594  -8174.116699  -10418.994141
-11055.479492  -14839.797852  -18913.398438
-15427.900391  -20693.025391  -26376.146484
-19335.332031  -25911.033203  -33032.394531
-22881.863281  -30635.585938  -39062.234375
-26150.746094  -34980.066406  -44609.707031
-29208.562500  -39035.160156  -49790.011719
-32108.558594  -42873.382812  -54695.273438
-34893.304688  -46552.718750  -59399.156250
-37596.839844  -50119.523438  -63960.542969
-40246.367188  -53610.851562  -68426.515625
-42863.621094  -57056.308594  -72834.679688
-45465.968750  -60479.542969  -77215.078125
-48067.269531  -63899.437500  -81591.695312
-50678.582031  -67331.062500  -85983.679688
-53308.730469  -70786.429688  -90406.289062
-55964.734375  -74275.117188  -94871.679688
-562.493164  -739.009460  -946.456604
43185.890625  57336.929688  73229.960938
77600.429688  103030.445312  131589.093750
104537.117188  138803.703125  177276.140625
-608.210571  -797.283386  -1018.424561
-85341.015625  -113288.265625  -144690.921875
-153754.531250  -204105.531250  -260683.968750
-209123.312500  -277597.968750  -354551.562500
-254066.906250  -337244.593750  -430736.718750
-290680.812500  -385828.500000  -492793.687500
-320641.343750  -425575.968750  -543565.625000
-345289.406250  -458267.843750  -585326.875000
-365697.531250  -485328.625000  -619896.687500
-382723.656250  -507897.687500  -648730.187500
-397053.937500  -526886.312500  -672991.125000
-409237.156250  -543023.312500  -693610.312500
-419712.125000  -556891.562500  -711332.062500
-428829.750000  -568957.125000  -726751.500000
-436870.593750  -579592.562500  -740344.500000
-444058.937500  -589095.750000  -752491.375000
-450574.000000  -597704.687500  -763496.125000
-774.609253  -1018.801880  -1301.994507
-778.329956  -1027.264648  -1316.987915
-786.467590  -1038.238403  -1331.312988
-1591.454834  -2098.662109  -2687.838379
-803.507507  -1060.873413  -1360.292725
-988.612976  -1304.831665  -1672.096680
-1960.641602  -2585.443848  -3309.747559
-3570.681152  -4706.624023  -6022.428223
-5699.592773  -7511.491699  -9609.469727
-8252.055664  -10874.528320  -13910.321289
-11151.802734  -14695.306641  -18796.521484
-14337.807617  -18893.468750  -24165.285156
-17761.236328  -23404.708984  -29934.357422
-882.264099  -1162.914795  -1488.911621
11729.490234  15455.511719  19764.923828
20919.076172  27564.105469  35251.250000
27362.533203  36053.691406  46109.355469
31600.691406  41636.925781  53250.656250
34066.207031  44883.929688  57404.281250
35105.203125  46250.792969  59153.523438
34994.566406  46102.382812  58965.011719
33955.808594  44730.578125  57212.035156
32166.126953  42368.875000  54193.210938
29767.279297  39204.066406  50147.433594
26872.664062  35385.582031  45265.808594
23573.000000  31032.962891  39701.210938
19940.857422  26241.835938  33575.941406
16034.291992  21088.705078  26987.841797
11899.750977  15634.773438  20015.183594
7574.395508  9929.010742  12720.591797
-1027.275757  -1356.119019  -1730.713257
-8943.185547  -11749.202148  -15036.763672
-1041.276123  -1371.852295  -1760.056030
4228.862305  5542.734375  7087.821289
7385.186523  9675.966797  12378.410156
-1066.799438  -1406.157593  -1802.852295
-8904.950195  -11692.554688  -14963.990234
-16260.404297  -21353.478516  -27323.208984
-23238.060547  -30525.117188  -39055.054688
-29921.820312  -39316.398438  -50299.125000
-36378.785156  -47814.433594  -61167.074219
-42662.613281  -56088.890625  -71748.195312
-1126.216675  -1486.156006  -1901.223267
30968.093750  40698.035156  52061.554688
55500.457031  72936.406250  93302.960938
73974.968750  97207.117188  124353.226562
87594.890625  115092.671875  147236.484375
-1168.817871  -1543.115112  -1971.301025
-73356.125000  -96404.851562  -123322.671875
-132290.593750  -173858.343750  -222402.953125
-180631.015625  -237396.156250  -303680.312500
-220504.359375  -289812.218750  -370729.125000
-253612.093750  -333341.562500  -426408.750000
-281315.281250  -369772.093750  -473006.468750
-1225.996704  -1617.972900  -2067.586670
221612.703125  291277.437500  372602.843750
398643.031250  523955.312500  670245.125000
539018.625000  708448.500000  906251.187500
-1254.967407  -1659.764648  -2122.329590
-434738.937500  -571417.312500  -730956.687500
-782799.312500  -1028905.000000  -1316173.375000
-1062528.625000  -1396587.125000  -1786509.000000
-1287600.375000  -1692434.500000  -2164952.250000
-1468952.875000  -1930823.125000  -2469893.000000
-1302.314941  -1719.494751  -2196.745361
1171510.250000  1539835.750000  1969752.500000
2108446.000000  2771343.500000  3545092.750000
2856672.250000  3754803.000000  4803132.500000
3453922.500000  4539812.500000  5807318.000000
3930382.000000  5166048.500000  6608403.000000
4310197.500000  5665251.000000  7246987.500000
4612684.000000  6062808.500000  7755549.000000
4853292.000000  6379030.500000  8160066.500000
5044381.000000  6630161.000000  8481320.000000
5195835.000000  6829194.000000  8735931.000000
5315560.000000  6986521.500000  8937193.000000
5409879.000000  7110454.000000  9095737.000000
5483848.000000  7207637.000000  9220064.000000
5541510.000000  7283385.000000  9316972.000000
-1541.758057  -2036.363159  -2602.073975
-4437554.000000  -5832449.000000  -7460913.000000
-7987962.500000  -10498890.000000  -13430260.000000
-10829912.000000  -14234186.000000  -18208476.000000
-13105114.000000  -17224592.000000  -22033820.000000
-14926933.000000  -19619104.000000  -25096894.000000
-16386054.000000  -21536914.000000  -27550166.000000
-17555018.000000  -23073366.000000  -29515600.000000
-1667.030762  -2201.858154  -2814.305420
14039350.000000  18452534.000000  23604608.000000
25270498.000000  33214124.000000  42487732.000000
34253740.000000  45021180.000000  57591400.000000
41438628.000000  54464576.000000  69671464.000000
47184796.000000  62016988.000000  79332568.000000
51779928.000000  68056536.000000  87058400.000000
55454148.000000  72885688.000000  93235880.000000
58391536.000000  76746384.000000  98174512.000000
60739336.000000  79832160.000000  102121856.000000
62615316.000000  82297800.000000  105275912.000000
64113668.000000  84267104.000000  107795056.000000
65309716.000000  85839072.000000  109805928.000000
66263700.000000  87092880.000000  111409808.000000
67023780.000000  88091832.000000  112687680.000000
67628456.000000  88886536.000000  113704280.000000
68108512.000000  89517440.000000  114511352.000000
68488544.000000  90016872.000000  115150248.000000
68788200.000000  90410656.000000  115654008.000000
69023176.000000  90719424.000000  116049016.000000
69206000.000000  90959640.000000  116356328.000000
69346656.000000  91144448.000000  116592752.000000
69453120.000000  91284312.000000  116771680.000000
69531736.000000  91387576.000000  116903792.000000
69587560.000000  91460880.000000  116997576.000000
69624600.000000  91509496.000000  117059784.000000
69646048.000000  91537616.000000  117095776.000000
69654424.000000  91548552.000000  117109784.000000
69651720.000000  91544920.000000  117105160.000000
69639496.000000  91528776.000000  117084528.000000
69618976.000000  91501728.000000  117049952.000000
69591112.000000  91465024.000000  117003024.000000
-12174.606445  -16015.453125  -20481.250000
-55707708.000000  -73217816.000000  -93660992.000000
-100277744.000000  -131797152.000000  -168596304.000000
-14280.946289  -18787.742188  -24039.443359
80181536.000000  105384232.000000  134808624.000000
144322528.000000  189686048.000000  242648400.000000
195618896.000000  257105888.000000  328892576.000000
236638736.000000  311019040.000000  397858880.000000
269436384.000000  354125632.000000  453001344.000000
295655264.000000  388585632.000000  497082976.000000
-20343.828125  -26754.544922  -34226.281250
-236582304.000000  -310944896.000000  -397764128.000000
-425854368.000000  -559708992.000000  -715985856.000000
-23428.101562  -30805.507812  -39398.808594
340616992.000000  447679744.000000  572676800.000000
613103936.000000  805814784.000000  1030807104.000000
831066816.000000  1092287744.000000  1397266560.000000
1005408832.000000  1321428992.000000  1690386688.000000
1144852224.000000  1504702208.000000  1924832000.000000
1256374272.000000  1651277824.000000  2112333184.000000
-35489.050781  -46661.019531  -59682.589844
