0.044914  -0.017612  -9.772018
0.033521  -0.018186  -9.772591
0.033521  -0.018186  -9.772591
0.038863  0.005900  -9.750672
0.036626  -0.010527  -9.761581
0.037782  -0.028927  -9.751753
0.040672  -0.014859  -9.796193
0.039569  -0.010543  -9.779218
0.030989  -0.020347  -9.781436
0.028177  -0.007490  -9.776485
0.034447  -0.011252  -9.765767
0.030179  -0.015227  -9.768766
0.037369  -0.002993  -9.777458
0.037369  -0.002993  -9.777458
0.033282  -0.018285  -9.810544
0.033282  -0.018285  -9.810544
0.033282  -0.018285  -9.810544
0.033510  -0.003133  -9.764904
0.037079  -0.017877  -9.768184
0.032564  -0.021515  -9.778547
0.023914  -0.013892  -9.793153
0.022806  -0.005739  -9.785800
0.046002  -0.015670  -9.802469
0.046327  -0.019305  -9.775177
0.038010  -0.013150  -9.780463
0.038010  -0.013150  -9.780463
0.039674  -0.014568  -9.771148
0.030922  -0.015948  -9.786146
0.030922  -0.015948  -9.786146
0.028164  -0.013418  -9.794849
0.047619  -0.006701  -9.773017
0.035669  -0.009547  -9.783879
0.023416  0.001949  -9.791281
0.019666  -0.011921  -9.788490
0.032157  -0.010831  -9.784986
0.032157  -0.010831  -9.784986
0.029630  -0.010610  -9.803243
0.028866  0.000646  -9.788660
0.039810  -0.016890  -9.787381
0.035589  -0.022788  -9.792244
0.035561  -0.023072  -9.795237
0.035561  -0.023072  -9.795237
0.039217  -0.011784  -9.779934
0.034249  -0.007031  -9.769728
0.041610  -0.026857  -9.757369
0.041610  -0.026857  -9.757369
0.033907  -0.005623  -9.780062
0.028194  -0.008953  -9.782654
0.033983  -0.011296  -9.775747
0.035771  -0.018346  -9.783421
0.036116  -0.034775  -9.813651
0.042616  -0.020140  -9.794332
0.042616  -0.020140  -9.794332
0.032724  0.005863  -9.770213
0.032724  0.005863  -9.770213
0.025386  -0.004860  -9.757361
0.034132  -0.013863  -9.768384
0.036049  -0.016284  -9.800420
0.035763  -0.004622  -9.779024
0.031797  -0.000995  -9.786736
0.022741  -0.012885  -9.775445
0.016409  -0.020593  -9.793338
0.044117  -0.008068  -9.791031
0.029532  -0.017077  -9.770929
0.024914  -0.019632  -9.815542
0.024914  -0.019632  -9.815542
0.025758  -0.015312  -9.785051
0.025758  -0.015312  -9.785051
0.037255  -0.009585  -9.762391
0.027812  -0.018615  -9.763130
0.028958  -0.017546  -9.785338
0.030491  -0.011905  -9.766986
0.044036  -0.008393  -9.768330
0.040341  -0.003754  -9.786296
0.038900  -0.015437  -9.753042
0.038900  -0.015437  -9.753042
0.025514  -0.019740  -9.769353
0.033876  -0.027956  -9.774754
0.040251  -0.013081  -9.788858
0.017873  -0.001212  -9.789285
0.017873  -0.001212  -9.789285
0.016712  -0.005607  -9.778942
0.011286  -0.024033  -9.753752
0.040296  -0.026576  -9.746816
0.029730  -0.025118  -9.754403
0.029730  -0.025118  -9.754403
0.024418  -0.012356  -9.776013
0.020812  -0.017951  -9.767563
0.032959  -0.020192  -9.772181
0.032616  -0.006329  -9.792825
0.024812  -0.013240  -9.777829
0.045650  -0.022517  -9.798635
0.057146  -0.019478  -9.790979
0.057146  -0.019478  -9.790979
0.032722  -0.017299  -9.765927
0.024925  -0.012640  -9.775116
0.047963  -0.007274  -9.771878
0.047963  -0.007274  -9.771878
0.049566  -0.015403  -9.753366
0.046635  -0.024806  -9.782557
0.043093  -0.012729  -9.803770
0.037995  -0.004667  -9.774450
0.025795  -0.012358  -9.772950
0.025795  -0.012358  -9.772950
0.029215  -0.019475  -9.767800
0.029215  -0.019475  -9.767800
0.030946  -0.031154  -9.767303
0.030946  -0.031154  -9.767303
0.027889  -0.023188  -9.784994
0.029844  -0.021463  -9.791636
0.039426  -0.013843  -9.756014
0.026480  -0.020760  -9.757559
0.028133  -0.018289  -9.769823
0.023792  -0.029236  -9.757366
0.026843  -0.038245  -9.742009
0.026843  -0.038245  -9.742009
0.026872  -0.008326  -9.769038
0.041724  -0.000485  -9.746058
0.035186  0.003321  -9.779829
0.035186  0.003321  -9.779829
0.035437  -0.011589  -9.799842
0.016718  -0.010279  -9.784826
0.026518  -0.001360  -9.781651
0.041445  -0.010097  -9.763182
0.030006  -0.020504  -9.761703
0.030006  -0.020504  -9.761703
0.018924  -0.001343  -9.803741
0.030521  0.002621  -9.779579
0.031997  -0.005122  -9.752328
0.028067  -0.012268  -9.771632
0.038694  -0.007798  -9.781489
0.028187  -0.018398  -9.782927
0.028187  -0.018398  -9.782927
0.035037  -0.030300  -9.776752
0.030689  -0.027720  -9.780815
0.030689  -0.027720  -9.780815
0.017554  -0.025599  -9.792528
0.038598  -0.003716  -9.767686
0.038523  -0.014379  -9.799007
0.027434  -0.005587  -9.803624
0.022362  -0.021325  -9.793089
0.018641  -0.014659  -9.784118
0.026376  -0.009288  -9.763520
0.013131  -0.020257  -9.750520
0.013131  -0.020257  -9.750520
0.013131  -0.020257  -9.750520
0.013131  -0.020257  -9.750520
0.031968  -0.007309  -9.789354
0.037727  -0.023665  -9.789675
0.028860  -0.015835  -9.797738
0.036925  -0.013364  -9.807645
0.037488  0.000632  -9.796990
0.019994  -0.006544  -9.803308
0.017014  -0.015122  -9.781856
0.022646  -0.015697  -9.783807
0.022646  -0.015697  -9.783807
0.036162  -0.021264  -9.743199
0.041772  -0.008316  -9.775593
0.041772  -0.008316  -9.775593
0.030704  -0.018314  -9.785808
0.022436  -0.013508  -9.787538
0.042581  -0.021166  -9.790578
0.035770  -0.024767  -9.794821
0.018225  -0.018507  -9.785729
0.032987  0.004499  -9.788657
0.032987  0.004499  -9.788657
0.023398  -0.004337  -9.805049
0.027169  -0.010971  -9.778673
0.035591  0.003045  -9.797756
0.030491  -0.017803  -9.784993
0.030491  -0.017803  -9.784993
0.030491  -0.017803  -9.784993
0.040070  -0.003248  -9.761086
0.037542  -0.012475  -9.769126
0.035293  -0.018913  -9.794848
0.035293  -0.018913  -9.794848
0.029091  -0.016434  -9.786617
0.036801  -0.017265  -9.777159
0.027896  -0.009880  -9.785708
0.024025  -0.013710  -9.770981
0.029932  -0.026127  -9.753219
0.020275  -0.001604  -9.799336
0.022942  -0.005313  -9.812375
0.034425  -0.009892  -9.795228
0.034425  -0.009892  -9.795228
0.034139  -0.006952  -9.780075
0.042979  -0.021925  -9.754436
0.040648  -0.015291  -9.755874
0.040576  -0.002436  -9.769480
0.037550  -0.006690  -9.764782
0.029573  -0.016484  -9.797658
0.027817  -0.015033  -9.791533
0.034386  -0.013533  -9.777876
0.048331  -0.009353  -9.772933
0.043780  -0.009472  -9.780037
0.043780  -0.009472  -9.780037
0.031475  -0.011809  -9.800092
0.031475  -0.011809  -9.800092
0.031475  -0.011809  -9.800092
0.019208  -0.006147  -9.782440
0.045530  -0.027572  -9.797421
0.032029  -0.026860  -9.779119
0.015528  -0.017363  -9.792258
0.037617  -0.003079  -9.794711
0.040926  -0.002944  -9.781890
0.034206  0.007121  -9.788481
0.030969  -0.008594  -9.766369
0.042942  0.002059  -9.758041
0.030114  -0.008607  -9.759165
0.027593  -0.015294  -9.781999
0.027593  -0.015294  -9.781999
0.032899  -0.001339  -9.785302
0.038755  -0.017144  -9.794094
0.038755  -0.017144  -9.794094
0.032303  0.001078  -9.787150
0.032303  0.001078  -9.787150
0.030188  0.000810  -9.792809
0.030188  0.000810  -9.792809
0.022999  -0.005414  -9.788195
0.035172  -0.007047  -9.766710
0.028314  -0.011441  -9.782193
0.030421  -0.015179  -9.781169
0.039932  -0.019762  -9.777937
0.039932  -0.019762  -9.777937
0.022759  -0.017885  -9.782521
0.036361  -0.005681  -9.760652
0.039720  -0.012448  -9.762440
0.035059  -0.004209  -9.764396
0.038146  -0.012047  -9.798561
0.041597  -0.016715  -9.766856
0.022228  -0.004735  -9.770456
0.034749  -0.018977  -9.772948
0.025377  -0.014891  -9.762383
0.031270  0.002186  -9.786812
0.030950  0.005063  -9.793025
0.030950  0.005063  -9.793025
0.039090  -0.008436  -9.764073
0.039090  -0.008436  -9.764073
0.033727  -0.019881  -9.766998
0.035139  -0.004115  -9.756432
0.039025  -0.006832  -9.748219
0.037703  -0.013814  -9.760118
0.038087  -0.005899  -9.781410
0.032017  -0.008263  -9.765978
0.031267  -0.004784  -9.759684
0.019483  -0.004970  -9.765737
0.027328  -0.008334  -9.778426
0.036249  0.003089  -9.773603
0.035863  0.003473  -9.769128
0.040247  -0.000119  -9.768114
0.040247  -0.000119  -9.768114
0.041893  -0.022034  -9.782062
0.046232  -0.009924  -9.786688
0.040728  -0.024732  -9.782552
0.033428  -0.020946  -9.779947
0.037002  -0.008500  -9.750541
0.049969  -0.014584  -9.764660
0.025952  -0.013128  -9.772876
0.032702  -0.007230  -9.800727
0.047185  -0.001037  -9.787627
0.047185  -0.001037  -9.787627
0.044499  0.005583  -9.774143
0.039454  -0.003039  -9.786522
0.039454  -0.003039  -9.786522
0.028887  -0.006889  -9.791227
0.042087  -0.011238  -9.778234
0.039112  -0.003814  -9.780739
0.030642  0.001370  -9.779446
0.035011  -0.014352  -9.773824
0.028799  -0.010483  -9.780809
0.028667  -0.010589  -9.773185
0.019704  -0.008837  -9.766482
0.025723  -0.015549  -9.765881
0.037611  -0.010364  -9.773584
0.041841  -0.014188  -9.783838
0.041841  -0.014188  -9.783838
0.038045  -0.009431  -9.787834
0.022578  -0.020250  -9.792130
0.039203  -0.019648  -9.770314
0.041905  -0.011266  -9.754389
0.037150  -0.003593  -9.789062
0.036933  -0.012273  -9.809714
0.042422  -0.020119  -9.784294
0.045412  -0.008442  -9.755604
0.034778  -0.004130  -9.778250
0.034778  -0.004130  -9.778250
0.031956  -0.010800  -9.772983
0.035738  -0.027590  -9.786517
0.025331  -0.024959  -9.784113
0.032033  -0.019718  -9.804813
0.032382  -0.014743  -9.770043
0.036660  -0.007615  -9.767007
0.045988  -0.010770  -9.770490
0.044044  -0.019118  -9.768194
0.034645  -0.006383  -9.764687
0.029376  -0.021969  -9.762560
0.028207  -0.005945  -9.757051
0.022830  -0.000958  -9.779779
0.029161  -0.027978  -9.776114
0.040305  -0.017235  -9.758690
0.041307  -0.020035  -9.776835
0.043011  -0.012566  -9.789762
0.043011  -0.012566  -9.789762
0.040831  -0.001958  -9.773913
0.030263  -0.011847  -9.758819
0.031928  -0.029831  -9.792412
0.030744  -0.000480  -9.792224
0.042826  -0.013570  -9.776455
0.044280  -0.015479  -9.760138
0.031918  -0.025017  -9.788949
0.041021  -0.026131  -9.782584
0.043197  -0.012420  -9.779986
0.031852  -0.003355  -9.790912
0.028046  -0.000934  -9.753922
0.044332  -0.007330  -9.747129
0.044332  -0.007330  -9.747129
0.044332  -0.007330  -9.747129
0.049832  -0.021432  -9.791354
0.027048  -0.013620  -9.783957
0.037005  -0.032187  -9.800937
0.019426  -0.016845  -9.789347
0.028155  -0.007063  -9.797813
0.035529  -0.014523  -9.760296
0.015533  -0.013334  -9.768920
0.038484  -0.010306  -9.778742
0.038484  -0.010306  -9.778742
0.028273  -0.002665  -9.754248
0.028273  -0.002665  -9.754248
0.028273  -0.002665  -9.754248
0.029913  -0.019924  -9.767700
0.044504  -0.021330  -9.778574
0.029817  0.000418  -9.779343
0.013425  -0.006334  -9.780893
0.027773  -0.023948  -9.782285
0.033280  -0.010835  -9.769186
0.033280  -0.010835  -9.769186
0.034771  -0.013298  -9.761439
0.039982  -0.010868  -9.781903
0.033605  -0.008687  -9.775219
0.033676  -0.011351  -9.794152
0.032613  -0.012484  -9.796113
0.032613  -0.012484  -9.796113
0.040024  -0.011009  -9.800336
0.045504  -0.016874  -9.781890
0.040542  0.000171  -9.770638
0.040542  0.000171  -9.770638
0.035901  -0.009866  -9.798325
0.035569  -0.009257  -9.793756
0.026894  -0.001836  -9.789737
0.041793  -0.011756  -9.755582
0.036732  -0.010024  -9.752869
0.035301  -0.019897  -9.778285
0.024492  -0.013855  -9.804607
0.028956  -0.010355  -9.787411
0.028956  -0.010355  -9.787411
0.032038  -0.016156  -9.780307
0.042399  -0.008333  -9.768111
0.029677  0.001188  -9.775940
0.036334  -0.009247  -9.770129
0.043998  -0.013217  -9.754533
0.055485  -0.003001  -9.776039
0.046026  -0.011730  -9.770842
0.048033  -0.032069  -9.761846
0.036149  -0.015539  -9.766037
0.032751  0.000993  -9.780375
0.032751  0.000993  -9.780375
0.037905  -0.005645  -9.767216
0.037905  -0.005645  -9.767216
0.021249  -0.008312  -9.762571
0.043341  -0.013474  -9.790535
0.046614  0.000378  -9.775311
0.042066  -0.003327  -9.785666
0.033952  -0.007808  -9.756569
0.038324  -0.005143  -9.774716
0.030913  -0.000588  -9.793621
0.030913  -0.000588  -9.793621
0.029334  -0.017758  -9.757806
0.042567  -0.010400  -9.789415
0.032533  -0.012266  -9.782592
0.027517  -0.010548  -9.776250
0.027517  -0.010548  -9.776250
0.029711  -0.027847  -9.779047
0.034975  -0.008159  -9.772330
0.043930  -0.010842  -9.759375
0.041903  -0.005602  -9.772696
0.041903  -0.005602  -9.772696
0.031218  -0.001237  -9.786654
0.035967  -0.012987  -9.788971
0.050429  -0.012300  -9.776528
0.031657  -0.009151  -9.769711
0.036015  -0.004757  -9.759134
0.040138  -0.009500  -9.771835
0.034497  -0.024698  -9.766814
0.034497  -0.024698  -9.766814
0.036931  -0.021766  -9.775936
0.036889  -0.020783  -9.776288
0.033875  -0.009475  -9.761677
0.030030  -0.005332  -9.766253
0.036058  -0.009891  -9.786250
0.033861  -0.024945  -9.782646
0.037968  -0.027515  -9.787981
0.037198  -0.020028  -9.789263
0.029229  -0.021552  -9.793600
0.025486  -0.011933  -9.758013
0.034612  -0.006320  -9.761271
0.034612  -0.006320  -9.761271
0.034612  -0.006320  -9.761271
0.027113  -0.020164  -9.778603
0.041151  -0.009128  -9.772861
0.048784  -0.005553  -9.768877
0.027454  -0.008802  -9.769403
0.046085  -0.018368  -9.796181
0.039673  -0.013989  -9.797166
0.026899  -0.008505  -9.820154
0.037980  -0.019340  -9.791170
0.037980  -0.019340  -9.791170
0.038943  -0.000650  -9.781934
0.035927  -0.008787  -9.760817
0.035927  -0.008787  -9.760817
0.038871  -0.009417  -9.776683
0.029928  -0.005407  -9.778465
0.039909  -0.002242  -9.796474
0.035658  0.002539  -9.796332
0.032435  -0.009407  -9.790634
0.049817  -0.003879  -9.778734
0.049817  -0.003879  -9.778734
0.014707  0.014897  -9.769780
0.019383  0.004744  -9.791533
0.055519  -0.019402  -9.727114
0.025168  0.026560  -9.759935
-0.042320  -0.119765  -9.721549
-0.042320  -0.119765  -9.721549
-0.042320  -0.119765  -9.721549
-0.042320  -0.119765  -9.721549
-0.042320  -0.119765  -9.721549
-0.042320  -0.119765  -9.721549
-0.042320  -0.119765  -9.721549
0.004410  0.082624  -9.345086
-0.065891  0.139913  -9.678015
0.049131  0.005012  -9.942250
0.049131  0.005012  -9.942250
0.049131  0.005012  -9.942250
-0.044282  0.229666  -10.160955
-0.044282  0.229666  -10.160955
-0.044282  0.229666  -10.160955
0.049971  0.642620  -9.865370
0.074815  -0.637224  -9.094469
0.468773  -0.787501  -9.150792
0.468773  -0.787501  -9.150792
0.468773  -0.787501  -9.150792
0.468773  -0.787501  -9.150792
0.468773  -0.787501  -9.150792
0.256827  0.411426  -10.310854
0.256827  0.411426  -10.310854
0.193600  0.630815  -10.000097
0.193600  0.630815  -10.000097
-0.495953  0.711065  -11.055473
-0.495953  0.711065  -11.055473
-0.495953  0.711065  -11.055473
-0.495953  0.711065  -11.055473
-0.495953  0.711065  -11.055473
1.084569  1.164769  -9.702871
0.623435  0.649630  -9.362787
0.623435  0.649630  -9.362787
0.623435  0.649630  -9.362787
0.623435  0.649630  -9.362787
0.234946  -0.315493  -9.504641
0.234946  -0.315493  -9.504641
0.405439  -0.029153  -9.586476
0.405439  -0.029153  -9.586476
0.405439  -0.029153  -9.586476
0.071394  0.764078  -10.336217
0.071394  0.764078  -10.336217
0.071394  0.764078  -10.336217
0.071394  0.764078  -10.336217
0.071394  0.764078  -10.336217
-0.347867  -0.314914  -10.681174
-0.347867  -0.314914  -10.681174
-0.347867  -0.314914  -10.681174
-0.347867  -0.314914  -10.681174
-0.347867  -0.314914  -10.681174
-0.347867  -0.314914  -10.681174
-0.347867  -0.314914  -10.681174
-0.347867  -0.314914  -10.681174
-0.347867  -0.314914  -10.681174
-0.347867  -0.314914  -10.681174
-0.347867  -0.314914  -10.681174
-0.347867  -0.314914  -10.681174
-0.347867  -0.314914  -10.681174
-0.347867  -0.314914  -10.681174
-0.347867  -0.314914  -10.681174
-0.347867  -0.314914  -10.681174
-0.347867  -0.314914  -10.681174
-0.347867  -0.314914  -10.681174
-0.015316  -0.724003  -7.520655
-0.015316  -0.724003  -7.520655
-0.232563  0.306983  -9.508233
-0.713578  0.524939  -9.454168
-0.713578  0.524939  -9.454168
-0.713578  0.524939  -9.454168
0.084025  0.721059  -9.844626
0.084025  0.721059  -9.844626
0.084025  0.721059  -9.844626
0.283885  -0.223352  -9.652885
0.283885  -0.223352  -9.652885
0.283885  -0.223352  -9.652885
0.257491  -0.316454  -10.313257
0.257491  -0.316454  -10.313257
0.257491  -0.316454  -10.313257
-0.805667  0.226332  -8.847591
0.405219  -0.038358  -9.708018
0.877038  -0.119833  -9.334136
0.877038  -0.119833  -9.334136
0.510579  0.201554  -9.758475
0.510579  0.201554  -9.758475
0.510579  0.201554  -9.758475
0.510579  0.201554  -9.758475
0.510579  0.201554  -9.758475
-0.291865  -0.407020  -9.702600
-0.000045  -1.030765  -8.025771
-0.000045  -1.030765  -8.025771
0.566188  0.259621  -9.520113
0.566188  0.259621  -9.520113
0.564636  -0.661406  -10.595799
-0.127576  -0.269154  -11.653706
-0.127576  -0.269154  -11.653706
-0.127576  -0.269154  -11.653706
-0.127576  -0.269154  -11.653706
-0.127576  -0.269154  -11.653706
-0.127576  -0.269154  -11.653706
-0.127576  -0.269154  -11.653706
-0.127576  -0.269154  -11.653706
-0.127576  -0.269154  -11.653706
-0.127576  -0.269154  -11.653706
0.008180  -0.062621  -7.917629
0.008180  -0.062621  -7.917629
-0.598642  -0.123729  -9.618044
-0.598642  -0.123729  -9.618044
0.167556  -0.561531  -9.505825
0.167556  -0.561531  -9.505825
0.167556  -0.561531  -9.505825
0.167556  -0.561531  -9.505825
0.167556  -0.561531  -9.505825
-0.524568  0.429448  -10.538666
-0.524568  0.429448  -10.538666
-0.524568  0.429448  -10.538666
0.572745  -0.332267  -9.541913
0.572745  -0.332267  -9.541913
-0.518089  -1.049222  -9.295424
0.223309  -0.217161  -10.562282
0.223309  -0.217161  -10.562282
-0.071319  0.478345  -9.432066
-0.071319  0.478345  -9.432066
-0.071319  0.478345  -9.432066
-0.071319  0.478345  -9.432066
-0.455671  0.166213  -9.627891
0.274457  1.073691  -10.052824
0.076029  0.506969  -9.971371
-0.115225  0.033860  -9.264573
-0.115225  0.033860  -9.264573
0.177565  -0.462066  -9.989359
0.177565  -0.462066  -9.989359
0.177565  -0.462066  -9.989359
0.021049  0.014461  -9.959454
-0.236287  -0.634685  -10.113611
-0.236287  -0.634685  -10.113611
0.002875  -0.312291  -10.577941
0.002875  -0.312291  -10.577941
0.002875  -0.312291  -10.577941
0.002875  -0.312291  -10.577941
0.002875  -0.312291  -10.577941
0.002875  -0.312291  -10.577941
0.002875  -0.312291  -10.577941
0.002875  -0.312291  -10.577941
0.002875  -0.312291  -10.577941
-0.270178  -1.147060  -9.511834
-0.270178  -1.147060  -9.511834
-0.270178  -1.147060  -9.511834
-0.270178  -1.147060  -9.511834
0.282008  -0.290273  -10.735747
0.282008  -0.290273  -10.735747
0.774538  0.384154  -10.200133
0.774538  0.384154  -10.200133
0.774538  0.384154  -10.200133
0.774538  0.384154  -10.200133
0.774538  0.384154  -10.200133
0.095657  -0.072684  -10.859564
-0.582849  0.367925  -9.963406
-0.056059  0.619497  -9.748852
-0.056059  0.619497  -9.748852
-0.056059  0.619497  -9.748852
-0.056059  0.619497  -9.748852
-0.388822  -1.370680  -9.755641
-0.388822  -1.370680  -9.755641
-0.388822  -1.370680  -9.755641
-0.388822  -1.370680  -9.755641
-0.388822  -1.370680  -9.755641
-0.388822  -1.370680  -9.755641
-0.174163  0.963022  -10.254675
-0.141595  0.666699  -9.452903
-0.141595  0.666699  -9.452903
0.912454  1.578202  -11.252973
0.912454  1.578202  -11.252973
0.375195  0.202450  -8.985506
-0.129920  1.474498  -11.855136
-0.129920  1.474498  -11.855136
0.047266  0.061939  -9.267380
0.047266  0.061939  -9.267380
0.071876  -0.487900  -9.418023
0.071876  -0.487900  -9.418023
0.071876  -0.487900  -9.418023
0.071876  -0.487900  -9.418023
0.071876  -0.487900  -9.418023
0.228370  0.737788  -9.396827
0.181946  1.461006  -10.575828
0.181946  1.461006  -10.575828
0.181946  1.461006  -10.575828
0.263227  0.459266  -12.178311
0.263227  0.459266  -12.178311
0.633711  0.476489  -9.484663
0.633711  0.476489  -9.484663
0.633711  0.476489  -9.484663
0.633711  0.476489  -9.484663
0.633711  0.476489  -9.484663
-0.164264  0.986093  -11.397432
-0.164264  0.986093  -11.397432
-0.164264  0.986093  -11.397432
0.167235  0.145379  -11.096891
0.167235  0.145379  -11.096891
0.167235  0.145379  -11.096891
0.071467  -0.299496  -10.976110
0.071467  -0.299496  -10.976110
0.245120  0.839957  -9.580933
0.245120  0.839957  -9.580933
0.119379  -0.757491  -10.675416
0.119379  -0.757491  -10.675416
0.119379  -0.757491  -10.675416
-0.179815  -0.933934  -7.546278
0.146834  1.215994  -9.039063
0.146834  1.215994  -9.039063
0.146834  1.215994  -9.039063
0.144976  -0.519786  -9.020404
0.144976  -0.519786  -9.020404
0.512561  -0.764132  -5.965408
0.512561  -0.764132  -5.965408
-0.063561  -0.201224  -11.791314
-0.063561  -0.201224  -11.791314
-0.452390  0.486912  -11.791403
-0.452390  0.486912  -11.791403
-0.452390  0.486912  -11.791403
-0.570515  -0.222036  -8.217897
-0.111451  0.243323  -10.140372
-0.111451  0.243323  -10.140372
-0.111451  0.243323  -10.140372
-0.037945  -0.007416  -9.701453
-0.037945  -0.007416  -9.701453
0.368819  0.047939  -10.062582
0.303551  1.350420  -9.599279
0.303551  1.350420  -9.599279
0.303551  1.350420  -9.599279
0.391418  -0.330933  -11.816444
0.391418  -0.330933  -11.816444
0.391418  -0.330933  -11.816444
0.077631  0.261044  -9.317010
0.263672  0.182377  -10.619464
-0.210304  0.817950  -11.204594
-0.210304  0.817950  -11.204594
-0.210304  0.817950  -11.204594
-0.210304  0.817950  -11.204594
0.174409  -0.015667  -9.751920
0.409660  0.689857  -9.920239
0.409660  0.689857  -9.920239
0.259209  -0.512627  -9.280647
0.191881  -0.490333  -9.722950
0.191881  -0.490333  -9.722950
0.191881  -0.490333  -9.722950
0.009999  -0.571380  -9.959160
0.009999  -0.571380  -9.959160
-0.214288  0.732919  -10.682757
-0.214288  0.732919  -10.682757
-0.214288  0.732919  -10.682757
0.278033  0.906446  -10.014132
0.278033  0.906446  -10.014132
0.562206  0.485347  -10.611515
0.562206  0.485347  -10.611515
0.562206  0.485347  -10.611515
-0.055546  0.125894  -8.450868
-0.055546  0.125894  -8.450868
-0.055546  0.125894  -8.450868
-0.055546  0.125894  -8.450868
0.566609  1.009453  -9.063061
0.513042  1.103587  -10.567412
0.513042  1.103587  -10.567412
0.513042  1.103587  -10.567412
0.513042  1.103587  -10.567412
0.513042  1.103587  -10.567412
0.513042  1.103587  -10.567412
0.513042  1.103587  -10.567412
0.332860  -0.162112  -9.648541
0.332860  -0.162112  -9.648541
0.332860  -0.162112  -9.648541
0.332860  -0.162112  -9.648541
0.528442  0.715775  -8.250621
0.528442  0.715775  -8.250621
-0.372258  0.128644  -10.543683
-0.372258  0.128644  -10.543683
-0.372258  0.128644  -10.543683
0.223758  -0.102301  -8.952184
0.223758  -0.102301  -8.952184
0.223758  -0.102301  -8.952184
0.223758  -0.102301  -8.952184
0.223758  -0.102301  -8.952184
-0.009624  0.991261  -12.492361
-0.009624  0.991261  -12.492361
-0.009624  0.991261  -12.492361
0.083038  0.978366  -11.255249
0.146290  -1.527566  -9.514599
0.146290  -1.527566  -9.514599
0.146290  -1.527566  -9.514599
0.146290  -1.527566  -9.514599
0.146290  -1.527566  -9.514599
0.123660  0.825072  -12.511591
0.564005  0.707927  -10.671627
0.564005  0.707927  -10.671627
-0.246234  -0.025827  -7.895953
-0.246234  -0.025827  -7.895953
-0.246234  -0.025827  -7.895953
-0.246234  -0.025827  -7.895953
-0.276908  -0.520868  -10.952876
-0.276908  -0.520868  -10.952876
-0.276908  -0.520868  -10.952876
-0.276908  -0.520868  -10.952876
-0.276908  -0.520868  -10.952876
-0.276908  -0.520868  -10.952876
-0.276908  -0.520868  -10.952876
-0.276908  -0.520868  -10.952876
-0.276908  -0.520868  -10.952876
-0.276908  -0.520868  -10.952876
-0.536772  0.226717  -9.945621
-0.536772  0.226717  -9.945621
-0.536772  0.226717  -9.945621
-0.154589  0.627322  -10.958905
0.052661  0.471780  -11.989239
-0.521011  0.394531  -11.333994
-0.521011  0.394531  -11.333994
-0.521011  0.394531  -11.333994
-0.521011  0.394531  -11.333994
-0.521011  0.394531  -11.333994
0.102508  -0.850209  -8.816041
-0.044651  0.067213  -12.218816
-0.044651  0.067213  -12.218816
-0.044651  0.067213  -12.218816
-0.044651  0.067213  -12.218816
-0.044651  0.067213  -12.218816
-0.173612  -0.314171  -8.584309
-0.173612  -0.314171  -8.584309
-0.173612  -0.314171  -8.584309
-0.173612  -0.314171  -8.584309
0.213693  0.363213  -9.196145
0.213693  0.363213  -9.196145
0.231119  0.867234  -10.578172
0.231119  0.867234  -10.578172
0.058919  -0.213616  -9.384533
0.603475  0.045838  -10.767565
0.603475  0.045838  -10.767565
0.603475  0.045838  -10.767565
0.603475  0.045838  -10.767565
-0.267464  -0.500704  -9.037268
-0.173067  0.287316  -9.155454
-0.173067  0.287316  -9.155454
-0.039043  1.903688  -13.587349
-0.276083  0.463764  -10.998957
-0.276083  0.463764  -10.998957
-0.170386  -0.858487  -9.051753
-0.228603  0.179199  -8.024714
-0.228603  0.179199  -8.024714
-0.228603  0.179199  -8.024714
0.366878  -0.839920  -9.327812
0.366878  -0.839920  -9.327812
0.366878  -0.839920  -9.327812
0.026379  0.173450  -9.110538
0.026379  0.173450  -9.110538
-0.243780  0.470398  -10.246932
-0.243780  0.470398  -10.246932
-0.243780  0.470398  -10.246932
-0.243780  0.470398  -10.246932
-0.243780  0.470398  -10.246932
-0.243780  0.470398  -10.246932
-0.243780  0.470398  -10.246932
-0.243780  0.470398  -10.246932
0.048899  -0.211529  -9.687030
0.048899  -0.211529  -9.687030
0.048899  -0.211529  -9.687030
0.048899  -0.211529  -9.687030
0.168945  -0.273421  -7.709610
0.168945  -0.273421  -7.709610
0.168945  -0.273421  -7.709610
0.263243  0.248011  -10.376681
0.086903  0.436997  -10.250546
0.086903  0.436997  -10.250546
0.323696  -0.200172  -9.169466
0.323696  -0.200172  -9.169466
-0.123737  -0.460477  -10.122849
-0.123737  -0.460477  -10.122849
-0.123737  -0.460477  -10.122849
-0.123737  -0.460477  -10.122849
-0.123737  -0.460477  -10.122849
0.035822  0.630356  -10.060348
0.035822  0.630356  -10.060348
0.035822  0.630356  -10.060348
-0.225994  -0.347411  -9.492494
0.012349  -0.438960  -10.401364
-0.273812  -0.435085  -9.102789
-0.273812  -0.435085  -9.102789
0.420250  -0.123852  -8.085222
0.420250  -0.123852  -8.085222
0.080453  -1.122456  -8.830741
0.080453  -1.122456  -8.830741
0.080453  -1.122456  -8.830741
-0.359316  -0.867673  -10.750921
0.064080  -0.470074  -10.756019
0.064080  -0.470074  -10.756019
0.064080  -0.470074  -10.756019
0.064080  -0.470074  -10.756019
0.064080  -0.470074  -10.756019
0.064080  -0.470074  -10.756019
0.064080  -0.470074  -10.756019
0.064080  -0.470074  -10.756019
-0.082744  -0.277107  -10.621361
-0.082744  -0.277107  -10.621361
-0.082744  -0.277107  -10.621361
-0.082744  -0.277107  -10.621361
-0.360387  -0.040443  -11.589717
-0.360387  -0.040443  -11.589717
-0.360387  -0.040443  -11.589717
-0.263744  -0.447620  -9.314369
0.088822  -0.349693  -8.866331
0.326130  -0.966675  -9.024275
0.326130  -0.966675  -9.024275
0.326130  -0.966675  -9.024275
0.435979  -0.779339  -9.542439
0.435979  -0.779339  -9.542439
0.465763  0.026503  -9.018892
-0.144659  0.108479  -8.435576
-0.144659  0.108479  -8.435576
-0.144659  0.108479  -8.435576
-0.133266  0.865969  -11.268992
-0.133266  0.865969  -11.268992
-0.133266  0.865969  -11.268992
-0.067002  0.029284  -10.069935
-0.221616  0.426249  -10.454008
-0.221616  0.426249  -10.454008
-0.221616  0.426249  -10.454008
-0.221616  0.426249  -10.454008
-0.221616  0.426249  -10.454008
0.157900  -0.222049  -8.382669
0.157900  -0.222049  -8.382669
0.157900  -0.222049  -8.382669
0.157900  -0.222049  -8.382669
0.104448  0.175504  -7.462416
0.104448  0.175504  -7.462416
0.104448  0.175504  -7.462416
0.104448  0.175504  -7.462416
0.104448  0.175504  -7.462416
0.104448  0.175504  -7.462416
0.104448  0.175504  -7.462416
-0.128599  0.055419  -10.126985
-0.115874  0.253852  -9.751579
-0.115874  0.253852  -9.751579
-0.115874  0.253852  -9.751579
-0.115874  0.253852  -9.751579
-0.171989  -0.062647  -10.208714
0.193596  -0.777664  -10.392998
-0.240524  -0.729843  -8.129447
-0.240524  -0.729843  -8.129447
-0.240524  -0.729843  -8.129447
-0.240524  -0.729843  -8.129447
-0.240524  -0.729843  -8.129447
-0.240524  -0.729843  -8.129447
-0.240524  -0.729843  -8.129447
-0.240524  -0.729843  -8.129447
0.201627  -0.307351  -7.531707
0.201627  -0.307351  -7.531707
0.201627  -0.307351  -7.531707
0.295355  -0.029049  -8.903580
0.295355  -0.029049  -8.903580
0.295355  -0.029049  -8.903580
0.406850  0.135207  -10.235208
0.406850  0.135207  -10.235208
0.406850  0.135207  -10.235208
0.406850  0.135207  -10.235208
0.406850  0.135207  -10.235208
0.406850  0.135207  -10.235208
0.406850  0.135207  -10.235208
0.406850  0.135207  -10.235208
0.406850  0.135207  -10.235208
0.406850  0.135207  -10.235208
0.192919  -0.235893  -9.247706
-0.072157  -0.459608  -8.064099
-0.072157  -0.459608  -8.064099
-0.072157  -0.459608  -8.064099
-0.072157  -0.459608  -8.064099
-0.072157  -0.459608  -8.064099
-0.494177  1.039971  -11.642253
-0.494177  1.039971  -11.642253
-0.494177  1.039971  -11.642253
-0.494177  1.039971  -11.642253
-0.494177  1.039971  -11.642253
-0.494177  1.039971  -11.642253
-0.494177  1.039971  -11.642253
0.242985  -1.445908  -7.971934
0.242985  -1.445908  -7.971934
0.242985  -1.445908  -7.971934
0.242985  -1.445908  -7.971934
0.620059  -0.459525  -9.733151
0.620059  -0.459525  -9.733151
0.620059  -0.459525  -9.733151
0.293232  0.804086  -11.866718
0.089321  -0.044404  -11.294981
-0.153693  -0.266430  -9.853698
-0.286589  -0.084497  -9.810339
-0.077902  0.072872  -9.144620
-0.077902  0.072872  -9.144620
-0.077902  0.072872  -9.144620
-0.225421  0.534016  -9.737540
-0.225421  0.534016  -9.737540
-0.225421  0.534016  -9.737540
0.453586  0.056160  -8.335827
0.170271  -0.136434  -8.674663
0.292360  0.623149  -8.794805
0.801575  -1.225817  -9.045566
0.801575  -1.225817  -9.045566
0.801575  -1.225817  -9.045566
0.405248  1.192179  -10.762738
0.057831  -0.283039  -10.398293
0.057831  -0.283039  -10.398293
0.057831  -0.283039  -10.398293
0.423767  -1.084502  -9.528316
-0.115021  0.153661  -10.804310
-0.115021  0.153661  -10.804310
-0.261977  -0.400188  -7.976009
-0.261977  -0.400188  -7.976009
-0.261977  -0.400188  -7.976009
-0.261977  -0.400188  -7.976009
-0.261977  -0.400188  -7.976009
-0.261977  -0.400188  -7.976009
-0.261977  -0.400188  -7.976009
-0.261977  -0.400188  -7.976009
-0.261977  -0.400188  -7.976009
0.059504  1.816095  -10.735785
0.059504  1.816095  -10.735785
-0.483375  0.072091  -9.084303
-0.483375  0.072091  -9.084303
-0.483375  0.072091  -9.084303
-0.483375  0.072091  -9.084303
-0.483375  0.072091  -9.084303
-0.483375  0.072091  -9.084303
-0.483375  0.072091  -9.084303
-0.368895  -0.920610  -10.585356
-0.269569  -1.388375  -8.869557
-0.269569  -1.388375  -8.869557
-0.269569  -1.388375  -8.869557
-0.358346  1.400675  -8.161588
-0.358346  1.400675  -8.161588
-0.358346  1.400675  -8.161588
-0.358346  1.400675  -8.161588
-0.159357  -0.780309  -8.018864
-0.159357  -0.780309  -8.018864
-0.159357  -0.780309  -8.018864
-0.159357  -0.780309  -8.018864
-0.159357  -0.780309  -8.018864
-0.159357  -0.780309  -8.018864
-0.323041  -0.091743  -9.081568
-0.323041  -0.091743  -9.081568
-0.323041  -0.091743  -9.081568
-0.323041  -0.091743  -9.081568
-0.323041  -0.091743  -9.081568
-0.323041  -0.091743  -9.081568
-0.323041  -0.091743  -9.081568
-0.182144  2.341152  -8.276313
-0.182144  2.341152  -8.276313
-0.182144  2.341152  -8.276313
-0.182144  2.341152  -8.276313
-0.182144  2.341152  -8.276313
-0.182144  2.341152  -8.276313
-0.182144  2.341152  -8.276313
-0.182144  2.341152  -8.276313
-0.182144  2.341152  -8.276313
0.563747  1.781818  -10.472882
0.460423  -0.228309  -9.362815
0.460433  -0.001207  -11.146436
0.460433  -0.001207  -11.146436
0.460433  -0.001207  -11.146436
-0.351980  -0.368356  -13.266315
0.492455  1.940563  -11.545487
0.151762  1.389097  -9.922118
0.151762  1.389097  -9.922118
-0.272662  2.254230  -9.665844
-0.272662  2.254230  -9.665844
-0.272662  2.254230  -9.665844
-0.272662  2.254230  -9.665844
0.896757  -0.830239  -9.424185
0.896757  -0.830239  -9.424185
0.896757  -0.830239  -9.424185
0.896757  -0.830239  -9.424185
0.896757  -0.830239  -9.424185
-0.376567  0.182853  -11.382926
-0.376567  0.182853  -11.382926
0.548552  -1.350769  -11.216375
0.548552  -1.350769  -11.216375
0.548552  -1.350769  -11.216375
-0.312505  -1.355557  -7.398688
-0.049349  -1.963091  -8.030166
-0.049349  -1.963091  -8.030166
-0.155247  0.478683  -10.918207
-0.155247  0.478683  -10.918207
0.493016  -1.485093  -9.356116
0.088512  0.611159  -12.140512
0.270299  -1.776404  -8.460095
0.619165  -2.128468  -8.719250
0.619165  -2.128468  -8.719250
0.619165  -2.128468  -8.719250
-0.418757  -0.898932  -11.117438
-0.468276  -0.820065  -11.895166
-0.177458  -1.714943  -9.041027
-0.177458  -1.714943  -9.041027
-0.177458  -1.714943  -9.041027
-0.177458  -1.714943  -9.041027
-0.177458  -1.714943  -9.041027
-0.177458  -1.714943  -9.041027
-0.177458  -1.714943  -9.041027
-0.616428  -0.280904  -11.116796
-0.303217  1.408735  -11.571294
0.850313  -0.558756  -7.786899
0.850313  -0.558756  -7.786899
-0.077742  2.828251  -10.005049
-0.077742  2.828251  -10.005049
0.354496  -0.036346  -7.407924
0.354496  -0.036346  -7.407924
0.354496  -0.036346  -7.407924
0.354496  -0.036346  -7.407924
0.354496  -0.036346  -7.407924
0.354496  -0.036346  -7.407924
0.354496  -0.036346  -7.407924
0.354496  -0.036346  -7.407924
0.354496  -0.036346  -7.407924
-0.273942  0.545756  -9.312413
-0.273942  0.545756  -9.312413
-0.273942  0.545756  -9.312413
-0.273942  0.545756  -9.312413
-0.273942  0.545756  -9.312413
-0.273942  0.545756  -9.312413
-0.505688  -1.072964  -8.152325
-0.467958  -0.181772  -9.721532
-0.467958  -0.181772  -9.721532
-0.467958  -0.181772  -9.721532
-1.446943  1.343821  -11.345951
-1.446943  1.343821  -11.345951
-0.492903  1.107954  -10.936426
-0.492903  1.107954  -10.936426
0.027072  -1.645534  -8.728517
0.027072  -1.645534  -8.728517
0.027072  -1.645534  -8.728517
-0.160137  -1.266908  -9.086112
-0.160137  -1.266908  -9.086112
-0.015273  1.311768  -9.585369
-0.200013  0.432623  -8.877937
0.147117  2.242619  -10.267495
-0.219544  1.934460  -9.386689
-0.219544  1.934460  -9.386689
-0.219544  1.934460  -9.386689
-0.343124  -0.069990  -9.802612
-0.343124  -0.069990  -9.802612
-0.688420  -0.011006  -11.659914
-0.688420  -0.011006  -11.659914
-0.688420  -0.011006  -11.659914
0.854690  -1.123049  -9.681623
0.854690  -1.123049  -9.681623
-0.891643  -0.404012  -10.205903
-0.891643  -0.404012  -10.205903
-0.891643  -0.404012  -10.205903
-0.891643  -0.404012  -10.205903
-0.891643  -0.404012  -10.205903
-0.891643  -0.404012  -10.205903
-0.085953  -0.389847  -8.505530
-0.085953  -0.389847  -8.505530
0.381027  1.531987  -10.747263
0.381027  1.531987  -10.747263
-0.117001  1.410359  -10.311755
-0.117001  1.410359  -10.311755
-0.117001  1.410359  -10.311755
-0.537998  1.692468  -13.146070
0.328988  -1.559980  -9.754178
0.328988  -1.559980  -9.754178
-0.098250  2.164198  -9.963106
-0.098250  2.164198  -9.963106
-0.559101  0.712259  -11.176326
-0.559101  0.712259  -11.176326
-0.559101  0.712259  -11.176326
-0.559101  0.712259  -11.176326
-0.559101  0.712259  -11.176326
-0.559101  0.712259  -11.176326
-0.559101  0.712259  -11.176326
-0.559101  0.712259  -11.176326
-0.559101  0.712259  -11.176326
-0.559101  0.712259  -11.176326
1.182502  -0.333712  -9.432343
1.182502  -0.333712  -9.432343
1.182502  -0.333712  -9.432343
1.182502  -0.333712  -9.432343
0.731029  2.415373  -10.097926
0.992166  -0.082579  -7.805104
0.686981  -1.546735  -8.446571
0.686981  -1.546735  -8.446571
0.686981  -1.546735  -8.446571
0.686981  -1.546735  -8.446571
0.686981  -1.546735  -8.446571
0.686981  -1.546735  -8.446571
0.686981  -1.546735  -8.446571
0.686981  -1.546735  -8.446571
0.686981  -1.546735  -8.446571
-0.206613  0.056952  -7.562123
0.351500  1.641594  -9.728777
0.405212  -0.270489  -8.839448
-0.201313  0.048060  -9.102530
-0.201313  0.048060  -9.102530
0.496420  -0.156935  -8.424276
0.496420  -0.156935  -8.424276
0.496420  -0.156935  -8.424276
0.496420  -0.156935  -8.424276
0.496420  -0.156935  -8.424276
0.496420  -0.156935  -8.424276
0.496420  -0.156935  -8.424276
0.496420  -0.156935  -8.424276
0.496420  -0.156935  -8.424276
0.496420  -0.156935  -8.424276
1.209677  -0.198262  -6.817816
0.769494  -0.868823  -9.416810
0.769494  -0.868823  -9.416810
0.769494  -0.868823  -9.416810
0.769494  -0.868823  -9.416810
0.769494  -0.868823  -9.416810
0.769494  -0.868823  -9.416810
0.769494  -0.868823  -9.416810
0.118103  0.344338  -8.713729
-0.219937  0.412839  -9.954648
-0.219937  0.412839  -9.954648
-0.219937  0.412839  -9.954648
-0.167537  -0.001414  -9.381445
0.167509  -0.681433  -8.863186
0.167509  -0.681433  -8.863186
-0.781052  0.636497  -11.313283
-0.781052  0.636497  -11.313283
-0.781052  0.636497  -11.313283
-0.781052  0.636497  -11.313283
-0.781052  0.636497  -11.313283
-0.894775  0.718609  -10.117872
-0.921318  0.725636  -9.847171
-0.921318  0.725636  -9.847171
-0.921318  0.725636  -9.847171
-0.921318  0.725636  -9.847171
-0.921318  0.725636  -9.847171
-0.748987  0.709501  -9.302421
-0.748987  0.709501  -9.302421
-0.748987  0.709501  -9.302421
-0.748987  0.709501  -9.302421
-0.748987  0.709501  -9.302421
-0.748987  0.709501  -9.302421
-3.567845  2.149974  -8.904922
-6.764475  4.616137  -8.839487
-6.764475  4.616137  -8.839487
-6.764475  4.616137  -8.839487
-6.764475  4.616137  -8.839487
-2.617600  2.017805  -8.340749
-2.617600  2.017805  -8.340749
0.062962  -1.003441  -6.440547
0.062962  -1.003441  -6.440547
0.062962  -1.003441  -6.440547
0.062962  -1.003441  -6.440547
0.062962  -1.003441  -6.440547
0.062962  -1.003441  -6.440547
0.062962  -1.003441  -6.440547
0.062962  -1.003441  -6.440547
0.062962  -1.003441  -6.440547
-0.501481  0.805530  -8.601477
-0.501481  0.805530  -8.601477
-0.501481  0.805530  -8.601477
-0.501481  0.805530  -8.601477
-0.501481  0.805530  -8.601477
-0.501481  0.805530  -8.601477
-0.501481  0.805530  -8.601477
-2.965182  1.228563  -11.077384
-2.965182  1.228563  -11.077384
-2.965182  1.228563  -11.077384
-1.571295  0.094183  -10.503698
-0.472670  -0.414007  -9.085299
-0.472670  -0.414007  -9.085299
-0.164259  -0.054169  -8.010567
-3.045250  1.705615  -12.132608
-3.045250  1.705615  -12.132608
-2.744627  2.882501  -10.568944
-2.744627  2.882501  -10.568944
-1.438852  1.594003  -9.853075
-3.230326  2.017413  -13.097980
-3.230326  2.017413  -13.097980
-3.230326  2.017413  -13.097980
-3.230326  2.017413  -13.097980
-3.230326  2.017413  -13.097980
-1.914287  1.557844  -8.162605
-3.718040  2.600762  -11.602446
-3.718040  2.600762  -11.602446
-3.718040  2.600762  -11.602446
-3.718040  2.600762  -11.602446
-3.718040  2.600762  -11.602446
-3.604086  -0.005547  -9.460780
-3.604086  -0.005547  -9.460780
-1.088228  0.932804  -7.311464
-1.088228  0.932804  -7.311464
-1.088228  0.932804  -7.311464
-1.088228  0.932804  -7.311464
-1.088228  0.932804  -7.311464
-1.437456  0.576992  -9.625239
-1.437456  0.576992  -9.625239
-1.376769  -0.488616  -9.809013
-1.376769  -0.488616  -9.809013
-1.465939  0.479036  -9.912563
-1.465939  0.479036  -9.912563
-1.465939  0.479036  -9.912563
-0.711088  1.369648  -10.104765
-0.711088  1.369648  -10.104765
-0.711088  1.369648  -10.104765
-0.354991  2.021278  -10.568841
-0.354991  2.021278  -10.568841
-0.354991  2.021278  -10.568841
-0.754260  2.686835  -10.784513
-0.754260  2.686835  -10.784513
-0.621429  2.108582  -9.642488
-0.475286  -0.367494  -8.570552
-1.101763  0.048097  -10.054968
-1.491574  0.988029  -11.127951
-1.491574  0.988029  -11.127951
-0.351895  1.167670  -9.566473
-0.452910  1.305960  -7.604043
-0.635853  1.237351  -8.979275
-0.635853  1.237351  -8.979275
-0.635853  1.237351  -8.979275
-0.635853  1.237351  -8.979275
-0.635853  1.237351  -8.979275
-0.305588  0.993789  -10.923056
0.451700  0.357870  -8.934934
0.451700  0.357870  -8.934934
0.125295  -0.309282  -8.991473
-0.468608  0.945665  -10.842754
-0.468608  0.945665  -10.842754
-0.468608  0.945665  -10.842754
-0.468608  0.945665  -10.842754
-0.032180  -0.389836  -8.810700
-0.032180  -0.389836  -8.810700
-0.032180  -0.389836  -8.810700
-0.032180  -0.389836  -8.810700
-0.032180  -0.389836  -8.810700
0.217255  0.351212  -8.734356
0.217255  0.351212  -8.734356
0.217255  0.351212  -8.734356
0.217255  0.351212  -8.734356
0.217255  0.351212  -8.734356
-0.631113  -0.182490  -10.603044
0.668845  0.523148  -9.493475
0.304844  -1.008321  -8.586984
0.440802  0.157799  -10.284670
0.338420  0.514535  -9.492708
0.338420  0.514535  -9.492708
0.338420  0.514535  -9.492708
0.683089  -0.036908  -8.812411
0.683089  -0.036908  -8.812411
0.683089  -0.036908  -8.812411
0.683089  -0.036908  -8.812411
0.683089  -0.036908  -8.812411
0.683089  -0.036908  -8.812411
0.425510  1.006157  -9.069096
0.425510  1.006157  -9.069096
0.425510  1.006157  -9.069096
0.210223  0.776590  -10.210494
0.210223  0.776590  -10.210494
0.210223  0.776590  -10.210494
0.210223  0.776590  -10.210494
-0.172853  -1.531946  -8.759838
-0.483313  -0.885187  -10.810112
-0.483313  -0.885187  -10.810112
-0.483313  -0.885187  -10.810112
-0.483313  -0.885187  -10.810112
-0.483313  -0.885187  -10.810112
-0.446656  -1.017036  -10.165879
-0.446656  -1.017036  -10.165879
-0.387794  1.075701  -11.484199
-0.387794  1.075701  -11.484199
-0.387794  1.075701  -11.484199
-0.387794  1.075701  -11.484199
-0.387794  1.075701  -11.484199
-0.387794  1.075701  -11.484199
-0.752329  -1.594303  -10.307659
-0.463450  -0.195773  -11.262929
-0.463450  -0.195773  -11.262929
-0.463450  -0.195773  -11.262929
0.641410  1.452611  -8.472466
0.641410  1.452611  -8.472466
0.641410  1.452611  -8.472466
0.269637  0.009619  -9.867841
0.269637  0.009619  -9.867841
-0.063691  -0.282642  -9.488408
-0.063691  -0.282642  -9.488408
-0.063691  -0.282642  -9.488408
-0.197947  -0.870333  -8.624161
-0.197947  -0.870333  -8.624161
-0.197947  -0.870333  -8.624161
-0.197947  -0.870333  -8.624161
-0.379438  -0.640143  -9.582456
-0.379438  -0.640143  -9.582456
-0.986624  -0.523441  -11.242496
-0.986624  -0.523441  -11.242496
-0.604883  -1.115692  -10.269293
-0.538003  -1.364874  -9.850955
-0.538003  -1.364874  -9.850955
-1.081338  -0.243538  -11.521428
-1.081338  -0.243538  -11.521428
-1.337782  0.187068  -11.923489
-0.853723  -0.653894  -11.974996
-0.711712  -0.193628  -11.880337
-0.711712  -0.193628  -11.880337
-0.711712  -0.193628  -11.880337
-0.607277  -0.938202  -10.176884
-0.664614  -0.021051  -11.492832
-0.664614  -0.021051  -11.492832
-0.664614  -0.021051  -11.492832
-0.664614  -0.021051  -11.492832
-0.664614  -0.021051  -11.492832
-1.037012  0.466888  -10.983414
-0.870449  -0.646229  -9.414460
-0.870449  -0.646229  -9.414460
-0.500355  -0.234703  -10.830697
-0.500355  -0.234703  -10.830697
0.366358  -0.914335  -8.128968
0.377367  -0.063691  -9.036323
0.377367  -0.063691  -9.036323
0.377367  -0.063691  -9.036323
0.377367  -0.063691  -9.036323
0.377367  -0.063691  -9.036323
0.339660  0.012506  -8.286435
-0.164146  1.155309  -9.610793
-0.164146  1.155309  -9.610793
-0.164146  1.155309  -9.610793
0.307431  0.976665  -10.004655
0.618600  0.379589  -9.111862
-0.142739  0.347215  -9.533950
-0.142739  0.347215  -9.533950
-0.957774  0.522667  -11.386372
-0.114780  0.104362  -10.689934
-0.114780  0.104362  -10.689934
-0.114780  0.104362  -10.689934
-0.141195  -0.781404  -10.236889
-0.141195  -0.781404  -10.236889
0.029858  0.104189  -8.260906
0.029858  0.104189  -8.260906
0.029858  0.104189  -8.260906
-0.200419  -0.970821  -9.581279
-0.200419  -0.970821  -9.581279
-0.200419  -0.970821  -9.581279
-0.783313  -0.300052  -10.179240
-0.994694  -0.085300  -10.623093
-0.994694  -0.085300  -10.623093
-0.555852  -0.007865  -11.030120
-0.466017  0.709839  -12.124187
-0.219564  -0.232437  -11.289229
-0.820795  1.318101  -11.077652
0.108430  1.071216  -9.809308
0.108430  1.071216  -9.809308
0.108430  1.071216  -9.809308
0.109511  -1.069306  -10.608387
0.328789  1.232704  -10.116518
0.328789  1.232704  -10.116518
0.328789  1.232704  -10.116518
-0.620859  0.634430  -10.011876
-0.607808  0.384499  -10.984628
-0.878840  -0.099956  -12.843453
-0.599418  -1.305552  -11.418335
-1.398169  -0.048474  -11.529638
-1.398169  -0.048474  -11.529638
-1.398169  -0.048474  -11.529638
-1.398169  -0.048474  -11.529638
-0.582468  -0.489235  -10.238299
0.140909  -0.313972  -10.407961
0.140909  -0.313972  -10.407961
0.140909  -0.313972  -10.407961
1.019579  2.087603  -8.467511
1.104071  0.223053  -8.996636
1.104071  0.223053  -8.996636
-0.085869  1.893804  -10.097066
-0.085869  1.893804  -10.097066
-0.637164  -0.654769  -9.367465
-0.616527  0.013541  -10.500512
-0.616527  0.013541  -10.500512
-0.616527  0.013541  -10.500512
0.486115  1.050881  -9.050742
0.486115  1.050881  -9.050742
0.207237  0.384035  -9.575988
0.207237  0.384035  -9.575988
-0.593712  -0.565998  -10.330640
-0.593712  -0.565998  -10.330640
-0.776372  -0.400203  -10.476578
0.255071  -0.836443  -7.737578
0.678530  1.436473  -8.704885
0.678530  1.436473  -8.704885
0.002378  0.336035  -9.225710
0.002378  0.336035  -9.225710
-0.627532  -0.972918  -9.568173
-0.627532  -0.972918  -9.568173
0.115101  0.310789  -9.253830
1.246203  -0.569434  -8.781335
0.393392  0.397565  -10.206409
-0.618129  -0.145069  -12.479826
-0.618129  -0.145069  -12.479826
0.449895  0.156552  -8.605993
0.449895  0.156552  -8.605993
-0.240697  0.039119  -9.908015
-0.967279  -0.750701  -9.452932
-0.967279  -0.750701  -9.452932
-0.967279  -0.750701  -9.452932
0.040985  0.404961  -10.523309
-0.174036  -0.955131  -10.408867
0.053686  0.300593  -8.883439
0.053686  0.300593  -8.883439
-0.481704  -0.796090  -10.261315
0.138899  -0.867430  -8.628928
0.352766  0.568434  -8.958925
-1.301652  0.413624  -10.770376
-1.301652  0.413624  -10.770376
0.235378  0.204630  -10.972418
0.235378  0.204630  -10.972418
-0.292611  -0.201539  -8.558012
-0.292611  -0.201539  -8.558012
-0.292611  -0.201539  -8.558012
-0.447653  -0.681944  -9.092249
-0.447653  -0.681944  -9.092249
0.798426  0.343477  -9.987226
-0.001651  0.592912  -11.671442
-1.059629  0.313592  -11.222631
-0.655773  0.391863  -11.089319
-0.655773  0.391863  -11.089319
0.191906  -0.198569  -11.042803
0.191906  -0.198569  -11.042803
0.191906  -0.198569  -11.042803
0.191906  -0.198569  -11.042803
0.191906  -0.198569  -11.042803
0.191906  -0.198569  -11.042803
0.450072  -0.232472  -9.370616
-0.234630  -0.419884  -8.952572
-0.234630  -0.419884  -8.952572
-0.234630  -0.419884  -8.952572
-0.111963  -0.329192  -8.381438
-0.111963  -0.329192  -8.381438
-0.104264  0.508737  -9.372715
-0.104264  0.508737  -9.372715
-0.104264  0.508737  -9.372715
0.087292  0.127387  -9.533428
0.140274  -0.213662  -9.372194
0.140274  -0.213662  -9.372194
0.060766  0.656674  -11.528843
-0.580834  0.275828  -10.802628
0.360533  0.425393  -10.185913
0.360533  0.425393  -10.185913
-0.621062  0.080779  -11.088850
-0.621062  0.080779  -11.088850
0.477742  1.105542  -10.730428
0.477742  1.105542  -10.730428
0.122040  -0.426875  -9.649068
0.122040  -0.426875  -9.649068
1.051369  0.352793  -8.848758
0.175431  -0.641684  -8.004197
0.175431  -0.641684  -8.004197
0.054929  -0.046822  -9.562371
-0.253239  -0.347757  -9.526078
0.470045  0.084068  -9.445262
-0.184544  0.510662  -11.241736
-1.029948  -0.298990  -11.434036
-0.131200  0.114434  -10.820634
-0.152968  0.570489  -11.376492
-0.711215  0.009900  -11.010602
-0.711215  0.009900  -11.010602
0.276087  0.459840  -11.201704
-0.716470  0.161959  -10.770931
-0.716470  0.161959  -10.770931
-0.716470  0.161959  -10.770931
-0.459381  -0.171862  -10.507292
-0.462422  0.046907  -9.861558
-0.462422  0.046907  -9.861558
-0.142187  -0.053957  -9.919127
-0.142187  -0.053957  -9.919127
0.608374  -0.018079  -8.975522
-0.137969  -0.409468  -9.527020
-0.154859  -0.845805  -8.576065
-0.154859  -0.845805  -8.576065
0.483207  0.153051  -8.839115
-0.809526  -0.427529  -9.401700
-0.340036  -0.178492  -8.954220
-0.340036  -0.178492  -8.954220
0.100602  0.420105  -10.134908
-0.999967  -0.290659  -11.064495
0.186220  0.156849  -10.525785
-0.048155  0.205355  -10.957060
-0.048155  0.205355  -10.957060
-0.257471  -0.287636  -9.616948
-0.839079  -0.670016  -9.950667
-0.839079  -0.670016  -9.950667
0.089238  -0.609096  -9.613333
0.089238  -0.609096  -9.613333
0.089238  -0.609096  -9.613333
0.089238  -0.609096  -9.613333
0.089238  -0.609096  -9.613333
0.156463  -0.293982  -10.325342
0.249333  -0.002761  -10.060007
0.249333  -0.002761  -10.060007
-0.560175  -0.256995  -9.463686
-0.124636  0.290109  -9.472939
-0.124636  0.290109  -9.472939
-0.124636  0.290109  -9.472939
-0.124636  0.290109  -9.472939
0.384633  0.024120  -10.104439
0.027389  0.152315  -9.792446
-0.406000  -0.109320  -9.762829
-0.443434  -0.076015  -9.621119
-0.443434  -0.076015  -9.621119
-0.443434  -0.076015  -9.621119
-0.032112  0.050212  -9.559880
-0.032112  0.050212  -9.559880
-0.233399  0.110321  -9.804980
-0.233399  0.110321  -9.804980
-0.335232  -0.613987  -9.494426
-0.061432  -0.162864  -9.960137
-0.061432  -0.162864  -9.960137
0.192278  0.235568  -10.000407
0.222075  0.436913  -10.399494
0.091183  0.133538  -9.741372
0.091183  0.133538  -9.741372
0.091183  0.133538  -9.741372
0.091183  0.133538  -9.741372
-0.215688  -0.295982  -9.529644
-0.529698  -0.308124  -10.281497
-0.529698  -0.308124  -10.281497
0.093160  -0.186542  -10.075983
-0.080211  0.233561  -9.925851
-0.339271  0.102622  -10.071978
-0.262559  -0.052503  -10.151226
-0.262559  -0.052503  -10.151226
-0.262559  -0.052503  -10.151226
-0.732903  -0.150952  -10.257160
-0.732903  -0.150952  -10.257160
-0.732903  -0.150952  -10.257160
0.457640  0.954230  -10.974829
-0.350467  -0.370822  -9.959597
-0.350467  -0.370822  -9.959597
-0.118024  0.063285  -9.673006
0.385474  -0.049715  -9.016599
0.959331  0.016871  -8.052061
-0.033094  -0.366456  -9.229639
-0.408766  -0.886803  -9.190511
0.668509  -0.258198  -8.931312
0.514313  0.325352  -9.649480
-0.017257  -0.294474  -10.142966
-0.017257  -0.294474  -10.142966
0.248317  0.476030  -9.925201
-1.242761  -0.324787  -11.163810
-1.242761  -0.324787  -11.163810
-1.242761  -0.324787  -11.163810
-1.242761  -0.324787  -11.163810
-0.352066  0.088726  -9.914550
-0.352066  0.088726  -9.914550
-0.111100  0.221572  -11.372108
-0.391551  -0.189768  -10.197155
-0.391551  -0.189768  -10.197155
-0.042275  -0.002171  -9.695793
-0.217573  -0.556986  -8.974264
0.660212  -0.184049  -7.929233
0.660212  -0.184049  -7.929233
-0.226644  -0.579700  -8.995931
0.436250  -0.675754  -8.499671
0.678243  0.044919  -8.802540
-0.355058  -0.192854  -9.980147
-0.355058  -0.192854  -9.980147
0.318216  0.905127  -10.623269
-0.639477  0.551385  -10.978235
-0.639477  0.551385  -10.978235
0.453098  -0.506639  -9.922045
0.320739  -0.355357  -10.282652
-0.581026  -0.378273  -8.897968
0.260520  0.095052  -7.550330
0.260520  0.095052  -7.550330
0.463748  0.223660  -8.923403
-0.417779  -0.945946  -9.799681
0.581010  0.140762  -8.777361
-0.497844  -0.130445  -9.529893
-0.138169  0.130752  -9.554457
0.445651  0.902352  -10.624654
-0.807999  0.338695  -11.553252
-0.637282  -0.058198  -11.049673
0.001998  0.385997  -11.303493
-0.384167  0.329129  -11.604906
-0.407362  -0.060341  -10.425116
0.500044  0.084893  -10.086828
0.500044  0.084893  -10.086828
0.500044  0.084893  -10.086828
0.578178  0.607716  -9.976236
0.578178  0.607716  -9.976236
-0.859831  -0.006811  -9.459440
-0.003569  -0.408061  -7.980729
0.699853  -0.067122  -8.174925
0.396483  -0.749589  -9.345114
0.396483  -0.749589  -9.345114
0.983010  -0.113167  -8.338205
0.983010  -0.113167  -8.338205
-1.072921  0.111922  -11.757518
-0.691488  -0.214506  -11.231909
-0.691488  -0.214506  -11.231909
0.152383  0.621128  -10.668552
-0.411020  -0.514872  -10.161431
-0.411020  -0.514872  -10.161431
-0.411020  -0.514872  -10.161431
-0.279290  -0.468916  -10.041792
-0.279290  -0.468916  -10.041792
-0.279290  -0.468916  -10.041792
-0.649987  -0.271849  -9.536349
-0.649987  -0.271849  -9.536349
0.755453  0.136892  -9.220448
-0.082885  0.035214  -10.040109
-0.474846  -0.355630  -9.487053
-0.474846  -0.355630  -9.487053
0.491831  0.154571  -9.224332
-0.801371  -0.126423  -10.263383
-0.146350  -0.235803  -9.006209
0.491426  0.424517  -8.911874
-0.085534  -0.077528  -9.832283
-0.350671  -0.633629  -8.912189
0.675708  0.034843  -7.464231
0.627145  0.192073  -8.577476
-0.620416  -0.301854  -9.370442
-0.194166  -0.673296  -8.993977
-0.194166  -0.673296  -8.993977
0.548427  -0.159597  -8.984961
0.144446  0.300139  -9.834642
-0.404146  -0.368338  -9.923018
-0.404146  -0.368338  -9.923018
-0.404146  -0.368338  -9.923018
-0.404146  -0.368338  -9.923018
-0.404146  -0.368338  -9.923018
-0.284875  0.334535  -11.181572
-0.270284  -0.228283  -10.668609
-0.270284  -0.228283  -10.668609
0.294715  0.139805  -10.609036
0.294715  0.139805  -10.609036
0.163729  0.260968  -9.035075
0.163729  0.260968  -9.035075
0.163729  0.260968  -9.035075
0.008193  -0.514879  -8.799383
0.008193  -0.514879  -8.799383
0.008193  -0.514879  -8.799383
0.116152  0.024151  -9.390987
0.116152  0.024151  -9.390987
0.116152  0.024151  -9.390987
0.116152  0.024151  -9.390987
0.310541  0.413146  -9.025072
0.260833  0.346535  -9.857420
-0.446710  -0.496743  -10.181996
0.250395  -0.155532  -8.636368
0.250395  -0.155532  -8.636368
0.250395  -0.155532  -8.636368
0.850015  0.806391  -8.452052
0.850015  0.806391  -8.452052
0.013062  -0.107337  -9.271654
0.013062  -0.107337  -9.271654
0.697755  0.031360  -8.361784
0.697755  0.031360  -8.361784
0.697755  0.031360  -8.361784
0.520935  -0.021937  -8.232902
0.478827  0.475643  -9.703927
-0.539349  -0.094562  -9.971108
0.051079  0.349520  -9.540727
0.051079  0.349520  -9.540727
0.302177  0.834045  -10.846314
0.007022  -0.174067  -10.508008
0.590830  0.817204  -10.800394
-0.382921  0.365928  -11.541885
-0.382921  0.365928  -11.541885
0.384942  0.088536  -10.583909
0.300909  0.283517  -11.705370
-0.951787  -0.076083  -11.663290
-0.951787  -0.076083  -11.663290
-0.951787  -0.076083  -11.663290
-0.951787  -0.076083  -11.663290
-0.708158  -0.220319  -11.693205
-0.708158  -0.220319  -11.693205
-0.708158  -0.220319  -11.693205
-0.839216  -0.001836  -11.686633
-0.224238  0.175766  -10.719595
0.488857  0.537164  -10.649613
0.488857  0.537164  -10.649613
-0.341069  -0.495975  -10.413972
-0.341069  -0.495975  -10.413972
0.393310  0.267329  -9.336199
-0.566987  -0.457654  -9.455825
0.263380  -0.382442  -8.613041
0.547884  0.145797  -8.915314
0.547884  0.145797  -8.915314
0.547884  0.145797  -8.915314
0.547884  0.145797  -8.915314
0.006418  -0.175516  -8.330523
-0.605533  -0.244345  -10.534572
-0.605533  -0.244345  -10.534572
0.076825  0.144009  -9.972679
-0.595752  0.248836  -11.485439
-0.595752  0.248836  -11.485439
0.628946  0.157849  -10.208218
0.368379  0.413408  -10.690075
-0.190457  -0.172867  -9.854723
0.271682  -0.501099  -8.489605
0.572111  -0.052697  -8.665637
-0.121099  -0.129283  -9.214334
-0.121099  -0.129283  -9.214334
-0.282712  -0.744624  -8.677416
0.711490  0.810452  -9.034227
-0.489793  0.309727  -10.024990
-0.765498  -0.328515  -9.741786
0.710218  0.339147  -10.195674
0.710218  0.339147  -10.195674
0.710218  0.339147  -10.195674
0.447616  0.911053  -9.766725
0.447616  0.911053  -9.766725
0.447616  0.911053  -9.766725
0.005458  0.276865  -9.951591
0.683509  -0.202686  -8.167175
0.683509  -0.202686  -8.167175
0.683509  -0.202686  -8.167175
-0.406718  -0.604540  -9.834633
0.542886  0.471025  -9.525162
0.102125  0.758401  -10.592976
-0.766340  0.683873  -10.579931
0.413987  0.312358  -9.705407
0.413987  0.312358  -9.705407
0.413987  0.312358  -9.705407
-0.568466  -0.249456  -9.846867
-0.437660  -0.088685  -8.349163
0.743593  0.185237  -8.564825
0.743593  0.185237  -8.564825
0.743593  0.185237  -8.564825
-0.391663  -0.651088  -9.050272
-0.391663  -0.651088  -9.050272
-0.754673  0.438408  -10.826759
-0.754673  0.438408  -10.826759
0.029992  -0.373136  -9.770036
0.006156  0.426445  -10.322305
-1.079577  -0.127764  -11.028796
-1.079577  -0.127764  -11.028796
0.952004  0.645487  -10.440428
0.279898  0.791323  -11.108330
-0.802352  -0.394344  -10.331728
-0.802352  -0.394344  -10.331728
-0.802352  -0.394344  -10.331728
-0.802352  -0.394344  -10.331728
-0.272144  -0.698056  -9.020285
0.863523  -0.109428  -8.376771
0.863523  -0.109428  -8.376771
-0.584804  0.209242  -10.092503
-0.584804  0.209242  -10.092503
-0.263019  0.164409  -9.488535
-0.195705  0.026884  -11.781413
-0.595802  -0.271587  -11.117051
0.189140  -0.223835  -9.244316
0.189140  -0.223835  -9.244316
-0.550020  -0.211632  -9.392935
-0.550020  -0.211632  -9.392935
-0.550020  -0.211632  -9.392935
0.647086  0.900809  -9.427541
0.647086  0.900809  -9.427541
0.647086  0.900809  -9.427541
0.647086  0.900809  -9.427541
0.100653  0.419030  -10.194348
-0.768334  -0.414345  -10.521863
0.044446  -0.478954  -9.005442
0.044446  -0.478954  -9.005442
-0.197038  -0.364186  -9.244459
-0.329544  -0.787580  -9.824692
-0.019369  -0.200085  -10.091880
-0.019369  -0.200085  -10.091880
-0.019369  -0.200085  -10.091880
-0.063882  -0.210892  -9.700820
0.830304  0.248046  -10.397938
0.830304  0.248046  -10.397938
0.830304  0.248046  -10.397938
-0.513809  0.122919  -11.039952
-0.513809  0.122919  -11.039952
-0.349282  -0.723054  -9.269520
-0.106789  -0.683599  -8.316005
0.728473  0.357343  -7.807801
0.728473  0.357343  -7.807801
0.728473  0.357343  -7.807801
0.728473  0.357343  -7.807801
0.728473  0.357343  -7.807801
0.343431  0.521010  -10.172100
-0.239566  -0.137895  -9.490115
0.922878  0.360490  -8.647496
0.922878  0.360490  -8.647496
0.922878  0.360490  -8.647496
0.852832  -0.154286  -8.632268
0.748074  0.520828  -9.248773
0.156660  0.469439  -9.784458
0.156660  0.469439  -9.784458
0.243112  0.911144  -9.967506
-1.049470  0.085909  -11.312448
-1.049470  0.085909  -11.312448
-0.659128  -0.480004  -10.662184
0.543752  0.192692  -8.439647
0.108688  -0.093290  -9.180929
0.108688  -0.093290  -9.180929
0.529834  0.186795  -8.595545
-0.083442  0.095530  -9.650926
-0.192295  0.283084  -9.787555
-0.192295  0.283084  -9.787555
-0.554338  0.103820  -10.111733
-0.554338  0.103820  -10.111733
0.550726  0.525808  -9.571383
0.511009  0.339667  -9.683907
0.511009  0.339667  -9.683907
0.511009  0.339667  -9.683907
0.739090  -0.353731  -8.567708
0.739090  -0.353731  -8.567708
-0.323555  0.276638  -9.568232
0.068946  0.020354  -10.034141
0.383088  0.718416  -10.544154
-0.152108  0.121563  -11.182703
0.579851  0.211093  -9.693956
0.579851  0.211093  -9.693956
0.579851  0.211093  -9.693956
0.009193  0.070663  -9.473674
0.009193  0.070663  -9.473674
0.009193  0.070663  -9.473674
0.516475  0.500392  -8.408580
-0.135339  -0.159665  -9.690769
0.359334  0.121036  -9.564850
0.359334  0.121036  -9.564850
-0.628298  -0.113581  -11.168614
0.098119  0.165618  -10.182409
0.151226  0.458954  -10.930151
-0.989900  0.261010  -11.718254
-0.752080  -0.200308  -10.934098
-0.752080  -0.200308  -10.934098
0.162135  0.343656  -10.492415
0.162135  0.343656  -10.492415
0.162135  0.343656  -10.492415
0.513851  0.306727  -8.842704
0.513851  0.306727  -8.842704
-0.512582  -0.219482  -8.587528
-0.512582  -0.219482  -8.587528
-0.512582  -0.219482  -8.587528
-0.706072  -0.650954  -9.507465
0.378777  0.068235  -9.542264
0.378777  0.068235  -9.542264
0.378777  0.068235  -9.542264
0.032907  -0.005934  -10.377418
0.653605  0.473725  -10.933773
0.653605  0.473725  -10.933773
0.653605  0.473725  -10.933773
-0.252617  -0.131366  -9.235349
-0.510393  -0.136910  -9.282615
-0.510393  -0.136910  -9.282615
0.727605  0.291359  -8.193061
0.173814  -0.061985  -8.923573
0.173814  -0.061985  -8.923573
0.173814  -0.061985  -8.923573
0.415694  -0.303072  -7.746202
0.415694  -0.303072  -7.746202
-0.235999  -0.138154  -9.188393
0.524143  0.601057  -9.589847
0.524143  0.601057  -9.589847
0.524143  0.601057  -9.589847
-0.075623  -0.250931  -9.988108
-0.075623  -0.250931  -9.988108
-0.093567  0.485667  -9.813998
-0.093567  0.485667  -9.813998
-0.103564  0.016911  -9.810947
-0.108658  -0.134855  -10.035100
0.032942  0.140321  -9.795321
-0.276103  -0.104685  -9.868339
-0.276103  -0.104685  -9.868339
0.155056  0.110486  -9.640121
0.155056  0.110486  -9.640121
0.155056  0.110486  -9.640121
0.155056  0.110486  -9.640121
-0.092022  -0.107492  -9.526712
0.070431  0.086749  -9.468149
0.070431  0.086749  -9.468149
0.086132  -0.054326  -9.684718
0.086132  -0.054326  -9.684718
-0.173526  0.404379  -10.600019
-0.173526  0.404379  -10.600019
0.285562  0.216517  -10.154332
0.285562  0.216517  -10.154332
0.054750  0.043949  -9.926601
0.054750  0.043949  -9.926601
0.224085  -0.194320  -11.103817
-0.469927  -0.052814  -9.408431
-0.469927  -0.052814  -9.408431
0.598746  -0.004193  -8.742355
-0.014595  -0.095137  -9.589556
-0.183343  -0.045001  -9.707430
-0.183343  -0.045001  -9.707430
-0.093328  -0.061724  -9.885122
-0.093328  -0.061724  -9.885122
-0.093328  -0.061724  -9.885122
0.092619  0.240066  -9.933795
0.658080  0.279234  -9.826740
-0.290292  -0.383787  -9.822848
-0.290292  -0.383787  -9.822848
-0.148995  -0.073316  -10.008841
-0.003741  0.271926  -10.150013
0.038348  -0.049445  -10.016589
-0.254125  0.238658  -9.509122
-0.254125  0.238658  -9.509122
-0.254125  0.238658  -9.509122
0.653102  0.227899  -9.241664
-0.147343  0.572616  -9.131628
-0.566312  -0.475313  -8.953506
0.386753  -0.341998  -9.080757
0.386753  -0.341998  -9.080757
0.386753  -0.341998  -9.080757
0.386753  -0.341998  -9.080757
0.380414  -0.192415  -8.990328
0.045339  0.041679  -8.703064
-0.056909  0.142238  -9.982076
-0.387506  -0.411640  -10.572131
0.395833  0.528950  -10.673779
0.395833  0.528950  -10.673779
0.395833  0.528950  -10.673779
0.395833  0.528950  -10.673779
0.395833  0.528950  -10.673779
0.261665  -0.040226  -8.732963
0.388511  0.472858  -9.297593
0.388511  0.472858  -9.297593
0.388511  0.472858  -9.297593
-0.369352  -0.279168  -9.806830
-0.201091  -0.679907  -9.996162
0.562761  0.672728  -9.807842
0.562761  0.672728  -9.807842
0.562761  0.672728  -9.807842
0.562761  0.672728  -9.807842
0.067167  -0.303158  -10.254330
0.067167  -0.303158  -10.254330
0.067167  -0.303158  -10.254330
0.067167  -0.303158  -10.254330
-0.123871  0.004934  -10.000742
-0.123871  0.004934  -10.000742
0.320655  -0.666391  -8.218568
0.320655  -0.666391  -8.218568
0.801261  -0.136800  -8.667510
0.351144  0.124322  -9.001359
0.351144  0.124322  -9.001359
0.351144  0.124322  -9.001359
0.351144  0.124322  -9.001359
0.351144  0.124322  -9.001359
0.480356  0.254271  -10.293083
-0.307818  -0.392572  -9.312846
-0.087250  -0.762673  -8.263165
0.149137  0.663850  -9.430820
0.149137  0.663850  -9.430820
0.149137  0.663850  -9.430820
0.357665  0.068658  -10.840263
0.199729  0.077110  -11.505904
0.142090  0.503851  -9.259481
0.142090  0.503851  -9.259481
-0.530295  -0.155367  -9.430870
0.023328  0.423610  -10.914909
0.023328  0.423610  -10.914909
0.490507  0.323761  -10.399261
0.490507  0.323761  -10.399261
0.033378  -0.477045  -8.455574
0.446565  -0.419581  -8.844610
-0.415525  -0.609151  -8.992753
0.038465  -0.092840  -8.939327
0.038465  -0.092840  -8.939327
0.038465  -0.092840  -8.939327
0.299065  0.437720  -11.111918
-0.570947  -0.160918  -11.088461
0.122065  -0.611503  -9.697265
0.122065  -0.611503  -9.697265
0.122065  -0.611503  -9.697265
0.264312  0.469034  -9.034838
0.264312  0.469034  -9.034838
0.264312  0.469034  -9.034838
0.264312  0.469034  -9.034838
-0.096907  -0.771388  -9.630398
-0.096907  -0.771388  -9.630398
-0.096907  -0.771388  -9.630398
-0.539278  -0.188739  -9.751370
-0.019842  0.442329  -10.508629
-0.019842  0.442329  -10.508629
0.390858  0.638179  -9.861966
-0.357652  -0.514436  -9.470267
0.283424  -0.590709  -8.274642
0.459122  0.153280  -9.667871
0.459122  0.153280  -9.667871
0.459122  0.153280  -9.667871
0.459122  0.153280  -9.667871
-0.189873  -0.234705  -10.006018
-0.189873  -0.234705  -10.006018
-0.189873  -0.234705  -10.006018
0.801872  -0.074863  -8.551396
0.070168  0.371447  -9.270439
0.070168  0.371447  -9.270439
0.070168  0.371447  -9.270439
0.683658  0.120575  -10.133394
0.123181  0.079181  -9.748120
0.183216  0.213694  -9.891121
-0.210486  -0.546647  -9.157154
0.811626  0.056487  -8.724237
-0.315181  -0.185330  -9.150990
-0.315181  -0.185330  -9.150990
-0.315181  -0.185330  -9.150990
-0.315181  -0.185330  -9.150990
-0.315181  -0.185330  -9.150990
-0.315181  -0.185330  -9.150990
0.216311  -0.864251  -8.989399
-0.542358  -0.399693  -9.223022
-0.542358  -0.399693  -9.223022
-0.827360  0.013417  -9.555323
-0.151510  -0.022856  -11.405441
-0.151510  -0.022856  -11.405441
0.471835  0.223518  -9.817923
0.471835  0.223518  -9.817923
0.471835  0.223518  -9.817923
0.471835  0.223518  -9.817923
0.471835  0.223518  -9.817923
-0.012295  0.212115  -9.700048
-0.012295  0.212115  -9.700048
0.613573  0.137743  -9.127611
-0.252591  0.198641  -9.911303
-0.252591  0.198641  -9.911303
0.391800  0.507069  -10.818691
0.391800  0.507069  -10.818691
0.391800  0.507069  -10.818691
0.502477  0.005526  -9.381586
0.502477  0.005526  -9.381586
-1.156710  -0.057558  -9.820046
-1.156710  -0.057558  -9.820046
-1.156710  -0.057558  -9.820046
-1.156710  -0.057558  -9.820046
0.030683  0.238751  -8.184780
0.123937  0.158011  -9.010952
-0.611635  -0.866071  -10.462893
-0.611635  -0.866071  -10.462893
-0.611635  -0.866071  -10.462893
-0.404526  -0.249660  -9.533705
-0.404526  -0.249660  -9.533705
-0.154863  -0.538292  -8.935578
0.390624  -0.093925  -8.673463
0.390624  -0.093925  -8.673463
-0.181161  -0.185156  -10.495261
-0.181161  -0.185156  -10.495261
-0.665697  -0.134924  -9.931303
-0.665697  -0.134924  -9.931303
0.176741  0.113391  -9.802208
-0.126957  0.005846  -9.673445
-0.126957  0.005846  -9.673445
-0.632653  -0.418001  -10.377762
-0.632653  -0.418001  -10.377762
-0.174803  -0.490904  -9.720805
-0.127142  -0.519288  -9.607831
-0.127142  -0.519288  -9.607831
-0.127142  -0.519288  -9.607831
-0.127142  -0.519288  -9.607831
-0.127142  -0.519288  -9.607831
0.183048  0.330130  -10.966561
0.183048  0.330130  -10.966561
-0.501090  0.166877  -10.625280
-0.133843  0.551756  -11.132670
-0.133843  0.551756  -11.132670
-0.133843  0.551756  -11.132670
-0.035745  0.171713  -9.022202
-0.035745  0.171713  -9.022202
-0.035745  0.171713  -9.022202
-0.035745  0.171713  -9.022202
-0.035745  0.171713  -9.022202
-0.035745  0.171713  -9.022202
-0.270494  -0.239725  -9.663712
0.391290  0.282701  -10.204050
0.391290  0.282701  -10.204050
0.391290  0.282701  -10.204050
-0.773362  -0.311825  -10.306148
-0.773362  -0.311825  -10.306148
-0.773362  -0.311825  -10.306148
0.134242  -0.288500  -9.594652
0.317478  0.713007  -10.576726
0.208810  0.300297  -10.250484
0.208810  0.300297  -10.250484
0.353545  -0.022166  -9.618693
0.353545  -0.022166  -9.618693
0.353545  -0.022166  -9.618693
0.028702  0.177806  -9.613952
0.028702  0.177806  -9.613952
0.028702  0.177806  -9.613952
-0.661640  -0.284918  -10.188451
0.373708  -0.059364  -10.159578
0.373708  -0.059364  -10.159578
-0.183150  -0.261808  -8.505163
-0.631262  -0.380411  -9.382925
-0.631262  -0.380411  -9.382925
0.838378  0.398119  -10.070153
0.838378  0.398119  -10.070153
-0.161168  0.298629  -9.914927
-0.047098  0.241395  -8.459428
0.008398  -0.498595  -10.054741
0.008398  -0.498595  -10.054741
-0.127550  -0.038422  -9.876095
-0.127550  -0.038422  -9.876095
-0.127550  -0.038422  -9.876095
-0.127550  -0.038422  -9.876095
-0.090214  -0.435231  -9.792676
-0.090214  -0.435231  -9.792676
0.724062  -0.095928  -9.047495
0.724062  -0.095928  -9.047495
0.724062  -0.095928  -9.047495
0.724062  -0.095928  -9.047495
0.724062  -0.095928  -9.047495
0.538778  0.083960  -9.067687
0.538778  0.083960  -9.067687
-0.211609  0.187462  -9.683270
-0.484863  -0.759302  -10.232153
-0.484863  -0.759302  -10.232153
0.047870  -0.937562  -9.575879
0.047870  -0.937562  -9.575879
0.248824  0.431852  -9.950208
0.248824  0.431852  -9.950208
-0.201296  -0.651599  -8.825581
-0.201296  -0.651599  -8.825581
-0.201296  -0.651599  -8.825581
0.525922  0.516083  -10.682501
-0.143000  0.150482  -10.168961
0.107343  -0.053667  -8.717665
0.073176  -0.137492  -9.767286
0.773772  0.096653  -9.698528
0.773772  0.096653  -9.698528
0.773772  0.096653  -9.698528
0.773772  0.096653  -9.698528
0.773772  0.096653  -9.698528
-0.236822  0.130364  -9.625795
-0.236822  0.130364  -9.625795
-0.103810  -0.363919  -9.794858
-0.103810  -0.363919  -9.794858
-0.465941  0.255054  -10.018855
-0.465941  0.255054  -10.018855
-0.465941  0.255054  -10.018855
0.885465  0.329017  -9.768284
-0.352091  -0.433950  -9.678244
-0.179362  -0.074353  -9.084316
-0.179362  -0.074353  -9.084316
-0.179362  -0.074353  -9.084316
0.337329  0.384185  -9.432704
0.337329  0.384185  -9.432704
-0.326338  -0.423416  -10.362744
-0.326338  -0.423416  -10.362744
0.525548  -0.065601  -10.342779
0.525548  -0.065601  -10.342779
0.525548  -0.065601  -10.342779
-0.268386  -0.105708  -9.980203
-0.268386  -0.105708  -9.980203
-0.268386  -0.105708  -9.980203
0.646229  0.437119  -9.261926
-0.241150  0.307415  -10.032903
-0.241150  0.307415  -10.032903
-0.241150  0.307415  -10.032903
-0.721874  -0.715523  -10.060114
-0.721874  -0.715523  -10.060114
0.150945  0.530307  -10.133289
0.150945  0.530307  -10.133289
-0.064648  -0.131553  -10.196295
-0.165302  -0.266754  -9.459294
-0.165302  -0.266754  -9.459294
-0.165302  -0.266754  -9.459294
-0.165302  -0.266754  -9.459294
-0.165302  -0.266754  -9.459294
-0.165302  -0.266754  -9.459294
-0.165302  -0.266754  -9.459294
-0.165302  -0.266754  -9.459294
-0.435519  -0.530497  -9.579268
0.472873  0.267507  -9.680445
0.472873  0.267507  -9.680445
0.472873  0.267507  -9.680445
0.472873  0.267507  -9.680445
0.064642  0.214433  -9.735137
0.064642  0.214433  -9.735137
0.272243  0.607387  -10.228628
-0.570389  -0.487461  -9.877161
-0.507689  0.084250  -10.344593
0.158772  0.144558  -9.387683
0.158772  0.144558  -9.387683
0.158772  0.144558  -9.387683
0.158772  0.144558  -9.387683
0.158772  0.144558  -9.387683
0.158772  0.144558  -9.387683
-0.136713  -0.566858  -9.673199
-0.136713  -0.566858  -9.673199
0.234019  -0.325973  -9.360421
0.058305  -0.149023  -10.474873
0.058305  -0.149023  -10.474873
-0.110372  -0.173565  -9.666854
-0.110372  -0.173565  -9.666854
0.572298  0.046013  -9.178040
-0.523580  0.278176  -9.975398
-0.523580  0.278176  -9.975398
-0.523580  0.278176  -9.975398
0.882956  -0.064467  -9.891699
0.882956  -0.064467  -9.891699
0.882956  -0.064467  -9.891699
-0.288095  0.133522  -10.164652
0.325470  0.047778  -9.963018
0.325470  0.047778  -9.963018
-0.875278  0.098547  -9.807790
-0.353650  -0.436856  -9.859421
-0.353650  -0.436856  -9.859421
-0.353650  -0.436856  -9.859421
0.095093  0.589897  -11.028444
0.095093  0.589897  -11.028444
0.095093  0.589897  -11.028444
0.095093  0.589897  -11.028444
0.095093  0.589897  -11.028444
-0.085830  -0.286841  -10.341143
0.101249  0.177750  -10.692519
-0.031727  -0.096930  -9.130795
-0.031727  -0.096930  -9.130795
-0.031727  -0.096930  -9.130795
0.033405  0.100424  -9.996208
0.090850  -0.135908  -9.924622
0.090850  -0.135908  -9.924622
0.090850  -0.135908  -9.924622
0.090850  -0.135908  -9.924622
0.141146  0.353952  -10.611484
-0.280678  -0.270103  -8.809645
-0.280678  -0.270103  -8.809645
-0.280678  -0.270103  -8.809645
-0.280678  -0.270103  -8.809645
-0.280678  -0.270103  -8.809645
0.329318  0.117863  -9.933641
-0.095579  0.102134  -10.838157
-0.095579  0.102134  -10.838157
-0.352169  -0.436578  -9.412943
0.249954  0.159296  -9.518886
-0.446585  0.010881  -10.328598
-0.446585  0.010881  -10.328598
-0.446585  0.010881  -10.328598
-0.446585  0.010881  -10.328598
-0.077836  0.024487  -9.650404
-0.077836  0.024487  -9.650404
-0.077836  0.024487  -9.650404
-0.077836  0.024487  -9.650404
0.112702  -0.038897  -10.040351
0.112702  -0.038897  -10.040351
0.425456  0.107679  -9.418976
0.741492  -0.025991  -9.286338
0.741492  -0.025991  -9.286338
0.741492  -0.025991  -9.286338
0.741492  -0.025991  -9.286338
0.741492  -0.025991  -9.286338
0.741492  -0.025991  -9.286338
0.741492  -0.025991  -9.286338
0.257677  0.230040  -9.876863
-0.131052  0.293962  -9.593424
-0.131052  0.293962  -9.593424
0.227530  -0.148551  -10.116752
0.227530  -0.148551  -10.116752
0.227530  -0.148551  -10.116752
0.215600  -0.046271  -9.892583
0.215600  -0.046271  -9.892583
0.000222  0.280617  -9.621116
0.340993  -0.063484  -9.939765
0.340993  -0.063484  -9.939765
0.340993  -0.063484  -9.939765
0.340993  -0.063484  -9.939765
-0.174920  0.290230  -9.464309
-0.160806  0.085822  -9.744671
-0.160806  0.085822  -9.744671
-0.124834  -0.014488  -9.547901
-0.124834  -0.014488  -9.547901
-0.011581  -0.224395  -10.164403
-0.011581  -0.224395  -10.164403
-0.011581  -0.224395  -10.164403
-0.011581  -0.224395  -10.164403
