0.031967  0.003028  -9.771989
0.022046  0.004593  -9.772160
0.022044  0.004592  -9.771396
0.027737  0.021703  -9.748303
0.025754  0.005757  -9.757722
0.027108  -0.009271  -9.746043
0.027158  0.005832  -9.788216
0.026152  0.010395  -9.768613
0.020040  0.003320  -9.767859
0.019025  0.015417  -9.759538
0.025968  0.011323  -9.745145
0.022898  0.008158  -9.744108
0.029779  0.017975  -9.748396
0.029766  0.017972  -9.743666
0.026390  0.005899  -9.771707
0.026376  0.005894  -9.766296
0.026361  0.005889  -9.760550
0.029694  0.015031  -9.708797
0.032588  0.002632  -9.705700
0.028030  0.001333  -9.709337
0.021317  0.009412  -9.716863
0.021639  0.016260  -9.702116
0.041439  0.007351  -9.711135
0.039099  0.005223  -9.675859
0.030093  0.011323  -9.672812
0.030069  0.011316  -9.664194
0.028533  0.011519  -9.645969
0.021145  0.010374  -9.651735
0.021118  0.010366  -9.642215
0.022269  0.011988  -9.641086
0.039098  0.018363  -9.609150
0.027073  0.014815  -9.609616
0.017291  0.023479  -9.606300
0.016335  0.009879  -9.592570
0.028550  0.010890  -9.577824
0.028518  0.010878  -9.566302
0.023722  0.012466  -9.572766
0.024138  0.020563  -9.546093
0.033761  0.004236  -9.532524
0.029027  0.001069  -9.524797
0.028599  0.003040  -9.514926
0.028563  0.003027  -9.501802
0.030260  0.013169  -9.473099
0.024869  0.017191  -9.449244
0.031435  0.000176  -9.423057
0.031396  0.000162  -9.408923
0.022774  0.019881  -9.417177
0.019087  0.015617  -9.405149
0.025345  0.013006  -9.383389
0.027039  0.007351  -9.375982
0.027483  -0.004857  -9.390926
0.032374  0.010390  -9.356005
0.032330  0.010375  -9.340208
0.023595  0.026991  -9.300001
0.023549  0.026974  -9.283753
0.020450  0.014172  -9.254446
0.029218  0.005885  -9.248803
0.030041  0.004906  -9.263943
0.028837  0.015389  -9.225410
0.025121  0.017373  -9.215786
0.017888  0.006476  -9.186972
0.014398  0.001380  -9.187131
0.038844  0.013340  -9.166864
0.024863  0.005695  -9.128626
0.021388  0.004735  -9.154894
0.021336  0.004716  -9.136350
0.022124  0.007375  -9.087111
0.022072  0.007356  -9.068181
0.028087  0.012500  -9.026409
0.020167  0.005031  -9.007853
0.022158  0.007261  -9.010568
0.024071  0.012454  -8.972532
0.035122  0.015013  -8.954036
0.030376  0.018223  -8.951970
0.028407  0.007615  -8.898544
0.028350  0.007594  -8.878175
0.015911  0.004487  -8.873945
0.024670  -0.000501  -8.858666
0.029631  0.013714  -8.851868
0.010455  0.022504  -8.831213
0.010396  0.022482  -8.810019
0.016420  0.015039  -8.778327
0.012309  -0.002481  -8.731669
0.037840  -0.001822  -8.703082
0.026789  0.001842  -8.688854
0.026729  0.001820  -8.666895
0.020033  0.012713  -8.666368
0.017576  0.007558  -8.635677
0.028046  0.006448  -8.617912
0.027151  0.018261  -8.615989
0.020184  0.011228  -8.578336
0.037639  0.003460  -8.576372
0.044066  0.007175  -8.545794
0.044001  0.007151  -8.522716
0.021767  0.009561  -8.474421
0.015624  0.012842  -8.460253
0.036335  0.016570  -8.433565
0.036268  0.016546  -8.409981
0.032245  0.008298  -8.367807
0.028222  0.001359  -8.373195
0.024492  0.012319  -8.370426
0.020309  0.018043  -8.317020
0.010592  0.010093  -8.291345
0.010523  0.010067  -8.267058
0.017966  0.005957  -8.237524
0.017897  0.005930  -8.213020
0.018997  -0.003031  -8.187948
0.018928  -0.003057  -8.163235
0.017183  0.000692  -8.156084
0.019849  0.003660  -8.137804
0.027877  0.010890  -8.077157
0.016615  0.004943  -8.053596
0.019164  0.007962  -8.040648
0.016737  -0.000340  -8.002917
0.020289  -0.006348  -7.962203
0.020219  -0.006373  -7.936727
0.014748  0.024493  -7.938098
0.027972  0.027747  -7.889474
0.021488  0.026848  -7.897511
0.021417  0.026821  -7.871697
0.021981  0.011092  -7.865855
0.006528  0.011862  -7.824844
0.017404  0.018526  -7.795604
0.030532  0.009502  -7.751039
0.019551  0.001413  -7.723376
0.019479  0.001384  -7.697105
0.010746  0.017897  -7.712749
0.022274  0.020036  -7.662174
0.023468  0.011605  -7.608463
0.020104  0.005451  -7.601234
0.029187  0.010133  -7.584483
0.019935  0.001769  -7.559266
0.019862  0.001740  -7.532537
0.024952  -0.001733  -7.499611
0.019532  0.002680  -7.476819
0.019458  0.002652  -7.449916
0.007893  0.005192  -7.434656
0.025928  0.022362  -7.382760
0.025005  0.011452  -7.387055
0.015147  0.017869  -7.364529
0.012564  0.003549  -7.326867
0.010971  0.010012  -7.290665
0.018907  0.013920  -7.242801
0.008678  0.003979  -7.202526
0.008604  0.003949  -7.175188
0.008531  0.003919  -7.147809
0.008457  0.003890  -7.120392
0.017264  0.016728  -7.131763
0.022618  0.002094  -7.104642
0.014981  0.009380  -7.085145
0.022455  0.011257  -7.067490
0.022152  0.021954  -7.029213
0.007682  0.013364  -7.007905
0.007778  0.005591  -6.958809
0.014708  0.005613  -6.933073
0.014635  0.005582  -6.905360
0.023507  0.000513  -6.837044
0.026764  0.012400  -6.841655
0.026691  0.012369  -6.813870
0.017078  0.004590  -6.796288
0.009553  0.009242  -6.770172
0.028974  0.002562  -6.745397
0.021712  0.000770  -6.721779
0.007058  0.007196  -6.684772
0.021322  0.025961  -6.659751
0.021248  0.025930  -6.631838
0.011548  0.013883  -6.620329
0.015702  0.007278  -6.566028
0.022179  0.018207  -6.557145
0.017347  -0.000573  -6.516459
0.017273  -0.000606  -6.488490
0.017199  -0.000638  -6.460515
0.022015  0.010657  -6.408622
0.019450  0.001893  -6.388690
0.017267  0.000154  -6.386433
0.017193  0.000123  -6.358442
0.010863  0.003461  -6.322206
0.020154  0.003296  -6.284760
0.012460  0.010116  -6.265290
0.010050  0.006400  -6.222577
0.016222  -0.002743  -6.176862
0.008730  0.019370  -6.194930
0.012706  0.014069  -6.180002
0.022951  0.009159  -6.134901
0.022877  0.009128  -6.106937
0.020984  0.011308  -6.063828
0.028189  -0.001581  -6.010287
0.024330  0.005648  -5.983778
0.022937  0.016484  -5.969439
0.019415  0.011370  -5.936843
0.012577  0.002679  -5.941838
0.012278  0.004747  -5.907824
0.018537  0.006417  -5.866303
0.029475  0.010018  -5.833521
0.023449  0.009285  -5.812797
0.023374  0.009254  -5.784985
0.012921  0.006018  -5.777237
0.012845  0.005986  -5.749464
0.012770  0.005954  -5.721711
0.007488  0.011042  -5.676296
0.031070  -0.006772  -5.663631
0.017321  -0.003607  -5.617639
0.003873  0.005945  -5.603081
0.023895  0.017573  -5.577872
0.025485  0.016014  -5.537453
0.016453  0.020930  -5.516456
0.014098  0.005581  -5.466814
0.023712  0.014699  -5.430962
0.012243  0.004329  -5.404596
0.011090  -0.000368  -5.399973
0.011015  -0.000400  -5.372542
0.015733  0.011188  -5.348427
0.020887  -0.002066  -5.329886
0.020812  -0.002097  -5.302553
0.014242  0.013251  -5.268276
0.014167  0.013220  -5.241013
0.009067  0.014144  -5.219447
0.008992  0.014112  -5.192255
0.006545  0.007550  -5.160484
0.017706  0.006002  -5.111894
0.011607  0.002583  -5.100303
0.013800  0.000196  -5.072249
0.021741  -0.002662  -5.042038
0.021667  -0.002693  -5.015084
0.008976  0.001951  -4.992732
0.020743  0.012377  -4.943972
0.022470  0.005562  -4.918957
0.017221  0.012259  -4.894114
0.019029  0.004877  -4.901567
0.020873  0.001176  -4.843188
0.004062  0.011739  -4.820099
0.016041  -0.000833  -4.796032
0.008254  0.003830  -4.758898
0.014178  0.018064  -4.756793
0.013901  0.018135  -4.736555
0.013828  0.018104  -4.710151
0.017689  0.004130  -4.654887
0.017616  0.004098  -4.628583
0.013893  -0.001949  -4.605266
0.015612  0.012208  -4.568463
0.018654  0.008852  -4.534114
0.016524  0.002608  -4.519935
0.016541  0.009978  -4.515170
0.011060  0.007493  -4.473749
0.010747  0.009720  -4.441516
0.000234  0.008464  -4.421685
0.009193  0.005235  -4.408559
0.017021  0.014592  -4.377960
0.016035  0.013010  -4.347780
0.019394  0.008816  -4.321128
0.017887  0.007920  -4.295540
0.020221  -0.010003  -4.283983
0.022234  0.002724  -4.263120
0.015939  -0.008347  -4.233592
0.009365  -0.002581  -4.205608
0.010682  0.008030  -4.150883
0.021717  0.002440  -4.139800
0.000833  0.004222  -4.122797
0.008573  0.009057  -4.125525
0.021049  0.013013  -4.087382
0.020977  0.012983  -4.062389
0.015612  0.013431  -4.023980
0.010707  0.004922  -4.011495
0.010635  0.004891  -3.986691
0.004746  0.002302  -3.966638
0.017405  -0.001894  -3.928989
0.011532  0.007209  -3.906873
0.004468  0.011302  -3.881015
0.009068  -0.003168  -3.850944
0.004860  0.001509  -3.833497
0.006134  0.001695  -3.801520
0.000149  0.003751  -3.770522
0.007029  -0.001752  -3.745719
0.017478  0.002977  -3.729274
0.019604  -0.000076  -3.715466
0.019535  -0.000104  -3.691455
0.011360  0.003335  -3.671511
-0.003122  -0.006272  -3.651938
0.012975  -0.002407  -3.606331
0.014981  0.005574  -3.566656
0.010581  0.011619  -3.577643
0.010325  0.003280  -3.574720
0.014765  -0.002885  -3.525800
0.016491  0.007954  -3.473636
0.006805  0.010503  -3.472876
0.006738  0.010475  -3.449564
0.003739  0.003356  -3.421068
0.007707  -0.010770  -3.411474
-0.000040  -0.005686  -3.385953
0.007979  0.001148  -3.383614
0.008588  0.005717  -3.325878
0.012185  0.011168  -3.299948
0.019084  0.007209  -3.280648
0.015444  -0.000129  -3.255643
0.006968  0.011030  -3.229431
0.001898  -0.003417  -3.204752
0.002838  0.010690  -3.176687
-0.000053  0.013241  -3.176966
0.006944  -0.010979  -3.151004
0.016162  0.000569  -3.111279
0.015876  -0.001127  -3.107226
0.015951  0.006005  -3.098007
0.015888  0.005980  -3.075950
0.012163  0.011588  -3.038102
0.002232  0.001811  -3.001109
0.004926  -0.013010  -3.012912
0.002478  0.013463  -2.990906
0.013840  0.001060  -2.953501
0.013788  0.000260  -2.915592
0.003124  -0.006683  -2.922886
0.011572  -0.005923  -2.895087
0.012541  0.006983  -2.871088
0.002934  0.013262  -2.860683
0.000597  0.013709  -2.802469
0.014791  0.006636  -2.774578
0.014731  0.006612  -2.753520
0.013016  0.005971  -2.732549
0.015541  -0.006208  -2.755921
-0.006087  0.001618  -2.727647
0.005247  -0.009936  -2.723942
-0.008107  0.005037  -2.691613
0.002079  0.012498  -2.679471
0.009091  0.004452  -2.621473
-0.007128  0.005221  -2.609646
0.014169  0.007011  -2.599123
0.014112  0.006988  -2.578851
0.001312  0.010529  -2.534154
0.001256  0.010505  -2.514041
0.001199  0.010481  -2.494008
0.006647  -0.000644  -2.487535
0.020138  -0.001481  -2.478548
0.003304  0.018182  -2.459465
-0.008825  0.009807  -2.441308
0.005968  -0.005646  -2.423109
0.010455  0.006747  -2.390424
0.010401  0.006723  -2.370948
0.008028  0.000693  -2.343827
0.011743  0.003426  -2.344979
0.005742  0.005353  -2.319049
0.006096  0.002604  -2.318834
0.005530  0.001826  -2.301719
0.005477  0.001802  -2.282723
0.012036  0.002498  -2.268035
0.015532  -0.002290  -2.230777
0.009658  0.012259  -2.200733
0.009605  0.012236  -2.182057
0.003532  0.001775  -2.191168
0.004579  0.002591  -2.168076
-0.002051  0.008628  -2.145595
0.011668  -0.000373  -2.093119
0.006878  0.001820  -2.072121
0.005635  -0.005905  -2.079362
-0.002821  0.000598  -2.087543
0.002492  0.004221  -2.052306
0.002441  0.004199  -2.034352
0.006375  -0.000802  -2.009387
0.014595  0.006512  -1.979391
0.002600  0.013439  -1.969481
0.008805  0.002858  -1.946067
0.014418  -0.000181  -1.912938
0.021863  0.008761  -1.916981
0.011100  0.000660  -1.894403
0.011905  -0.015150  -1.868152
0.001030  0.001574  -1.855051
-0.000772  0.015013  -1.852196
-0.000821  0.014992  -1.835128
0.003598  0.006019  -1.805009
0.003549  0.005997  -1.788101
-0.006154  0.003339  -1.766604
0.014639  -0.001394  -1.777847
0.015705  0.010439  -1.745942
0.009995  0.005887  -1.739717
0.002472  0.001499  -1.694112
0.006746  0.003306  -1.695832
0.000883  0.006643  -1.698373
0.000836  0.006621  -1.682105
-0.002298  -0.006737  -1.630132
0.010051  0.000964  -1.645632
0.001243  -0.000293  -1.622769
-0.001749  0.001493  -1.600468
-0.001794  0.001472  -1.584598
0.002887  -0.008531  -1.571639
0.007399  0.010497  -1.549160
0.015225  0.006661  -1.520591
0.011268  0.010264  -1.518354
0.011223  0.010243  -1.502882
0.001547  0.010659  -1.501433
0.006225  -0.000296  -1.488461
0.017194  0.001251  -1.460806
-0.000406  0.003880  -1.438802
0.004161  0.007106  -1.413138
0.007575  0.002675  -1.410854
0.002535  -0.009705  -1.390938
0.002491  -0.009726  -1.376092
0.004730  -0.002212  -1.370439
0.003785  -0.001209  -1.356099
0.001007  0.008687  -1.326841
-0.001550  0.010678  -1.316870
0.004267  0.005372  -1.322429
0.002609  -0.007018  -1.304480
0.006046  -0.007275  -1.295525
0.004928  0.000276  -1.282557
-0.001725  -0.000807  -1.272739
-0.003595  0.007287  -1.223048
0.005232  0.010790  -1.212308
0.005192  0.010771  -1.198394
0.005152  0.010751  -1.184556
-0.008338  -0.001508  -1.188170
0.006317  0.007771  -1.168732
0.012082  0.009353  -1.151151
-0.006694  0.005429  -1.138122
0.010413  -0.002850  -1.151490
0.003830  0.001651  -1.139078
-0.006389  0.006187  -1.148728
0.004558  -0.003668  -1.106551
0.004521  -0.003687  -1.093396
0.001677  0.013512  -1.071047
-0.000479  0.004699  -1.036942
-0.000516  0.004680  -1.024014
0.002369  0.004054  -1.027033
-0.003596  0.006246  -1.016013
0.005977  0.007666  -1.021325
0.002067  0.010406  -1.008543
-0.024877  -0.011039  7.822444
-0.009816  -0.006329  7.882933
-0.009951  -0.006402  7.929585
-0.045473  0.009840  7.983330
-0.035745  -0.002494  8.004378
-0.004728  -0.023694  8.109656
-0.031906  0.017431  8.116003
-0.083806  -0.102646  8.191170
-0.083885  -0.102687  8.226573
-0.083940  -0.102698  8.260175
-0.083972  -0.102677  8.292000
-0.083980  -0.102627  8.322068
-0.083967  -0.102547  8.350406
-0.083931  -0.102438  8.377031
-0.013205  -0.034813  8.778556
-0.081719  0.017667  8.467983
0.019047  -0.094501  8.226778
0.019114  -0.094340  8.246745
0.019169  -0.094155  8.265189
-0.045650  0.032442  8.060491
-0.045596  0.032637  8.076033
-0.045532  0.032817  8.090188
0.097848  0.322285  8.387065
0.074680  -0.684207  9.185863
0.372356  -0.660556  9.123050
0.372245  -0.660084  9.131146
0.372016  -0.659416  9.137668
0.371670  -0.658554  9.142633
0.371210  -0.657502  9.146071
0.027270  -0.038169  7.990585
0.026695  -0.036942  7.991402
-0.021854  0.157005  8.292659
-0.022418  0.158150  8.291208
-0.558507  0.059954  7.231359
-0.558878  0.060990  7.227962
-0.559072  0.061988  7.223785
-0.559091  0.062948  7.218838
-0.558939  0.063872  7.213139
-0.664345  -0.020279  8.470779
-0.526976  -0.490881  8.895315
-0.526306  -0.489867  8.886522
-0.525488  -0.488717  8.876525
-0.524523  -0.487435  8.865340
-0.092390  -0.300330  8.726491
-0.091276  -0.298848  8.713037
-0.054565  0.036348  8.611389
-0.053452  0.037860  8.595828
-0.052346  0.039333  8.579266
-0.352705  0.188105  7.798297
-0.351517  0.189457  7.780027
-0.350244  0.190727  7.761053
-0.348887  0.191916  7.741386
-0.347447  0.193025  7.721045
-0.116702  -0.110600  7.368115
-0.115175  -0.109553  7.346581
-0.113641  -0.108489  7.324525
-0.112102  -0.107408  7.301963
-0.110556  -0.106311  7.278906
-0.109006  -0.105199  7.255368
-0.107452  -0.104072  7.231363
-0.105893  -0.102930  7.206907
-0.104330  -0.101775  7.182016
-0.102764  -0.100606  7.156703
-0.101196  -0.099424  7.130976
-0.099625  -0.098230  7.104852
-0.098051  -0.097025  7.078341
-0.096477  -0.095808  7.051459
-0.094901  -0.094580  7.024221
-0.093324  -0.093341  6.996637
-0.091747  -0.092093  6.968719
-0.090169  -0.090836  6.940481
-1.290643  1.137738  10.238356
-1.288691  1.138629  10.208481
-1.490037  1.436518  8.246715
-1.848641  1.250381  8.274554
-1.845366  1.250057  8.242029
-1.841570  1.249351  8.208857
-0.297095  0.725623  7.567563
-0.292770  0.724335  7.533334
-0.288428  0.722846  7.498696
0.101887  0.009093  7.646725
0.106138  0.007435  7.611259
0.110282  0.005805  7.575374
0.047219  -0.015205  6.877178
0.051176  -0.016771  6.840707
0.055050  -0.018302  6.804067
-0.208296  -0.048369  8.205263
0.766526  0.308327  7.365283
1.045794  0.422356  7.698747
1.048901  0.420729  7.660604
0.329682  0.320643  7.171305
0.332264  0.318846  7.132497
0.334701  0.316981  7.093449
0.336996  0.315050  7.054174
0.339150  0.313056  7.014687
0.111175  -0.059703  7.025140
0.550837  -0.401203  8.632907
0.552587  -0.403045  8.592314
0.261291  0.645193  7.101823
0.262739  0.643339  7.060336
0.497550  -0.054593  5.912416
-0.280906  -0.057629  4.842232
-0.279660  -0.059549  4.801211
-0.278341  -0.061417  4.760689
-0.276951  -0.063233  4.720663
-0.275493  -0.064999  4.681134
-0.273968  -0.066714  4.642102
-0.272376  -0.068380  4.603569
-0.270721  -0.069997  4.565538
-0.269003  -0.071564  4.528009
-0.267224  -0.073083  4.490979
0.425061  -0.173759  8.196425
0.426742  -0.175152  8.159224
0.054823  -0.411017  6.401407
0.056312  -0.412183  6.363459
0.645027  -0.121478  6.447169
0.646261  -0.122443  6.409028
0.647279  -0.123355  6.370787
0.648085  -0.124214  6.332453
0.648682  -0.125022  6.294042
0.141580  -0.053251  5.203175
0.141928  -0.053980  5.164968
0.142234  -0.054683  5.127037
0.848469  0.057541  6.114076
0.848472  0.056857  6.076392
0.284238  -0.537517  6.220604
0.271359  0.519304  4.985637
0.270957  0.518633  4.948161
-0.199248  0.537701  6.039921
-0.199641  0.536719  6.002723
-0.199957  0.535584  5.965500
-0.200196  0.534297  5.928262
0.023775  -0.062879  5.673229
0.068234  0.882552  5.204746
0.253650  0.254836  5.259960
0.305665  -0.201101  5.940119
0.305342  -0.202714  5.903298
0.547401  -0.299621  5.139737
0.546841  -0.301030  5.103111
0.546127  -0.302324  5.066708
0.143606  -0.034359  5.059806
0.281483  -0.616489  4.864105
0.280531  -0.617434  4.828424
0.225904  -0.166805  4.330961
0.224844  -0.167483  4.295985
0.223740  -0.168102  4.261435
0.222593  -0.168662  4.227312
0.221403  -0.169163  4.193619
0.220173  -0.169608  4.160357
0.218902  -0.169997  4.127527
0.217592  -0.170330  4.095128
0.216244  -0.170609  4.063155
-0.125984  0.980186  5.087407
-0.127299  0.979653  5.055962
-0.128545  0.978819  5.024619
-0.129721  0.977688  4.993383
-0.077248  0.495391  3.760164
-0.078307  0.493833  3.729530
-0.052637  0.747072  4.223619
-0.053606  0.745172  4.193813
-0.054535  0.743067  4.164340
-0.055424  0.740761  4.135201
-0.056275  0.738258  4.106395
0.036052  -0.056510  3.421089
-0.681708  -0.111183  4.294752
-0.170087  0.212466  4.464475
-0.170588  0.209875  4.436991
-0.171021  0.207256  4.409702
-0.171387  0.204612  4.382615
0.230594  -0.345414  4.262081
0.230232  -0.347936  4.235425
0.229811  -0.350312  4.209006
0.229331  -0.352545  4.182828
0.228793  -0.354636  4.156893
0.228198  -0.356588  4.131201
-0.123013  -0.363910  3.664180
0.054059  -0.482231  4.465223
0.053462  -0.483736  4.440276
0.205185  0.259562  2.492985
0.204539  0.258160  2.468897
0.275647  -0.542731  4.855051
-0.689361  -0.094954  1.891636
-0.689889  -0.096192  1.869133
0.229740  -0.592756  4.516438
0.229381  -0.593754  4.494855
0.364907  -0.713922  4.319979
0.364385  -0.714498  4.298526
0.363764  -0.714850  4.277170
0.363045  -0.714982  4.255912
0.362230  -0.714896  4.234755
-0.073164  -0.052269  4.193934
-0.367287  0.328012  2.940612
-0.368018  0.328195  2.920177
-0.368618  0.328262  2.900240
0.172837  -0.281394  1.352417
0.172327  -0.281361  1.333945
0.298482  0.019275  3.990875
0.297852  0.019369  3.973464
0.297145  0.019445  3.956159
0.296362  0.019505  3.938963
0.295503  0.019548  3.921884
0.202598  -0.167772  1.978537
0.201624  -0.167703  1.962284
0.200607  -0.167592  1.946742
0.391262  -0.342876  2.280357
0.390104  -0.342629  2.266101
0.388849  -0.342289  2.252424
0.243831  -0.343127  2.354562
0.242431  -0.342604  2.341978
-0.189070  0.337106  3.699062
-0.190430  0.337593  3.687082
0.392854  -0.671931  2.599616
0.391483  -0.671374  2.588151
0.390017  -0.670626  2.577107
0.187440  -0.534115  5.656110
-0.608601  1.013610  4.209336
-0.609968  1.014344  4.198060
-0.611118  1.014739  4.186696
0.187610  -0.206720  4.169207
0.186635  -0.206605  4.157678
0.581140  -0.222154  7.170910
0.579965  -0.221928  7.158288
-0.168344  -0.089450  1.363131
-0.169601  -0.089152  1.350342
-0.520680  0.098987  1.334298
-0.521674  0.099254  1.323140
-0.522485  0.099476  1.312781
-0.036428  -0.229157  4.859017
0.120183  0.411759  2.958953
0.119551  0.411856  2.949318
0.118893  0.411813  2.939946
0.081894  -0.021013  3.359805
0.081200  -0.021192  3.350805
0.250882  0.126537  2.978925
-0.438499  0.854609  3.394728
-0.439117  0.854115  3.386187
-0.439586  0.853352  3.377748
0.266444  -0.268499  1.185097
0.266046  -0.269431  1.177539
0.265573  -0.270272  1.170752
-0.408981  0.406838  3.691857
-0.224346  0.379890  2.372528
-0.772269  0.444954  1.782151
-0.772350  0.443837  1.777002
-0.772187  0.442591  1.772396
-0.771785  0.441219  1.768323
0.039696  -0.056747  3.206128
-0.161791  0.513066  3.025355
-0.161134  0.511461  3.021994
0.402070  -0.452448  3.664456
0.252992  -0.397725  3.215263
0.253465  -0.399168  3.211991
0.253852  -0.400472  3.208776
0.050125  -0.288350  2.962000
0.050407  -0.289415  2.958971
-0.478874  0.342694  2.242726
-0.478465  0.341627  2.240180
-0.477911  0.340461  2.237982
-0.023989  0.280007  2.873742
-0.023297  0.278668  2.872021
0.329328  -0.029268  2.288085
0.329904  -0.030658  2.286817
0.330368  -0.032026  2.285859
0.058054  -0.305264  4.467069
0.058385  -0.306502  4.466037
0.058694  -0.307633  4.464628
0.058981  -0.308660  4.462847
-0.167378  0.706123  3.816834
-0.238851  0.560624  2.298907
-0.238465  0.559317  2.296928
-0.238009  0.557845  2.295269
-0.237485  0.556213  2.293926
-0.236893  0.554424  2.292891
-0.236236  0.552480  2.292158
-0.235514  0.550384  2.291725
0.057596  0.027013  3.247890
0.058352  0.024788  3.247738
0.059078  0.022580  3.247571
0.059776  0.020392  3.247392
-0.016963  0.229224  4.612292
-0.016298  0.227007  4.611664
-0.273249  -0.468312  2.356663
-0.272511  -0.470402  2.355882
-0.271699  -0.472323  2.355382
0.146371  -0.233857  3.942917
0.147198  -0.235521  3.942461
0.147968  -0.237096  3.941782
0.148680  -0.238583  3.940885
0.149337  -0.239984  3.939775
-0.046768  -0.170570  0.362083
-0.046159  -0.171825  0.361666
-0.045544  -0.173019  0.362145
0.021023  -0.105232  1.597130
0.988282  -1.645953  3.415781
0.988573  -1.646531  3.417515
0.988553  -1.646598  3.419148
0.988227  -1.646164  3.420681
0.987601  -1.645237  3.422114
0.128115  -0.245136  0.365373
0.403511  -0.068345  2.203407
0.402462  -0.066916  2.205882
-0.003452  -0.624123  5.023699
-0.004582  -0.622557  5.025818
-0.005687  -0.620839  5.027328
-0.006769  -0.618971  5.028237
0.098154  -0.342292  1.949126
0.097087  -0.340220  1.949831
0.096010  -0.338091  1.950912
0.094924  -0.335908  1.952364
0.093830  -0.333672  1.954183
0.092728  -0.331384  1.956363
0.091618  -0.329046  1.958895
0.090501  -0.326660  1.961770
0.089378  -0.324226  1.964983
0.088248  -0.321746  1.968526
0.276118  -0.473160  2.985250
0.274918  -0.470545  2.989126
0.273654  -0.467840  2.993006
-0.258872  0.264516  1.984856
0.025011  0.182686  0.961634
-0.358684  -0.164450  1.613841
-0.359755  -0.161922  1.619096
-0.360694  -0.159398  1.624760
-0.361502  -0.156879  1.630823
-0.362182  -0.154366  1.637272
0.001238  -0.104535  4.133119
-0.583170  0.766117  0.825601
-0.583520  0.768309  0.832661
-0.583681  0.770211  0.840341
-0.583656  0.771829  0.848629
-0.583448  0.773168  0.857514
-0.069272  -0.081048  4.447054
-0.068868  -0.079988  4.455974
-0.068448  -0.078931  4.464355
-0.068014  -0.077878  4.472209
0.102478  -0.017953  3.866111
0.102888  -0.016925  3.873120
-0.125967  0.157337  2.472970
-0.125562  0.158267  2.479784
0.243731  -0.483413  3.721271
0.412208  -0.000689  2.328491
0.412430  0.000268  2.335325
0.412520  0.001199  2.342323
0.412481  0.002104  2.349482
0.066973  -0.234325  4.079247
-0.250273  0.378134  3.995475
-0.250374  0.378921  4.002060
-0.605132  1.195444  -0.490657
-0.038138  -0.078999  2.148472
-0.037957  -0.078736  2.155992
0.419728  -0.707510  4.110557
-0.173637  0.073426  5.157173
-0.173525  0.073870  5.163790
-0.173360  0.074274  5.169701
0.428702  -0.217959  3.837802
0.428784  -0.217539  3.842752
0.428730  -0.217067  3.847436
-0.194479  0.164846  4.108929
-0.194600  0.165301  4.113015
-0.392215  0.167074  2.973708
-0.392147  0.167394  2.977489
-0.391956  0.167648  2.981296
-0.391644  0.167837  2.985129
-0.391214  0.167963  2.988985
-0.390667  0.168025  2.992863
-0.390007  0.168026  2.996764
-0.389235  0.167967  3.000686
-0.084513  0.140857  3.567713
-0.083618  0.140688  3.571500
-0.082712  0.140470  3.575131
-0.081794  0.140204  3.578610
0.032645  -0.016216  5.551871
0.033550  -0.016527  5.554438
0.034429  -0.016835  5.556253
-0.032152  0.077615  2.892066
-0.184824  0.092458  3.018304
-0.183927  0.092094  3.019550
0.221462  -0.187923  4.102017
0.222320  -0.188260  4.103054
-0.002117  -0.421088  3.149699
-0.001353  -0.421240  3.150491
-0.000599  -0.421266  3.151312
0.000144  -0.421167  3.152158
0.000876  -0.420947  3.153028
0.066404  -0.273100  3.204352
0.067095  -0.272688  3.205266
0.067755  -0.272207  3.206196
0.135814  -0.522986  3.794034
0.312856  -0.386717  2.883538
0.054750  -0.463354  4.177291
0.055202  -0.462435  4.177886
0.281774  0.110587  5.197639
0.282110  0.111567  5.197347
0.654621  -0.952456  4.447531
0.654660  -0.951262  4.446301
0.654496  -0.949799  4.444734
0.087047  -0.451047  2.496712
0.183817  0.108135  2.517340
0.183388  0.109893  2.515997
0.182912  0.111579  2.514920
0.182390  0.113194  2.514105
0.181822  0.114737  2.513545
0.181210  0.116211  2.513238
0.180555  0.117617  2.513178
0.179858  0.118954  2.513360
0.253980  -0.214450  2.655242
0.253177  -0.213141  2.655856
0.252312  -0.211795  2.656654
0.251385  -0.210412  2.657635
0.057277  -0.113201  1.685697
0.056292  -0.111778  1.687342
0.055308  -0.110351  1.689463
0.073525  -0.157951  3.958895
0.239302  0.075344  4.419632
0.638743  -0.210189  4.231704
0.637522  -0.208757  4.233321
0.636125  -0.207291  4.234617
0.258073  0.006450  3.714499
0.256451  0.007917  3.715332
-0.076182  0.375598  4.276949
-0.449420  0.056035  4.873262
-0.450868  0.057277  4.873136
-0.327537  0.042941  4.866384
-0.539404  0.477721  2.018548
-0.540368  0.478706  2.017868
-0.541146  0.479520  2.017600
0.018353  -0.131802  3.224784
-0.232637  0.050201  2.833077
-0.233142  0.050841  2.833381
-0.233564  0.051448  2.833827
-0.233905  0.052025  2.834411
-0.234167  0.052572  2.835131
-0.002563  0.021665  4.910850
-0.002742  0.022162  4.911181
-0.002916  0.022640  4.911001
-0.003086  0.023098  4.910320
-0.047243  0.080589  5.831957
-0.047391  0.080992  5.830014
-0.047520  0.081358  5.827313
-0.047632  0.081689  5.823870
-0.047727  0.081985  5.819693
-0.047804  0.082247  5.814798
-0.047866  0.082474  5.809200
-0.023877  -0.755086  3.163955
-0.100109  -0.465617  3.514881
-0.100113  -0.465058  3.508782
-0.100085  -0.464368  3.502725
-0.100025  -0.463548  3.496709
0.026364  -0.122770  3.026695
0.576499  -0.436581  2.830290
0.148050  -0.552186  5.076909
0.147904  -0.550953  5.070905
0.147716  -0.549572  5.064443
0.147485  -0.548046  5.057535
0.147212  -0.546378  5.050191
0.146898  -0.544572  5.042421
0.146544  -0.542629  5.034238
0.146150  -0.540552  5.025653
-0.191018  0.112234  5.628070
-0.191383  0.114365  5.618508
-0.191681  0.116422  5.608377
-0.020640  0.110322  4.227148
-0.020862  0.112233  4.216343
-0.021073  0.114074  4.205427
-0.038788  0.123806  2.858855
-0.038974  0.125506  2.848146
-0.039144  0.127137  2.837748
-0.039298  0.128698  2.827658
-0.039438  0.130190  2.817879
-0.039563  0.131615  2.808407
-0.039673  0.132973  2.799239
-0.039769  0.134265  2.790370
-0.039851  0.135492  2.781795
-0.039919  0.136655  2.773509
-0.065190  0.199180  3.758282
-0.110906  -0.146101  4.925104
-0.110904  -0.145055  4.916690
-0.110867  -0.143983  4.907895
-0.110796  -0.142884  4.898724
-0.110691  -0.141759  4.889186
0.285909  -0.122144  1.260075
0.285954  -0.120975  1.250961
0.285909  -0.119789  1.242616
0.285776  -0.118586  1.235031
0.285555  -0.117366  1.228193
0.285249  -0.116130  1.222094
0.284859  -0.114878  1.216722
-0.334919  0.329562  4.814064
-0.335279  0.330704  4.808986
-0.335528  0.331725  4.803493
-0.335667  0.332624  4.797598
0.063480  0.113476  3.121038
0.063429  0.114209  3.114881
0.063358  0.114896  3.108853
-0.416520  0.452611  0.983620
-0.075746  -0.275363  1.569653
-0.120298  -0.414971  3.008226
-0.221160  -0.266904  3.043786
-0.094262  0.000306  3.702937
-0.094067  0.001056  3.698596
-0.093846  0.001795  3.694171
-0.250406  0.171813  3.083957
-0.250086  0.172476  3.079564
-0.249694  0.173075  3.075283
0.075324  0.074898  4.473662
-0.060728  -0.186666  4.142495
-0.293850  0.429817  4.004725
0.902745  -0.694365  3.717257
0.902982  -0.693739  3.712286
0.902932  -0.692904  3.707238
-0.314824  0.532333  1.972505
0.122216  -0.675951  2.410243
0.121954  -0.674896  2.405904
0.121658  -0.673644  2.401882
0.404005  -0.536742  3.202024
-0.519647  0.212879  1.979925
-0.519926  0.214376  1.976702
-0.166529  -0.177299  4.780180
-0.166586  -0.175858  4.776930
-0.166590  -0.174385  4.773233
-0.166542  -0.172880  4.769097
-0.166443  -0.171344  4.764533
-0.166294  -0.169777  4.759549
-0.166095  -0.168182  4.754156
-0.165848  -0.166557  4.748363
-0.165553  -0.164906  4.742178
0.863212  -1.330654  1.955909
0.863278  -1.328585  1.949829
0.646054  -1.618611  3.791514
0.645650  -1.615690  3.785814
0.645051  -1.612311  3.780015
0.644260  -1.608480  3.774119
0.643281  -1.604209  3.768127
0.642118  -1.599504  3.762041
0.640775  -1.594376  3.755864
-0.355800  1.058410  2.086252
0.015779  0.331826  3.683519
0.014414  0.336763  3.677635
0.013067  0.341515  3.671684
-0.627008  1.333761  4.469682
-0.628117  1.337842  4.463359
-0.629012  1.341441  4.456733
-0.629694  1.344566  4.449807
0.094792  -0.011554  4.560466
0.094295  -0.008931  4.552934
0.093776  -0.006341  4.545087
0.093235  -0.003785  4.536933
0.092674  -0.001263  4.528481
0.092092  0.001225  4.519738
0.104135  0.209232  3.480593
0.103509  0.211589  3.471613
0.102861  0.213848  3.462682
0.102191  0.216012  3.453798
0.101498  0.218082  3.444962
0.100784  0.220058  3.436173
0.100050  0.221942  3.427435
0.470334  -1.064031  4.002913
0.469444  -1.061926  3.994099
0.468421  -1.059513  3.985158
0.467267  -1.056799  3.976093
0.465985  -1.053790  3.966908
0.464577  -1.050491  3.957608
0.463047  -1.046909  3.948201
0.461396  -1.043049  3.938689
0.459627  -1.038917  3.929078
0.339837  2.380229  2.020376
0.455903  0.296561  3.049458
0.335026  0.520563  1.259090
0.332883  0.523803  1.250786
0.330670  0.526837  1.243200
-0.168636  0.148812  -0.894346
0.197026  2.030800  0.804360
-0.072303  1.252191  2.405945
-0.074464  1.253860  2.401530
-0.422515  1.313306  2.502147
-0.424454  1.314152  2.498273
-0.426231  1.314587  2.494646
-0.427848  1.314619  2.491259
0.077252  -0.016819  2.848605
0.075789  -0.017156  2.845580
0.074324  -0.017467  2.842676
0.072857  -0.017750  2.839889
0.071387  -0.018007  2.837220
-0.165121  0.409728  0.945899
-0.166520  0.409389  0.944051
0.833503  -0.210953  1.064450
0.831932  -0.211310  1.063948
0.830122  -0.211578  1.064082
0.032540  -0.153315  4.812294
0.449867  -0.339116  4.099627
0.447731  -0.339106  4.099498
-1.102812  1.933583  1.587654
-1.104680  1.933123  1.587665
0.459486  0.435652  2.864264
-0.769485  1.491220  0.264105
0.775663  -0.340433  3.745021
1.028556  -0.232884  3.418444
1.026673  -0.234197  3.419457
1.024494  -0.235399  3.420339
-0.281207  0.297686  1.177851
-0.350555  0.356066  0.409975
0.439437  -0.228129  3.162401
0.437128  -0.229248  3.164476
0.434715  -0.230261  3.166485
0.432199  -0.231170  3.168428
0.429584  -0.231976  3.170309
0.426872  -0.232680  3.172125
0.424065  -0.233285  3.173874
0.242452  -0.139435  1.227327
-0.611644  1.054367  0.738377
1.109315  0.467847  4.609071
1.106305  0.466981  4.611458
-1.236599  1.336481  2.089416
-1.239479  1.335112  2.091553
0.605017  -0.034922  4.991779
0.602409  -0.036617  4.993546
0.599648  -0.038257  4.994680
0.596736  -0.039842  4.995190
0.593677  -0.041373  4.995088
0.590475  -0.042851  4.994387
0.587132  -0.044276  4.993100
0.583651  -0.045650  4.991232
0.580037  -0.046972  4.988794
-0.290048  0.604473  3.040655
-0.293650  0.603049  3.037711
-0.297110  0.601473  3.034826
-0.300429  0.599750  3.032000
-0.303611  0.597881  3.029237
-0.306655  0.595870  3.026534
-0.380911  0.443899  4.114298
-0.946891  1.140579  2.687716
-0.949315  1.138035  2.684958
-0.951413  1.135191  2.682368
-1.731629  1.065281  0.958191
-1.732851  1.061876  0.956469
-0.556479  0.804343  1.354479
-0.556980  0.800499  1.353997
0.889881  -0.390329  3.531208
0.889260  -0.394144  3.531124
0.888357  -0.397758  3.530894
0.112272  -0.028571  3.161714
0.111060  -0.031909  3.161307
-1.025910  1.164022  2.747684
-0.458126  0.344801  3.445449
-1.239255  1.539423  1.968352
-1.102659  0.881623  2.816513
-1.102709  0.877419  2.816493
-1.102429  0.873022  2.816545
-0.031044  -0.207130  2.526168
-0.030456  -0.211565  2.526454
-0.206406  -0.196771  0.652933
-0.205796  -0.200912  0.654119
-0.205147  -0.204911  0.656034
0.684605  0.071260  2.591843
0.685049  0.067451  2.594574
-0.872944  -0.274191  2.115832
-0.872485  -0.277792  2.118902
-0.871776  -0.281240  2.122214
-0.870822  -0.284534  2.125762
-0.869629  -0.287678  2.129541
-0.868199  -0.290673  2.133544
-0.325334  0.003533  3.849135
-0.323615  0.000737  3.853035
-1.113346  1.413882  1.635515
-1.111269  1.410747  1.639488
-0.931731  0.646549  2.015631
-0.929122  0.642891  2.020238
-0.926282  0.639098  2.025099
-0.619391  0.244488  -0.862561
1.462628  -1.291056  2.740217
1.465294  -1.294514  2.746457
-0.776449  0.809179  2.266034
-0.774112  0.805989  2.272413
0.226139  -0.946652  1.258986
0.228538  -0.949685  1.265958
0.230810  -0.952366  1.273374
0.232957  -0.954703  1.281226
0.234982  -0.956701  1.289504
0.236885  -0.958365  1.298199
0.238668  -0.959701  1.307300
0.240334  -0.960714  1.316796
0.241883  -0.961409  1.326681
0.243318  -0.961793  1.336941
-1.640414  0.820594  3.156877
-1.638614  0.820261  3.167301
-1.636345  0.819676  3.177518
-1.633614  0.818844  3.187531
-1.156787  0.723204  2.222336
0.287985  -0.747849  4.740604
0.501335  -1.808449  4.169836
0.504428  -1.808898  4.178577
0.507299  -1.808774  4.186835
0.509951  -1.808088  4.194613
0.512388  -1.806849  4.201918
0.514612  -1.805068  4.208755
0.516626  -1.802755  4.215131
0.518435  -1.799920  4.221056
0.520041  -1.796571  4.226536
0.788237  0.651256  5.152001
0.692189  1.979746  3.000951
1.167765  0.219118  3.885817
0.395975  0.196720  3.558627
0.396325  0.199388  3.562397
0.823890  0.049639  4.266075
0.823832  0.052138  4.269229
0.823510  0.054578  4.271973
0.822927  0.056960  4.274315
0.822088  0.059282  4.276260
0.820998  0.061547  4.277812
0.819661  0.063754  4.278980
0.818083  0.065904  4.279773
0.816268  0.067998  4.280198
0.814221  0.070036  4.280259
-1.682917  -0.379184  5.932835
-2.245991  -1.187519  3.501601
-2.246987  -1.185113  3.500343
-2.247272  -1.182376  3.498995
-2.246857  -1.179313  3.497562
-2.245756  -1.175932  3.496046
-2.243981  -1.172240  3.494444
-2.241543  -1.168241  3.492759
0.594984  0.132550  3.964756
0.207680  -0.026271  2.694859
0.210396  -0.022145  2.693037
0.212990  -0.018080  2.691386
0.349544  -0.187350  3.281626
0.756810  -0.540566  3.820596
0.758838  -0.536463  3.818905
-0.026844  0.070152  1.287253
-0.025127  0.074269  1.285986
-0.023440  0.078297  1.285319
-0.021783  0.082238  1.285241
-0.020155  0.086090  1.285743
0.917450  -0.236263  2.517373
0.839839  -0.217811  2.777860
0.840824  -0.214019  2.779195
0.841522  -0.210218  2.780621
0.841938  -0.206409  2.782132
0.842076  -0.202593  2.783726
0.126555  0.400377  3.300207
0.126376  0.404016  3.301801
0.126155  0.407476  3.303317
0.125891  0.410758  3.304753
0.125585  0.413864  3.306110
0.125239  0.416797  3.307388
0.479701  1.485081  2.938600
-2.696436  2.569331  1.150567
-2.696127  2.570761  1.152409
-2.694986  2.571372  1.154840
-2.693028  2.571179  1.157852
0.949033  -0.636800  3.796240
0.951443  -0.637556  3.799554
2.121400  -0.926965  6.638259
2.122758  -0.927186  6.640164
2.123423  -0.927102  6.640938
2.123405  -0.926717  6.640600
2.122717  -0.926037  6.639168
2.121371  -0.925067  6.636665
2.119379  -0.923813  6.633115
2.116752  -0.922281  6.628532
2.113502  -0.920474  6.622938
-0.691781  -0.155085  4.031317
-0.695366  -0.152986  4.024566
-0.698678  -0.150862  4.017659
-0.701720  -0.148717  4.010601
-0.704497  -0.146549  4.003393
-0.707011  -0.144361  3.996041
-0.709269  -0.142153  3.988545
2.463402  0.424728  1.368067
2.460656  0.426796  1.361118
2.457179  0.428708  1.354847
2.042882  0.129007  2.190408
2.228924  -0.194608  3.793715
2.223532  -0.192863  3.788382
1.574681  0.106998  4.745279
-0.645466  0.121642  -0.047067
-0.651565  0.123327  -0.051837
-0.415305  0.405480  1.270409
-0.420884  0.406971  1.267361
0.687152  -0.015696  2.507018
-0.023590  -0.610462  -1.064677
-0.028995  -0.608933  -1.065518
-0.034308  -0.607225  -1.065036
-0.039532  -0.605342  -1.063255
-0.044666  -0.603287  -1.060192
-0.185270  0.267273  4.032494
-0.994562  0.179816  0.131282
-0.999094  0.181856  0.136102
-1.003248  0.183818  0.141775
-1.007033  0.185705  0.148283
-1.010451  0.187517  0.155608
-0.602010  -0.108467  2.484686
-0.604843  -0.106709  2.492874
-0.024254  0.982063  5.203991
-0.026829  0.983519  5.211440
-0.029368  0.984658  5.218106
-0.031872  0.985486  5.224000
-0.034339  0.986009  5.229137
-0.291932  -0.511069  2.920929
-0.294248  -0.510675  2.925313
0.118870  -0.752877  2.788510
0.116652  -0.752070  2.792917
-0.539400  0.028130  2.634285
-0.541446  0.029166  2.638799
-0.543306  0.030193  2.643392
-0.361880  0.786847  2.467650
-0.363434  0.787618  2.472455
-0.364866  0.788146  2.477389
-0.240416  0.919330  1.944417
-0.241650  0.919345  1.949769
-0.242806  0.919090  1.955406
-0.498437  0.751368  1.580545
-0.499363  0.750639  1.586848
-0.291297  0.457631  2.831195
0.520209  -0.771470  4.227317
-0.111731  -0.601376  2.650914
-0.758477  0.000984  1.479809
-0.759075  0.000464  1.486482
-0.279234  0.578062  3.113862
-0.598659  0.626462  5.047200
-0.580605  0.360011  3.684549
-0.580567  0.359114  3.690534
-0.580368  0.358138  3.696250
-0.580012  0.357083  3.701702
-0.579500  0.355953  3.706892
-0.608489  0.222475  1.824812
0.147631  0.240760  3.852855
0.148372  0.239487  3.857808
0.080066  -0.297467  3.829831
-0.890035  0.277573  1.935443
-0.889184  0.276346  1.940115
-0.888089  0.275070  1.945092
-0.886755  0.273747  1.950369
-0.177821  0.058849  4.013586
-0.176244  0.057501  4.018802
-0.174660  0.056175  4.023664
-0.173068  0.054870  4.028179
-0.171470  0.053587  4.032354
-0.284441  0.352774  4.111292
-0.282795  0.351440  4.114778
-0.281108  0.350035  4.117915
-0.279382  0.348560  4.120708
-0.277618  0.347017  4.123163
-0.287913  0.273881  2.245144
0.181751  1.021984  3.384566
0.442260  -0.359891  4.265332
-0.053159  0.638030  2.590770
-0.299717  0.766285  3.381976
-0.298150  0.764173  3.383935
-0.296534  0.761872  3.385801
0.308389  0.802059  4.081588
0.309908  0.799381  4.083056
0.311286  0.796513  4.084222
0.312525  0.793460  4.085090
0.313626  0.790226  4.085664
0.314594  0.786814  4.085950
-0.136985  0.035919  3.753147
-0.136139  0.032397  3.752972
-0.135283  0.028939  3.752627
-0.176987  -0.059164  2.645678
-0.176097  -0.062469  2.645351
-0.175185  -0.065685  2.645208
-0.174250  -0.068812  2.645245
0.461109  -1.607129  4.189618
-0.107229  -1.169602  2.107355
-0.106447  -1.171656  2.107593
-0.105662  -1.173296  2.108168
-0.104874  -1.174531  2.109077
-0.104084  -1.175366  2.110312
-0.197244  0.311353  2.665074
-0.196419  0.310831  2.666770
-0.781160  1.475615  1.445889
-0.780092  1.474575  1.448234
-0.778814  1.473101  1.451086
-0.777331  1.471201  1.454436
-0.775647  1.468884  1.458272
-0.773765  1.466157  1.462585
-0.132976  0.447748  2.463028
-0.577209  1.657630  1.758760
-0.575014  1.653971  1.764056
-0.572693  1.649867  1.769706
-0.282327  1.286669  4.399386
-0.279851  1.281814  4.404911
-0.277346  1.276649  4.409962
-0.044821  -0.019451  3.081784
-0.042332  -0.024810  3.086325
-0.156137  -0.246930  3.473426
-0.153700  -0.252006  3.477771
-0.151272  -0.256908  3.481961
-0.067483  -0.283348  4.310467
-0.065097  -0.287903  4.314091
-0.062746  -0.292283  4.317306
-0.060430  -0.296491  4.320121
-0.025204  0.131254  3.375573
-0.022966  0.127250  3.377905
-0.410977  0.072924  1.695307
-0.408706  0.069003  1.697993
0.085788  -0.150916  2.652716
0.205422  -0.264490  3.049946
0.207574  -0.268094  3.053185
-0.693247  0.428131  1.451529
-0.691040  0.424603  1.455263
-0.780869  0.382129  1.036952
0.055010  -0.056089  0.997045
-0.111849  0.305933  1.124738
-0.109376  0.302329  1.130754
-0.106921  0.298693  1.137322
0.192057  -0.098650  2.810878
-0.321701  0.575243  1.555532
-0.319329  0.571553  1.563048
-0.316909  0.567748  1.570957
-0.314441  0.563829  1.579251
-0.311927  0.559801  1.587920
-0.230590  -0.018855  2.050678
0.279670  -0.630882  3.651242
0.282106  -0.634675  3.660208
0.304325  -0.041301  2.282020
0.306477  -0.044761  2.290852
0.468310  -0.089923  4.968213
-0.073543  0.547286  4.120805
-0.071739  0.543863  4.128679
-0.069952  0.540326  4.136146
-0.068182  0.536677  4.143206
-0.066429  0.532919  4.149868
-0.060663  -0.018178  4.887187
-0.951643  0.486641  3.559768
-0.949666  0.482753  3.565232
-0.947433  0.478776  3.570507
-0.310993  0.298505  3.155123
0.191641  -0.031628  4.070429
-0.380992  -0.447768  3.681546
-0.378500  -0.451583  3.686033
-0.908849  -0.706616  1.828481
0.001581  -0.462089  2.540156
0.004321  -0.465232  2.544972
0.007006  -0.468184  2.549931
0.093249  -0.473016  2.979666
0.095799  -0.475590  2.984770
-0.124439  0.149190  4.993208
-0.121977  0.146786  4.997689
-0.119524  0.144370  5.001552
0.305223  -0.533395  3.644317
0.307524  -0.535625  3.647408
0.309684  -0.537659  3.650337
-0.225194  -0.131023  3.058468
-0.387132  -0.042575  2.609545
-0.384996  -0.044318  2.612494
0.011341  0.105314  2.238197
-0.177350  0.615141  1.153530
0.376101  -0.095393  2.000570
-0.766785  0.743107  2.165047
0.082216  0.749114  3.469007
0.084377  0.746848  3.473473
0.086473  0.744377  3.477806
1.108420  -1.257399  2.763410
0.095528  0.683854  3.151852
0.097113  0.681423  3.156118
0.098638  0.678809  3.160357
-0.142533  -0.238380  3.275634
0.067373  -0.407506  2.324656
0.140163  -0.829396  0.478270
0.728727  -1.372350  1.917690
-0.469245  -0.595619  1.747565
-0.468006  -0.597191  1.753489
-0.466643  -0.598562  1.759799
-0.465158  -0.599735  1.766484
0.246585  -0.321258  3.108452
0.585827  0.325333  2.993274
0.587116  0.324358  3.000235
0.588198  0.323284  3.007170
-0.077086  0.997184  4.698435
0.893979  -0.432332  4.385530
0.894572  -0.433662  4.391445
-0.899687  0.008104  3.184597
-0.899109  0.006923  3.190021
0.013572  -1.466983  4.102251
-0.221501  -0.754398  2.931247
-0.220615  -0.754877  2.936318
-0.219675  -0.755126  2.941422
0.089215  0.726473  4.369812
0.090163  0.726209  4.374527
0.123157  -0.016911  3.872983
0.124007  -0.017414  3.877041
0.051058  -1.125234  3.143375
0.051826  -1.125393  3.147182
-0.110322  -0.710219  2.972624
0.727733  -0.519104  5.728658
-0.009404  1.334128  4.763104
-0.008888  1.334214  4.765640
-0.009680  -0.017374  4.253419
-0.009173  -0.017727  4.255148
0.098017  -0.888923  3.874168
0.098480  -0.889010  3.875398
0.037967  0.284754  4.241605
1.165123  0.086582  4.680996
-0.086072  0.355134  3.283639
-0.538176  -0.543280  1.011823
-0.537943  -0.543223  1.012875
0.160594  0.106734  4.880381
0.160938  0.106894  4.881635
-0.207576  -0.329404  3.587711
-0.280243  -1.148732  4.016684
-0.279810  -1.148197  4.017124
-0.279296  -1.147327  4.017341
-0.072107  0.057676  2.968727
0.463635  -1.110166  3.092648
-0.009205  0.023357  4.610658
-0.008754  0.024768  4.610450
0.115823  -0.760381  3.209114
0.534985  -0.453301  4.841192
-0.056536  0.722761  4.556584
-1.076695  -0.245110  2.692599
-1.076114  -0.243678  2.691459
0.190552  0.182699  2.521426
0.191389  0.184072  2.520791
-0.024951  -0.362983  4.926791
-0.024191  -0.361629  4.925938
-0.023434  -0.360198  4.924603
0.212516  -0.703706  4.374650
0.213192  -0.702021  4.372556
0.462218  0.479611  3.486843
-0.281699  0.145189  1.801118
-0.846263  -0.592344  2.242861
-0.437975  -0.299225  2.371121
-0.437063  -0.297450  2.369977
0.359361  -0.267924  2.433059
0.360269  -0.266061  2.432537
0.361051  -0.264159  2.432307
0.361709  -0.262219  2.432365
0.362245  -0.260244  2.432705
0.362661  -0.258234  2.433320
-0.005721  0.222651  4.098113
-0.383953  -0.261721  4.520834
-0.383538  -0.259757  4.521095
-0.383008  -0.257758  4.520987
-0.086873  -0.119535  5.087609
-0.086210  -0.117509  5.086600
-0.256358  0.323175  4.101601
-0.255605  0.325044  4.099848
-0.254782  0.326768  4.097882
0.091088  -0.045308  3.932729
0.264009  -0.262488  4.092449
0.264766  -0.260886  4.089932
-0.102529  0.215829  1.917782
-0.371870  -0.359127  2.646127
0.306709  0.177722  3.261789
0.307399  0.179244  3.259893
-0.189237  -0.404442  2.351243
-0.188599  -0.402920  2.349741
0.172785  0.568110  2.673458
0.173412  0.569508  2.672523
0.387077  -0.537236  3.803061
0.387515  -0.535912  3.802223
0.597994  0.425458  4.560244
0.260817  -0.581262  5.428740
0.260862  -0.579819  5.426764
-0.081045  -0.071017  3.877768
-0.137797  -0.394416  3.907198
0.227956  0.255404  3.984943
-0.463247  0.217158  2.192367
-0.608603  -0.738801  1.980912
-0.026298  0.027977  2.605127
-0.217859  0.331002  2.043722
-0.329335  -0.366156  2.399227
-0.328844  -0.364617  2.398101
0.202740  0.280776  2.213557
-0.375227  -0.373495  2.636744
-0.374595  -0.371916  2.636521
-0.373853  -0.370255  2.636517
0.067726  -0.231459  2.902685
-0.040531  -0.049741  3.548748
-0.039709  -0.047987  3.549023
0.213706  0.039824  3.502835
0.214453  0.041507  3.502984
0.512918  0.240929  4.442258
0.071776  -0.364604  3.888727
0.247767  -0.603566  4.819911
0.248163  -0.601805  4.819017
0.224904  0.348737  4.576220
-0.470709  -0.646383  4.003375
-0.133001  -0.170092  4.455129
-0.132568  -0.168148  4.452923
-0.010209  0.327420  3.273846
-0.432011  -0.760337  2.327533
0.288987  0.162189  2.881751
0.060152  0.051855  2.445190
0.060637  0.053727  2.443570
0.138984  -0.326699  3.780195
-0.104582  -0.755334  3.417137
-0.104135  -0.753251  3.415691
0.437328  -0.129069  3.770819
0.437665  -0.126794  3.769254
0.437864  -0.124522  3.767577
0.437928  -0.122254  3.765792
0.437858  -0.119991  3.763901
0.638018  0.117037  3.073689
0.470099  0.331165  3.337211
0.469574  0.333200  3.335365
-0.023435  -0.170470  3.899678
0.079209  0.412874  3.912018
0.078566  0.414619  3.909898
0.077914  0.416201  3.907631
0.077255  0.417624  3.905221
0.316974  0.561407  3.278883
-0.042827  0.399007  3.584020
-0.200227  -0.048161  3.597264
-0.176551  -0.026883  3.734295
-0.177118  -0.025975  3.731622
-0.177615  -0.025076  3.728861
0.107615  0.162759  3.796441
0.107166  0.163581  3.793493
-0.031420  0.093611  3.541363
-0.031868  0.094323  3.538296
0.062487  -0.417941  3.831021
0.063750  0.100843  3.378377
0.063309  0.101583  3.375214
0.064268  0.286037  3.332479
-0.007167  0.391885  2.926961
0.044974  0.049331  3.584570
0.044530  0.049765  3.581635
0.044085  0.050174  3.578671
0.043637  0.050561  3.575676
0.045519  -0.152527  3.779583
-0.136745  -0.197886  3.015846
-0.137142  -0.197428  3.012858
0.220320  0.140704  3.230571
-0.106470  0.317502  3.381073
-0.188406  0.053475  3.225531
-0.020286  -0.025090  3.143551
-0.020558  -0.024762  3.140969
-0.020815  -0.024433  3.138480
-0.104104  -0.133860  3.008131
-0.104306  -0.133493  3.005866
-0.104467  -0.133091  3.003730
0.198161  0.567856  2.274275
0.188597  -0.787898  3.341717
0.188367  -0.787407  3.340073
0.139505  -0.109579  3.606282
0.495110  0.062174  4.263742
0.768406  0.352068  5.206125
0.103457  -0.399256  4.044816
0.061881  -0.820052  4.064561
0.556591  0.242154  4.325074
0.095747  0.542157  3.610730
-0.021225  -0.217084  3.116342
-0.022078  -0.216350  3.113225
-0.136696  0.406329  3.324883
-0.676716  -1.032472  2.085679
-0.677255  -1.031512  2.083141
-0.677570  -1.030246  2.081026
-0.677664  -1.028679  2.079323
0.003693  -0.026079  3.323185
0.003816  -0.024240  3.321896
0.019941  -0.024724  1.867036
-0.008821  -0.398104  3.042994
-0.008699  -0.396218  3.042267
0.142822  0.001309  3.544130
0.236132  -0.461127  4.259655
0.631771  0.255627  5.304083
0.631587  0.257571  5.302462
0.070646  -0.277771  4.221667
0.571357  -0.003865  4.710248
0.345864  0.642389  4.426157
-0.337895  -0.028942  3.244391
-0.338427  -0.027332  3.241265
-0.214425  0.781020  2.581726
-0.656866  -0.045102  2.228103
-0.656987  -0.043785  2.225694
0.511835  -0.153107  3.279793
0.249111  -0.059416  2.918825
-0.354086  -0.459805  4.305948
0.081134  0.315443  5.655357
0.081086  0.316783  5.652514
0.129668  0.362752  4.267296
0.055400  -1.024367  3.400289
0.189037  0.296964  4.399015
-0.447434  -0.432411  3.668797
-0.226774  0.011333  3.631248
-0.143892  0.789594  2.534486
-0.662142  -0.325778  1.617008
-0.253215  -0.466089  2.120686
0.027088  0.204912  1.860751
-0.205213  -0.048842  1.554682
-0.020704  -0.269002  2.737821
0.548373  0.319658  3.080647
0.548627  0.320845  3.079162
0.548709  0.321915  3.077764
0.156378  0.368533  3.153762
0.156245  0.369361  3.152510
-0.393022  -0.534902  3.687927
0.407686  -0.271986  5.180552
0.647304  0.356426  4.976680
0.665307  -0.287107  3.796012
0.664741  -0.286211  3.793503
0.505540  0.387462  4.768956
0.504637  0.388306  4.765901
-0.860415  -0.385376  1.376413
-0.282732  -0.340649  1.894360
-0.283379  -0.339725  1.892019
-0.041452  0.486410  2.453719
0.135252  -0.646569  2.975024
0.134702  -0.645521  2.973563
0.134122  -0.644283  2.972215
0.105046  -0.205962  3.075280
0.104418  -0.204492  3.074127
0.103769  -0.202978  3.073055
-0.106872  -0.055225  3.563982
-0.107491  -0.053671  3.562910
0.539196  0.679887  3.902856
-0.088105  0.149690  3.081147
-0.175669  -0.308548  3.624449
-0.176287  -0.307213  3.623101
0.262226  0.451900  3.887994
-0.504033  -0.305186  2.841137
0.090504  -0.026901  4.104209
0.244153  0.729376  4.201579
0.026408  0.031127  3.277285
0.076581  -0.436257  4.182633
0.482611  0.536442  5.637775
0.290398  0.561395  4.516920
-0.412676  -0.381183  3.726364
0.124123  -0.359993  4.087559
0.123480  -0.358954  4.084003
0.354732  0.372764  4.096159
-0.207889  0.499550  3.255338
-0.182006  -0.173249  3.149119
-0.182621  -0.172355  3.145329
-0.183168  -0.171414  3.141641
-0.183646  -0.170427  3.138052
-0.184057  -0.169397  3.134562
0.037886  0.122224  1.873183
0.283317  -0.272235  2.396248
0.282886  -0.271133  2.393653
0.337094  0.279902  2.447672
0.336489  0.280979  2.445674
0.099707  0.262381  4.012990
0.098989  0.263270  4.011059
0.098254  0.264070  4.008914
0.321840  -0.700012  4.274518
0.321002  -0.699084  4.271883
0.320079  -0.697944  4.268970
0.074374  -0.010868  3.646040
0.073362  -0.009531  3.642785
0.072346  -0.008205  3.639458
0.071325  -0.006889  3.636060
0.017827  0.144528  3.983292
0.010967  0.035808  3.153016
-0.128766  -0.831682  2.858403
0.234620  -0.072928  4.376693
0.233624  -0.071449  4.373010
0.232573  -0.069963  4.369033
0.145760  0.646176  4.484227
0.144627  0.647451  4.479644
-0.234160  -0.415370  3.738286
-0.235225  -0.414188  3.733317
0.223086  0.101194  4.593405
0.222060  0.102453  4.588019
0.220983  0.103668  4.582300
0.033100  0.090638  4.714813
-0.253783  0.397707  3.236535
-0.721518  -0.435933  3.007527
-0.317475  0.228515  3.403128
-0.318142  0.229567  3.397052
-0.211834  0.514350  2.058519
0.002135  -0.337689  2.429482
0.044596  0.694550  2.088730
-0.475990  -0.113853  1.375850
-0.476315  -0.113129  1.371724
0.227976  0.119341  2.321526
0.057876  0.228779  1.194666
-0.700580  -0.502054  1.240650
-0.700614  -0.501249  1.238843
-0.700430  -0.500289  1.237679
-0.700030  -0.499178  1.237149
-0.092396  0.017152  1.185418
-0.091768  0.018398  1.186141
-0.091124  0.019629  1.187479
-0.598941  -0.114661  1.206234
-0.123366  0.284886  2.185340
0.267009  0.790483  2.257857
0.267768  0.791374  2.260906
0.015176  -0.237184  2.493106
0.015820  -0.236469  2.496561
0.082226  0.528922  3.582686
-0.335139  -0.440272  3.468457
0.291181  0.052691  4.310713
0.226293  0.555938  4.011245
0.226791  0.556511  4.013846
0.227209  0.556913  4.016155
0.227548  0.557147  4.018174
0.013669  0.162092  4.609494
-0.382836  -0.078776  2.398195
-0.382470  -0.078709  2.399691
0.014758  0.468843  2.976835
-0.421994  0.244909  1.452547
-0.421404  0.244815  1.454834
0.415613  0.542528  2.739759
0.063559  0.559634  2.259041
-0.097223  -0.133934  3.106417
0.373616  -0.106815  4.466396
0.337819  0.392653  4.289794
-0.185010  0.029287  3.754246
-0.184639  0.028847  3.756327
0.000719  -0.294520  4.269722
0.038993  1.335901  3.949682
-0.626626  0.280222  2.952685
-0.437590  -0.295627  3.218944
0.417704  0.854108  2.782281
0.418274  0.853208  2.783687
0.418702  0.852069  2.785208
-0.016736  0.614342  3.172312
-0.016445  0.612814  3.173931
-0.016154  0.611133  3.175536
-0.007335  0.005725  3.031810
0.627704  0.121791  4.813093
0.627792  0.120009  4.814198
0.627683  0.118233  4.814790
-0.163204  -0.784628  3.173832
0.229794  0.998011  3.477731
-0.247423  0.920196  2.400174
-0.762241  0.395153  2.390843
0.360984  0.506414  3.284444
0.360884  0.504224  3.284945
0.360672  0.501926  3.285423
-0.073156  -0.057324  3.127615
-0.055742  0.118978  4.631338
0.705614  0.760743  4.445047
0.705130  0.758237  4.444706
0.704433  0.755548  4.443995
0.056123  -0.057435  3.910031
0.055216  -0.060226  3.908758
-0.585498  0.522198  2.148909
-0.586207  0.519379  2.147806
0.304394  0.139647  3.213248
-0.080212  0.693727  2.670604
-0.590880  -0.228598  1.922854
-0.591249  -0.231530  1.922721
0.477480  0.946870  2.526095
-0.133913  0.579401  1.856215
-0.357189  -0.742486  2.655479
-0.357350  -0.745351  2.656549
-0.357397  -0.747925  2.657781
-0.357332  -0.750212  2.659169
0.051544  -0.086298  3.941523
0.590364  0.747799  4.617791
0.590333  0.745670  4.618629
-0.547156  0.269349  2.898433
-0.547198  0.266992  2.898908
-0.202109  0.294746  3.505682
-0.009875  0.195133  1.212844
-0.178639  -0.186044  1.864298
0.373564  0.165447  3.756963
0.373685  0.163098  3.758271
-0.301553  -0.311929  3.600900
-0.301457  -0.314139  3.601887
-0.214123  -0.208278  3.596707
0.230608  1.262395  3.590034
0.230783  1.260077  3.590634
0.230883  1.257411  3.591108
0.230908  1.254401  3.591459
0.001823  0.280659  2.803685
-0.234825  -0.505530  2.463480
0.394350  -0.158493  3.997863
0.394252  -0.161537  3.998178
0.101727  -0.091004  3.753327
0.149435  -0.397021  3.154261
0.132015  0.228220  2.914556
0.131688  0.225521  2.914579
0.131326  0.222800  2.914702
0.287689  0.068293  3.307067
0.751524  0.766550  2.626704
0.750816  0.763646  2.627071
0.749885  0.760555  2.627616
-0.181613  0.032518  1.956565
-0.182687  0.029292  1.957673
0.159241  -0.285377  3.711933
0.266857  -0.145985  4.672620
0.374780  0.915595  5.226349
0.373584  0.912425  5.226542
0.372290  0.909025  5.226109
0.370901  0.905399  5.225060
0.369420  0.901552  5.223403
-0.021956  0.091812  2.816677
-0.124494  -0.499042  3.523225
0.519487  0.452190  4.329201
0.517873  0.448315  4.326742
0.516124  0.444365  4.323984
0.247997  -0.004863  4.323432
-0.191825  0.419708  3.710939
-0.563631  0.046240  3.205943
-0.565262  0.042272  3.202574
-0.410453  0.217072  2.980158
-0.916135  -1.023667  1.691794
-0.917106  -1.027203  1.689155
-0.200093  -0.835382  2.308738
0.333075  0.250916  4.526471
0.080175  -0.184943  3.788715
0.079466  -0.187719  3.786409
0.180553  0.146392  4.356511
-0.256782  -0.239496  3.313777
-0.380435  -0.135798  3.171588
-0.380989  -0.138281  3.168905
-0.378094  -0.320708  2.834558
-0.378400  -0.322976  2.832106
0.164072  0.282219  3.357129
0.172425  0.056160  3.247081
0.172136  0.053981  3.244819
0.125563  0.016678  3.241171
0.534716  -0.206930  4.353307
0.534174  -0.208977  4.350779
-0.638585  -0.273636  3.376832
-0.151976  -0.262128  2.899203
-0.207933  0.392034  2.366951
-0.305075  -0.343151  1.747818
0.229320  0.104374  3.217750
0.228975  0.102656  3.215898
0.228561  0.100928  3.214079
-0.077276  -0.162794  3.445628
-0.077729  -0.164461  3.443793
-0.078154  -0.166057  3.441915
0.090756  0.545413  4.502354
-0.121170  -0.272999  3.219847
0.128676  0.164394  3.343061
0.128258  0.162786  3.340804
-0.381152  -0.362675  1.725231
0.056161  0.168487  2.723835
-0.035869  0.344695  1.971190
-0.722033  -0.351357  1.158517
-0.244457  -0.514669  1.946171
-0.244489  -0.516001  1.946059
0.116521  0.183414  2.407000
0.116521  0.182209  2.407527
0.116481  0.180957  2.408294
0.136604  0.058933  4.043542
0.136478  0.057628  4.044256
-0.294956  -0.607987  4.313411
-0.295036  -0.609097  4.313488
-0.295025  -0.610008  4.313215
-0.135210  -0.528760  3.354523
0.339149  0.478566  3.380610
0.339172  0.477865  3.379910
0.339085  0.477016  3.379168
0.021618  0.019807  2.523900
0.251872  0.617752  1.967060
0.251589  0.616568  1.966899
0.251228  0.615200  1.967126
-0.089474  -0.217609  3.660237
-0.228530  -0.280525  3.604942
-0.228862  -0.281891  3.605257
0.333451  0.362585  4.696074
0.027426  -0.226233  3.975470
0.027057  -0.227521  3.974938
0.026682  -0.228727  3.974175
0.177678  -0.220524  5.138442
0.177243  -0.221574  5.136862
-0.265120  -0.285207  3.704958
0.006936  0.607007  3.300785
0.006536  0.605937  3.298513
0.006137  0.604684  3.296251
-0.057897  -0.253645  2.894091
-0.058275  -0.254989  2.891976
-0.304363  0.167075  3.063820
-0.304624  0.165777  3.061918
-0.072763  -0.233662  3.066135
0.032980  -0.274290  2.840017
0.007531  -0.009518  3.079472
-0.124421  -0.332100  3.001137
-0.124546  -0.333145  2.999668
0.082452  -0.012608  3.230287
0.082335  -0.013538  3.228912
0.082190  -0.014462  3.227546
0.082017  -0.015380  3.226190
-0.019174  -0.189824  3.336570
0.021560  0.014059  3.396610
0.021356  0.013204  3.395206
0.021407  -0.125767  3.175363
0.021187  -0.126586  3.173948
-0.272413  0.022857  2.252403
-0.272556  0.022069  2.251326
0.107811  -0.029006  2.697539
0.107713  -0.029794  2.696943
-0.028590  -0.259281  2.927788
-0.028718  -0.259981  2.927444
0.157072  -0.332713  1.749080
-0.354008  -0.409509  3.440509
-0.354073  -0.409909  3.440626
0.345563  0.036259  4.103909
-0.121090  -0.307517  3.264611
-0.238320  -0.309688  3.146538
-0.238287  -0.309818  3.146286
-0.114340  -0.236634  2.967564
-0.114209  -0.236621  2.967397
-0.114049  -0.236550  2.967302
-0.066347  -0.073895  2.916491
0.312697  0.153009  3.013616
-0.150080  -0.784619  3.036248
-0.149945  -0.784323  3.036405
-0.123544  -0.310531  2.843973
-0.163713  0.043605  2.703389
0.018803  -0.205701  2.837671
-0.264447  -0.132531  3.341522
-0.264141  -0.131920  3.342020
-0.263761  -0.131294  3.342458
0.160086  0.020857  3.593562
-0.573766  -0.117110  3.720201
-0.303676  -1.008417  3.912715
0.336725  -0.344266  3.770579
0.337241  -0.343280  3.770244
0.337638  -0.342219  3.769732
0.337917  -0.341085  3.769050
0.020203  -0.172422  3.853647
-0.320746  -0.167153  4.153387
-0.421540  -0.146477  2.874882
-0.347311  -0.663993  2.277881
-0.162848  0.438754  2.173709
-0.162345  0.440000  2.173135
-0.161804  0.441073  2.172888
-0.161227  0.441975  2.172964
-0.160613  0.442709  2.173358
-0.058001  -0.122157  4.112773
-0.187265  0.260455  3.543561
-0.186570  0.260932  3.543852
-0.185833  0.261306  3.544027
-0.147499  -0.370103  3.035208
0.174788  -0.537392  2.838445
0.099953  0.858385  3.059433
0.100639  0.858611  3.059679
0.101278  0.858551  3.059958
0.101870  0.858209  3.060273
0.015464  -0.165052  2.593251
0.015992  -0.165622  2.593781
0.016503  -0.166143  2.594486
0.016995  -0.166617  2.595364
0.107613  0.115212  2.859181
0.108043  0.114742  2.860313
0.666100  -0.179735  4.636284
0.666266  -0.180196  4.637019
0.514446  0.311941  4.184794
-0.023016  0.174442  3.856417
-0.023221  0.173869  3.856155
-0.023418  0.173237  3.855690
-0.023608  0.172548  3.855021
-0.023791  0.171803  3.854151
-0.037309  -0.119839  2.547987
-0.244799  -0.797008  3.550377
0.106332  -0.780274  4.577299
-0.405677  0.437916  3.424128
-0.405675  0.437494  3.422712
-0.405550  0.436929  3.421248
0.043549  -0.093670  2.002069
-0.090004  -0.167060  1.338824
-0.258192  0.109499  3.578947
-0.257873  0.108831  3.578318
-0.364851  -0.620131  3.412836
-0.136491  0.075381  1.924371
-0.135965  0.074839  1.923977
0.179307  0.078818  2.433475
0.179794  0.078217  2.433718
0.109312  -0.538555  4.383395
0.344900  -0.251493  3.986967
-0.259609  -0.705166  3.838300
-0.101566  -0.054406  3.905087
-0.101213  -0.054581  3.904505
-0.100838  -0.054751  3.903710
-0.084388  0.109232  1.721107
-0.404533  -0.725182  1.755319
0.342901  -0.623592  3.140415
0.343312  -0.623408  3.140355
0.343604  -0.623048  3.140308
-0.077664  0.372211  3.807482
-0.077469  0.372605  3.807255
-0.077256  0.372861  3.806837
-0.077025  0.372980  3.806232
0.049852  -0.328041  3.178174
0.050078  -0.327968  3.177399
0.050280  -0.327809  3.176640
-0.253763  -0.109974  3.070984
-0.146457  0.586215  2.347101
-0.146165  0.586272  2.346679
0.065695  0.476751  2.967859
0.047242  -0.751815  3.360826
0.492022  -0.400189  4.553499
0.186341  0.267475  3.167717
0.186395  0.267409  3.167175
0.186387  0.267246  3.166647
0.186319  0.266986  3.166133
-0.034463  -0.220888  2.821661
-0.034581  -0.221181  2.821281
-0.034689  -0.221414  2.821015
0.730420  0.369101  4.294753
-0.106616  0.243085  3.563298
-0.106907  0.242696  3.562691
-0.107162  0.242224  3.561977
0.286432  0.126086  2.681827
-0.108391  -0.186052  3.079148
-0.112987  -0.057335  2.933650
-0.030355  -0.738970  3.667078
0.428605  0.228992  4.086937
-0.317888  -0.475169  3.675574
-0.318142  -0.475420  3.674511
-0.318295  -0.475533  3.673316
-0.318348  -0.475510  3.671993
-0.318304  -0.475354  3.670546
-0.318164  -0.475068  3.668976
-0.104092  -0.026422  3.785489
-0.812320  -0.066183  3.601129
-0.553241  -0.135498  3.580337
-1.030454  0.070569  3.275631
-0.363526  0.175393  1.413637
-0.362456  0.175691  1.412186
0.014887  0.313760  2.988412
0.016022  0.313865  2.987617
0.017129  0.313856  2.986893
0.018210  0.313733  2.986238
0.019263  0.313498  2.985651
-0.023291  -0.226741  3.101292
-0.022277  -0.227023  3.100806
0.324521  -0.007083  3.662039
-0.330631  -0.389619  2.892203
-0.329665  -0.389739  2.891707
0.027644  0.081502  1.967294
0.028666  0.081451  1.967282
0.029659  0.081360  1.967651
0.234717  -0.189643  3.410674
0.235590  -0.189727  3.411336
-0.504454  -0.624275  2.936683
-0.503530  -0.624133  2.937330
-0.502465  -0.623814  2.938043
-0.501263  -0.623320  2.938824
0.058195  -0.144037  4.618585
0.163175  -0.182520  3.795375
0.125009  -1.211476  2.340847
0.126168  -1.210412  2.341280
0.127266  -1.209002  2.341966
-0.007750  -0.318393  3.264436
-0.006729  -0.316589  3.265324
0.220362  -0.340979  3.861871
0.335934  0.223069  4.144871
0.336731  0.224868  4.145158
-0.060309  -0.146981  2.313522
-0.059626  -0.145296  2.313768
-0.269934  -0.281649  2.862159
-0.269172  -0.279918  2.862758
0.164213  0.165276  3.016555
-0.024938  -0.106820  3.140458
-0.024176  -0.105151  3.141182
-0.099505  -0.476734  2.415599
-0.098731  -0.474968  2.416553
0.197831  -0.231914  3.085459
0.213567  -0.212643  3.198939
0.214205  -0.210725  3.200098
0.214764  -0.208786  3.201229
0.215246  -0.206829  3.202338
0.215654  -0.204854  3.203424
0.056666  0.024231  1.853366
0.056976  0.026169  1.854825
-0.168413  -0.289034  2.192127
-0.057830  0.170726  1.687924
-0.057482  0.172557  1.690481
-0.057121  0.174291  1.693461
0.084616  -0.120126  3.815558
0.084957  -0.118491  3.818700
0.085266  -0.116859  3.821586
0.085544  -0.115230  3.824221
0.085791  -0.113604  3.826611
0.086007  -0.111981  3.828759
-0.020354  -0.037112  3.184325
0.164313  0.617989  2.669388
0.164450  0.619350  2.671392
0.164534  0.620482  2.673521
-0.144920  -0.278858  2.525020
-0.144843  -0.277889  2.527441
-0.144721  -0.276860  2.530028
0.296417  0.084168  3.276856
-0.116318  0.876071  2.315550
0.038039  0.389318  2.631732
0.038133  0.389906  2.634764
0.190159  0.055715  3.260126
0.190181  0.056125  3.263207
0.146295  0.014042  3.264809
-0.173862  -0.020952  3.277736
-0.173887  -0.020605  3.280591
-0.173856  -0.020268  3.283369
-0.293480  -0.817740  2.713990
0.361152  -0.040915  2.741907
0.361214  -0.040352  2.744808
0.024635  -0.344719  4.399891
-0.208829  -0.567663  3.512189
-0.208819  -0.566860  3.514618
0.343135  0.513575  2.827616
0.343103  0.514345  2.829986
-0.242942  -0.112990  3.002762
-0.106043  -0.078421  4.460495
0.312709  -0.637849  2.875812
0.312589  -0.637062  2.877918
-0.021913  -0.228008  3.052752
-0.022116  -0.226997  3.054938
-0.022307  -0.225942  3.057135
-0.022487  -0.224843  3.059340
0.056635  -0.143758  3.135214
0.056452  -0.142600  3.137414
0.366593  0.302505  3.881357
0.366286  0.303556  3.883297
0.365871  0.304486  3.884994
0.365349  0.305296  3.886451
0.364723  0.305988  3.887671
0.032066  -0.044480  3.865588
0.031341  -0.043908  3.866361
-0.409171  -0.261246  3.273685
-0.139599  -1.038674  2.723742
-0.140126  -1.037736  2.724412
0.305383  -0.674404  3.353084
0.304824  -0.672983  3.353840
-0.098444  0.206378  2.996658
-0.099047  0.207878  2.997413
0.079049  -0.573082  4.117374
0.078474  -0.571534  4.117892
0.077884  -0.569841  4.118118
0.115494  1.042644  2.308957
-0.199554  0.291751  2.794616
0.100691  0.156676  4.242438
0.089688  0.058810  3.190042
0.457063  0.523820  3.256974
0.456335  0.524849  3.256996
0.455477  0.525689  3.257004
0.454491  0.526343  3.256998
0.453379  0.526815  3.256978
0.011401  -0.102217  3.327593
0.010184  -0.101903  3.327525
0.317869  -0.354741  3.164210
0.316591  -0.354309  3.164123
-0.141256  -0.063884  2.924746
-0.142544  -0.063349  2.924766
-0.143767  -0.062809  2.924875
0.384833  0.248589  3.156762
-0.182302  -0.872311  3.297372
-0.179624  -0.372497  3.877499
-0.180729  -0.371689  3.877479
-0.181759  -0.370783  3.877254
-0.023403  0.078493  3.511474
-0.024338  0.079445  3.510962
-0.083385  -0.626015  2.594454
-0.084257  -0.624935  2.594066
0.287184  0.087941  2.604724
0.286275  0.089138  2.604727
0.285291  0.090282  2.604922
-0.134924  -0.157547  2.972440
-0.135924  -0.156432  2.972885
-0.136866  -0.155292  2.973396
0.104371  0.250258  3.668665
-0.481511  -0.333725  2.931124
-0.482251  -0.332584  2.931628
-0.482830  -0.331363  2.932213
-0.188730  -0.766765  2.874496
-0.189085  -0.765253  2.875259
-0.096049  0.489314  2.827433
-0.096309  0.490848  2.828397
0.017645  -0.088745  2.766014
-0.003393  -0.207122  3.501203
-0.003622  -0.205735  3.502282
-0.003850  -0.204312  3.503252
-0.004075  -0.202853  3.504117
-0.004297  -0.201359  3.504877
-0.004516  -0.199832  3.505533
-0.004734  -0.198273  3.506090
-0.004948  -0.196682  3.506545
-0.022732  0.250887  3.370436
0.276023  1.102018  3.346400
0.275733  1.103157  3.346657
0.275360  1.103928  3.346868
0.274904  1.104338  3.347033
-0.019525  0.166560  3.235369
-0.020049  0.166558  3.235482
-0.023263  0.454467  2.732568
-0.148900  -0.614612  3.083733
-0.308636  -0.069865  2.618045
0.164922  0.237174  3.588225
0.164529  0.237110  3.588578
0.164087  0.236971  3.588807
0.163599  0.236757  3.588914
0.163065  0.236471  3.588904
0.162486  0.236113  3.588776
-0.118096  0.060594  3.282594
-0.118674  0.060152  3.282336
0.206447  0.282601  3.611741
-0.044464  0.320508  2.501652
-0.045037  0.319876  2.501491
-0.136856  0.134391  3.304473
-0.137359  0.133635  3.304506
0.114632  0.260769  3.781871
-0.791605  -0.086477  3.006349
-0.791839  -0.087296  3.006248
-0.791824  -0.088077  3.006213
0.410338  0.123421  3.052043
0.410460  0.122650  3.052123
0.410448  0.121851  3.052251
-0.421586  -0.209351  2.810414
0.080672  0.028624  3.004695
0.080630  0.027876  3.005055
-0.588988  -0.355065  3.145356
0.111532  -0.432596  3.106703
0.111604  -0.433080  3.107163
0.111635  -0.433424  3.107652
0.194457  0.612276  1.952497
0.194385  0.611879  1.953401
0.194250  0.611295  1.954685
0.194052  0.610525  1.956346
0.193794  0.609574  1.958373
-0.010542  -0.016953  2.637663
-0.102201  0.443155  2.302672
0.034102  0.050406  3.857842
0.033813  0.049177  3.860368
0.033515  0.047949  3.862649
-0.029423  0.104602  2.999694
0.090249  -0.047713  3.072244
0.089925  -0.048921  3.074331
0.089575  -0.050098  3.076434
0.089199  -0.051242  3.078548
-0.049841  0.045858  2.387916
-0.076027  -0.533517  4.202259
-0.076383  -0.534449  4.204272
-0.076713  -0.535202  4.205948
-0.077017  -0.535779  4.207290
-0.077296  -0.536184  4.208305
-0.036658  -0.029958  3.075024
-0.343090  -0.247599  2.181836
-0.343225  -0.247749  2.182876
-0.178210  -0.506516  3.599264
0.012049  0.245560  3.500884
-0.411345  -0.202223  2.689002
-0.411206  -0.202168  2.690250
-0.410945  -0.202056  2.691649
-0.410564  -0.201888  2.693192
-0.056818  -0.033672  3.375323
-0.056315  -0.033447  3.376930
-0.055806  -0.033221  3.378460
-0.055293  -0.032994  3.379919
-0.026790  -0.054209  2.990997
-0.026277  -0.053972  2.992436
0.082180  0.128682  3.608622
0.330354  0.150540  3.730533
0.330708  0.150679  3.731696
0.330949  0.150763  3.732681
0.331078  0.150794  3.733494
0.331097  0.150772  3.734136
0.331009  0.150698  3.734609
0.330815  0.150574  3.734915
0.036252  -0.100779  3.158339
-0.270494  -0.195021  3.445565
-0.270716  -0.195108  3.445657
0.153518  -0.248737  2.924405
0.153331  -0.248692  2.924526
0.153096  -0.248576  2.924743
0.167983  -0.153648  3.149504
0.167648  -0.153421  3.149839
-0.111902  -0.000105  3.417607
0.287402  -0.097146  3.102727
0.286968  -0.096869  3.103052
0.286447  -0.096571  3.103410
0.285841  -0.096253  3.103798
-0.445113  -0.091176  3.581947
-0.275076  -0.215268  3.301832
-0.275526  -0.214857  3.302107
-0.124316  -0.170949  3.497164
-0.124635  -0.170442  3.497326
0.031914  -0.194341  2.879663
0.031626  -0.193748  2.879852
0.031328  -0.193108  2.880151
0.031022  -0.192424  2.880557
