0.058591  0.068265  -9.723494
0.066548  0.068878  -9.721559
0.072726  0.071360  -9.720102
0.072718  0.071352  -9.718967
0.073711  0.076333  -9.737866
0.064561  0.070107  -9.724630
0.072005  0.081311  -9.727501
0.070026  0.069368  -9.702609
0.070961  0.064390  -9.718525
0.061219  0.061957  -9.702965
0.069099  0.077898  -9.715617
0.066352  0.079507  -9.710585
0.071571  0.076674  -9.696765
0.072465  0.069155  -9.679340
0.077778  0.074380  -9.676276
0.087295  0.064954  -9.681000
0.087254  0.064912  -9.675283
0.081594  0.066712  -9.675328
0.088264  0.068537  -9.660278
0.078700  0.071041  -9.617469
0.077027  0.072824  -9.625162
0.077721  0.068103  -9.631557
0.075686  0.060990  -9.634737
0.078962  0.068583  -9.611088
0.083574  0.063078  -9.604919
0.090183  0.063389  -9.622400
0.090114  0.063325  -9.613531
0.090455  0.057721  -9.573484
0.077776  0.066552  -9.571890
0.060233  0.056124  -9.562288
0.076299  0.054537  -9.534950
0.081720  0.057694  -9.553361
0.075001  0.055508  -9.548060
0.072703  0.054678  -9.517917
0.074598  0.055180  -9.510641
0.074508  0.055101  -9.499191
0.086558  0.063100  -9.494139
0.091414  0.060226  -9.488235
0.080693  0.068147  -9.472694
0.063233  0.063689  -9.451581
0.074336  0.060485  -9.456401
0.084029  0.059480  -9.438503
0.076412  0.062055  -9.423098
0.076304  0.061963  -9.409548
0.073358  0.080758  -9.376633
0.071319  0.079220  -9.377666
0.073546  0.067554  -9.363200
0.075468  0.063751  -9.342309
0.071266  0.062863  -9.334991
0.066355  0.071718  -9.317836
0.060857  0.071082  -9.304177
0.069506  0.063561  -9.283862
0.067006  0.062227  -9.243992
0.062296  0.068286  -9.257167
0.077299  0.064414  -9.242443
0.083573  0.064155  -9.213427
0.083442  0.064040  -9.196843
0.081373  0.057946  -9.181453
0.078444  0.051165  -9.175710
0.063771  0.057804  -9.159927
0.066333  0.066939  -9.129300
0.076717  0.056806  -9.098237
0.069319  0.060064  -9.094340
0.060230  0.054191  -9.113929
0.072321  0.057672  -9.097338
0.077996  0.060583  -9.077104
0.074676  0.069119  -9.039162
0.078008  0.066482  -9.025684
0.090352  0.056500  -9.002638
0.081936  0.046120  -8.992235
0.081781  0.045988  -8.972865
0.067011  0.065165  -8.932050
0.073100  0.055393  -8.927588
0.068734  0.074277  -8.903554
0.069215  0.069195  -8.900339
0.072588  0.058854  -8.841496
0.073601  0.068797  -8.834086
0.067334  0.064187  -8.815944
0.067168  0.064045  -8.795193
0.055142  0.050628  -8.781227
0.054701  0.060388  -8.740818
0.057714  0.055543  -8.725351
0.060419  0.060333  -8.709402
0.060249  0.060186  -8.687864
0.063476  0.061366  -8.647120
0.067658  0.066916  -8.664422
0.070159  0.064263  -8.640780
0.061757  0.058333  -8.598238
0.062026  0.063283  -8.562379
0.042263  0.052668  -8.547378
0.057130  0.055794  -8.501079
0.068240  0.060972  -8.498986
0.066075  0.054584  -8.491694
0.057879  0.060109  -8.485453
0.068915  0.051856  -8.432369
0.078057  0.058088  -8.419546
0.077875  0.057928  -8.396216
0.081309  0.059906  -8.384512
0.082710  0.055383  -8.334541
0.066423  0.047665  -8.306444
0.074341  0.050054  -8.284222
0.065665  0.060816  -8.249366
0.067281  0.052995  -8.240148
0.081855  0.037064  -8.212534
0.070173  0.042209  -8.200252
0.060038  0.050400  -8.170131
0.074315  0.070483  -8.122973
0.080711  0.056809  -8.081373
0.063571  0.056440  -8.079876
0.063373  0.056272  -8.055103
0.044449  0.026404  -8.070887
0.049657  0.034124  -8.019602
0.057447  0.049314  -7.986938
0.051985  0.053600  -7.962574
0.060216  0.051535  -7.953537
0.053371  0.036848  -7.926288
0.057940  0.060582  -7.915413
0.060989  0.057623  -7.884848
0.067462  0.052390  -7.843058
0.054942  0.046738  -7.807554
0.059987  0.045443  -7.784325
0.058936  0.049649  -7.759943
0.062696  0.049472  -7.742381
0.062491  0.049299  -7.716402
0.048945  0.050745  -7.691762
0.043993  0.061071  -7.671624
0.057552  0.062832  -7.656078
0.056312  0.060718  -7.613901
0.048049  0.056146  -7.572054
0.044322  0.043527  -7.531861
0.059258  0.040009  -7.508375
0.051213  0.039693  -7.499542
0.057313  0.055589  -7.497326
0.062423  0.044360  -7.468876
0.058460  0.047568  -7.428454
0.060749  0.047693  -7.401510
0.060588  0.045006  -7.382959
0.055988  0.050746  -7.344450
0.055566  0.063504  -7.333623
0.044394  0.053837  -7.303908
0.039927  0.042669  -7.291821
0.044710  0.042764  -7.226818
0.060991  0.047937  -7.201194
0.056215  0.052616  -7.207768
0.069893  0.048344  -7.168351
0.053459  0.048774  -7.130618
0.047787  0.060414  -7.107355
0.052876  0.065107  -7.080865
0.063081  0.061865  -7.051630
0.062869  0.061680  -7.024261
0.039207  0.038935  -6.996936
0.044404  0.036097  -6.973545
0.049530  0.046539  -6.953550
0.046041  0.047801  -6.933613
0.049413  0.049652  -6.887177
0.053706  0.050396  -6.853173
0.045203  0.052549  -6.858209
0.062144  0.054875  -6.834168
0.059792  0.048558  -6.768600
0.057037  0.039466  -6.729018
0.049504  0.038171  -6.699560
0.056696  0.031374  -6.690369
0.063798  0.048442  -6.659130
0.062278  0.040446  -6.630473
0.056440  0.032861  -6.631844
0.062888  0.031329  -6.577851
0.060011  0.038090  -6.527207
0.059872  0.050102  -6.515463
0.056275  0.049501  -6.510113
0.035296  0.031227  -6.466871
0.039535  0.036134  -6.458928
0.055336  0.037698  -6.446483
0.062957  0.050524  -6.387340
0.046100  0.048195  -6.351839
0.045883  0.048008  -6.324017
0.056422  0.048425  -6.312103
0.052128  0.053892  -6.285083
0.052896  0.043933  -6.266847
0.054725  0.035873  -6.239583
0.037612  0.031161  -6.197413
0.046172  0.033456  -6.181021
0.046809  0.046877  -6.128681
0.051727  0.042313  -6.105789
0.060134  0.051189  -6.087736
0.055828  0.035511  -6.049413
0.049799  0.032950  -6.003398
0.049018  0.048751  -5.986403
0.056578  0.054078  -5.977242
0.056360  0.053890  -5.949486
0.047633  0.042474  -5.911822
0.042946  0.038572  -5.897185
0.050200  0.047780  -5.853338
0.031779  0.043314  -5.813824
0.037250  0.048631  -5.803067
0.041465  0.053347  -5.783129
0.038515  0.047071  -5.753612
0.049295  0.045959  -5.717682
0.054334  0.048307  -5.684730
0.058959  0.025904  -5.664882
0.035591  0.022438  -5.638779
0.043867  0.026499  -5.628916
0.043650  0.026312  -5.601396
0.040225  0.052322  -5.548565
0.037494  0.048481  -5.530425
0.054863  0.046763  -5.490339
0.042107  0.027594  -5.482056
0.045288  0.033913  -5.472985
0.048953  0.044601  -5.433075
0.043370  0.033455  -5.387860
0.038920  0.022812  -5.369648
0.040423  0.032467  -5.312997
0.040121  0.041664  -5.301728
0.040173  0.037144  -5.281328
0.035120  0.029337  -5.218421
0.034907  0.029153  -5.191287
0.034694  0.028969  -5.164189
0.032556  0.042919  -5.164111
0.045971  0.050360  -5.137737
0.043111  0.052768  -5.123772
0.032655  0.038191  -5.083718
0.034395  0.038290  -5.061162
0.034185  0.038106  -5.034294
0.030409  0.040596  -5.023267
0.033214  0.032587  -4.977345
0.042922  0.034838  -4.953331
0.038474  0.041696  -4.910118
0.044623  0.050990  -4.885302
0.044415  0.050807  -4.858688
0.048296  0.032156  -4.848409
0.032763  0.036847  -4.828400
0.022576  0.042178  -4.804444
0.030858  0.039783  -4.780659
0.029534  0.040581  -4.750302
0.033108  0.037470  -4.687735
0.028540  0.028641  -4.683561
0.036005  0.033484  -4.639226
0.038233  0.031376  -4.640422
0.040172  0.040198  -4.639145
0.036103  0.030896  -4.597453
0.020065  0.016642  -4.555005
0.019864  0.016461  -4.529019
0.038663  0.037260  -4.526132
0.042624  0.027333  -4.493410
0.030162  0.048741  -4.430602
0.038967  0.050653  -4.418458
0.051418  0.036788  -4.437631
0.035364  0.031720  -4.412496
0.035634  0.034970  -4.353623
0.051910  0.033356  -4.318707
0.036641  0.031100  -4.303681
0.024228  0.031787  -4.289436
0.026290  0.030303  -4.277650
0.028080  0.025249  -4.210598
0.027883  0.025072  -4.185334
0.025027  0.028615  -4.195743
0.031339  0.041200  -4.147296
0.037499  0.035657  -4.121471
0.034345  0.035175  -4.115339
0.033630  0.040013  -4.083713
0.023721  0.027912  -4.048353
0.033485  0.032263  -4.001928
0.032395  0.034902  -4.016745
0.032247  0.024590  -3.991331
0.029316  0.022568  -3.951787
0.029125  0.022395  -3.927199
0.028935  0.022222  -3.902675
0.028745  0.022050  -3.878215
0.025423  0.039324  -3.837216
0.031658  0.034522  -3.811749
0.033367  0.026696  -3.840302
0.034358  0.036136  -3.831614
0.042689  0.028205  -3.761216
0.036266  0.035685  -3.727170
0.043217  0.038754  -3.696335
0.024920  0.021855  -3.665999
0.022988  0.025405  -3.642150
0.038737  0.037791  -3.617877
0.034932  0.035081  -3.626081
0.031300  0.017324  -3.600624
0.031115  0.017156  -3.577037
0.007596  0.006835  -3.565272
0.004888  0.001833  -3.523953
0.004814  0.014480  -3.508202
0.012119  0.022938  -3.493994
0.011807  0.019985  -3.473621
0.029197  0.014034  -3.437653
0.030966  0.018615  -3.417350
0.026368  0.029723  -3.379644
0.024183  0.022107  -3.360132
0.023957  0.010031  -3.361478
0.019016  0.010321  -3.330141
0.023652  0.017817  -3.288020
0.023477  0.017660  -3.265352
0.023541  0.023582  -3.259428
0.031494  0.019182  -3.233370
0.023709  0.022301  -3.227795
0.027213  0.031188  -3.185892
0.039176  0.032051  -3.155419
0.036957  0.028674  -3.135610
0.008887  0.015330  -3.130126
0.019228  0.022917  -3.101871
0.023154  0.010975  -3.081025
0.026546  0.015034  -3.045496
0.020953  0.020435  -3.003235
0.015578  0.029207  -2.993533
0.018672  0.023084  -2.976213
0.028857  0.020076  -2.946097
0.033792  0.029502  -2.935583
0.035094  0.034104  -2.905828
0.009926  0.019894  -2.895226
0.010016  0.014617  -2.903487
0.010430  0.020402  -2.851304
0.013509  0.023064  -2.824128
0.017596  0.020183  -2.810426
0.025217  0.013236  -2.787457
0.021919  0.022017  -2.767984
0.020170  0.027585  -2.737889
0.020010  0.027440  -2.717109
0.022166  0.020400  -2.713739
0.014231  0.021102  -2.671908
0.026177  0.022025  -2.644162
0.023135  0.019576  -2.645155
0.023775  0.022158  -2.630178
0.025887  0.022048  -2.622710
0.024487  0.026726  -2.583142
0.011034  0.018799  -2.524506
0.012270  0.023380  -2.539244
0.022047  0.007153  -2.538130
0.024582  0.026095  -2.506534
0.014455  0.017554  -2.486565
0.014304  0.017414  -2.466805
0.013179  0.020385  -2.459917
0.014468  0.026891  -2.424573
0.020522  0.029740  -2.401568
0.010162  0.023173  -2.397126
0.022731  0.016027  -2.357679
0.012766  0.012941  -2.341619
0.011540  0.030670  -2.319554
0.018056  0.028923  -2.337202
0.017880  0.018807  -2.306240
0.013121  0.011423  -2.261684
0.007760  0.008139  -2.235272
0.014078  0.008536  -2.232290
0.013936  0.008402  -2.213560
0.012028  0.019473  -2.207417
0.022635  0.031601  -2.207855
0.016113  0.022979  -2.169842
0.010617  0.021394  -2.136296
0.013202  0.020225  -2.112599
0.006766  0.011528  -2.098436
0.021428  0.020407  -2.092116
0.007110  0.015425  -2.081878
0.008286  0.023229  -2.046480
0.021256  0.024479  -2.023966
0.021019  0.038550  -2.029175
0.020885  0.038420  -2.011401
0.020393  0.020152  -1.992338
0.017724  0.001521  -1.944988
0.014838  0.019674  -1.931129
0.011077  0.008952  -1.939953
0.009270  0.012321  -1.923989
0.011140  0.003170  -1.898674
0.014045  0.006987  -1.872825
0.015681  0.021617  -1.860716
0.011992  0.025566  -1.849035
0.019991  0.017661  -1.835202
0.022365  0.015261  -1.813570
0.020084  0.024392  -1.821770
0.019252  0.010616  -1.772102
0.019126  0.010493  -1.755439
-0.009112  -0.014046  -1.726090
0.009018  -0.004286  -1.718435
0.010091  0.005296  -1.717876
0.002508  0.006527  -1.666867
0.005643  0.010369  -1.694684
0.008120  0.013722  -1.677284
-0.000543  0.013244  -1.667652
0.003358  0.023117  -1.647424
0.016180  0.020896  -1.638576
0.009256  -0.009049  -1.615502
0.005593  0.002784  -1.589910
-0.009871  0.010853  -1.576569
-0.009986  0.010740  -1.560929
0.027970  0.018730  -1.559874
0.025621  0.015793  -1.504644
0.021556  0.015845  -1.472816
0.014268  0.015621  -1.466712
0.016368  0.013024  -1.465481
0.021039  0.019231  -1.454276
0.015638  0.007219  -1.431629
0.005767  0.000927  -1.417533
0.009426  -0.003673  -1.401306
0.009234  0.000707  -1.392409
0.009097  0.002224  -1.392479
0.011257  0.002607  -1.368494
0.011148  0.002502  -1.353872
0.026322  0.015659  -1.318853
0.025228  0.016554  -1.321908
0.017180  0.010493  -1.336039
0.008347  -0.007522  -1.311937
0.004273  -0.003043  -1.288266
0.011752  -0.000289  -1.248504
0.013767  -0.004071  -1.223161
0.003893  0.004134  -1.227365
0.003787  0.004036  -1.213437
0.007442  0.014175  -1.220997
0.017243  0.018936  -1.206136
0.020994  0.012365  -1.178926
0.020890  0.012269  -1.165301
0.020554  0.010664  -1.149926
0.010405  0.000789  -1.128929
0.009155  -0.004561  -1.105099
0.016382  0.004862  -1.112219
0.008050  0.012103  -1.093656
0.015959  0.012593  -1.070630
0.008024  0.012675  -1.067531
0.018331  0.011261  -1.055757
0.024495  0.001970  -1.031286
0.008861  0.004968  -1.039316
0.000101  0.006104  -1.038369
0.000875  0.010253  -1.038491
0.000777  0.010164  -1.025844
0.007324  0.014551  -1.031975
-0.053816  -0.055479  7.797581
-0.057561  -0.060592  7.846055
-0.064608  -0.053812  7.894732
-0.068047  -0.053847  7.944025
-0.073323  -0.065203  7.978422
-0.059587  -0.054658  8.045924
-0.065728  -0.064792  8.050593
-0.066011  -0.065049  8.087683
-0.066279  -0.065291  8.122966
-0.072328  -0.064096  8.144106
-0.072261  -0.070164  8.190767
-0.074027  -0.054974  8.199462
-0.081411  -0.060092  8.236851
-0.081597  -0.060265  8.263499
-0.081765  -0.060425  8.288491
-0.081916  -0.060574  8.311849
-0.115887  -0.082481  8.316560
-0.115992  -0.082600  8.336720
-0.100801  -0.145253  8.415751
-0.225340  -0.013001  8.382721
-0.331896  -0.012729  8.330352
-0.331799  -0.012800  8.344412
-0.155178  0.006287  8.527313
-0.154955  0.006200  8.538440
-0.154699  0.006104  8.548107
-0.116866  0.003129  8.467628
-0.116555  0.003014  8.474470
-0.115954  -0.213289  8.248866
-0.106429  -0.169991  8.452511
-0.106062  -0.170012  8.455420
-0.105679  -0.169988  8.457042
-0.197083  -0.062221  7.960000
-0.196640  -0.062146  7.959274
-0.086422  -0.075437  8.552716
-0.085928  -0.075341  8.549699
-0.085426  -0.075233  8.545475
-0.084918  -0.075113  8.540067
-0.084402  -0.074982  8.533494
-0.083879  -0.074839  8.525774
-0.083349  -0.074685  8.516931
-0.082813  -0.074520  8.506986
-0.082271  -0.074345  8.495957
-0.632558  -0.085030  7.933589
-0.631832  -0.084831  7.920647
-0.630931  -0.084618  7.906862
-0.629859  -0.084391  7.892254
-0.628618  -0.084152  7.876838
-0.627212  -0.083901  7.860630
-0.625644  -0.083637  7.843653
-0.623918  -0.083361  7.825921
-0.622036  -0.083073  7.807450
-0.620002  -0.082774  7.788259
-0.617818  -0.082464  7.768364
-0.615489  -0.082143  7.747780
-0.613017  -0.081812  7.726524
-0.610405  -0.081470  7.704617
-0.607656  -0.081117  7.682076
-0.604774  -0.080755  7.658916
-0.601761  -0.080384  7.635153
-0.598621  -0.080003  7.610806
-0.595355  -0.079613  7.585885
-0.591969  -0.079214  7.560408
-0.588463  -0.078807  7.534393
-0.584842  -0.078391  7.507855
-0.581107  -0.077968  7.480812
-0.577263  -0.077536  7.453278
-0.573311  -0.077097  7.425267
-0.569255  -0.076651  7.396793
-0.565098  -0.076197  7.367871
-0.560841  -0.075736  7.338515
9.511061  -0.233705  12.933381
9.512362  -0.233182  12.901443
9.510659  -0.232604  12.867390
9.506004  -0.231972  12.831262
2.792901  5.503959  9.291723
2.784596  5.502903  9.252680
2.775559  5.500135  9.212771
2.765805  5.495685  9.172024
2.755350  5.489583  9.130462
2.744208  5.481861  9.088110
2.732394  5.472547  9.044992
2.719921  5.461673  9.001129
2.706806  5.449268  8.956546
2.693062  5.435362  8.911268
2.678703  5.419986  8.865320
2.663744  5.403167  8.818719
2.648199  5.384937  8.771491
-2.642944  -5.352951  9.498566
-2.657972  -5.370571  9.449905
-2.671923  -5.386222  9.400444
-2.684812  -5.399933  9.350208
-2.696656  -5.411736  9.299219
-2.707469  -5.421662  9.247505
-2.717267  -5.429741  9.195087
-2.726066  -5.436004  9.142000
-2.733881  -5.440480  9.088261
-2.740729  -5.443202  9.033895
-2.746623  -5.444198  8.978930
-2.751579  -5.443500  8.923378
-2.755613  -5.441135  8.867270
-2.758740  -5.437135  8.810625
-2.760976  -5.431530  8.753471
-2.762335  -5.424347  8.695833
-2.986068  7.496868  9.725639
-4.256778  4.413002  8.441406
-4.255062  4.417698  8.382150
-4.252071  4.420905  8.322540
-4.247828  4.422649  8.262602
-4.242356  4.422955  8.202353
-4.235678  4.421847  8.141809
-4.227818  4.419352  8.080992
-4.218796  4.415493  8.019918
-4.208636  4.410297  7.958607
-4.197361  4.403788  7.897079
-4.184992  4.395989  7.835351
-4.171553  4.386926  7.773444
-4.157063  4.376623  7.711373
-4.141548  4.365105  7.649161
-4.125025  4.352396  7.586822
-4.107519  4.338518  7.524370
-4.089050  4.323496  7.461823
-4.069640  4.307355  7.399199
-0.232066  -8.382787  9.966047
-0.212028  -8.397140  9.902490
-0.192286  -8.408647  9.838090
-0.172838  -8.417355  9.772877
1.334573  -3.091294  5.353395
1.352969  -3.096210  5.288012
1.370614  -3.100107  5.223249
1.387518  -3.103003  5.159111
0.332935  -1.191220  5.626447
0.348718  -1.192760  5.563403
0.364116  -1.193938  5.500832
0.379133  -1.194759  5.438737
0.197832  -0.636682  4.517154
0.212156  -0.636983  4.456299
0.226169  -0.637117  4.396199
0.239871  -0.637086  4.336858
0.253267  -0.636895  4.278273
0.266356  -0.636546  4.220449
0.279144  -0.636041  4.163384
0.291630  -0.635384  4.107078
0.303818  -0.634577  4.051530
-0.169667  -0.592152  3.813647
-0.157917  -0.591068  3.759677
-0.146308  -0.589855  3.706523
-0.134841  -0.588517  3.654185
-0.123517  -0.587055  3.602656
-0.112334  -0.585473  3.551937
-0.101295  -0.583772  3.502026
-0.090398  -0.581955  3.452923
0.515878  -0.593141  3.643672
0.573905  -0.092597  3.093135
0.583990  -0.090596  3.046446
0.593738  -0.088637  3.000631
0.603152  -0.086722  2.955688
0.612236  -0.084849  2.911614
0.620995  -0.083019  2.868401
0.629430  -0.081231  2.826043
0.637547  -0.079485  2.784536
0.645349  -0.077779  2.743874
0.652840  -0.076116  2.704053
0.660022  -0.074492  2.665064
0.666901  -0.072910  2.626902
0.673480  -0.071367  2.589565
0.679762  -0.069864  2.553048
0.685751  -0.068401  2.517342
0.691451  -0.066977  2.482443
0.696866  -0.065591  2.448341
0.702000  -0.064244  2.415031
-0.528965  -1.223779  3.252700
-0.523997  -1.222145  3.220690
-0.518921  -1.220191  3.189190
-0.513737  -1.217924  3.158200
-0.508450  -1.215349  3.127717
-0.503063  -1.212472  3.097739
-0.497578  -1.209300  3.068269
-0.491999  -1.205838  3.039302
-0.486328  -1.202093  3.010837
-0.480569  -1.198069  2.982870
-0.474724  -1.193774  2.955397
-0.468797  -1.189213  2.928419
-0.462790  -1.184391  2.901932
2.480064  -0.098926  2.289726
2.485305  -0.093938  2.264391
2.489714  -0.089038  2.239715
2.493305  -0.084226  2.215695
2.496092  -0.079502  2.192325
2.498087  -0.074866  2.169600
2.499305  -0.070316  2.147511
2.499759  -0.065853  2.126055
2.499462  -0.061476  2.105226
-1.229812  -0.561268  2.391681
-0.805941  -0.902613  1.803899
-0.806232  -0.898071  1.784906
-0.806227  -0.893355  1.766599
-0.805930  -0.888468  1.748966
0.010857  -0.443195  1.459149
0.011467  -0.438117  1.442934
0.012103  -0.433017  1.427454
0.348036  -0.514104  1.868038
0.436290  -0.778858  0.986166
0.436762  -0.773561  0.972831
0.437129  -0.768140  0.960328
0.437393  -0.762596  0.948646
0.437554  -0.756935  0.937773
0.437616  -0.751158  0.927699
0.437579  -0.745270  0.918414
0.437446  -0.739273  0.909904
0.437219  -0.733172  0.902153
0.870274  -0.314664  1.725286
0.565881  0.208389  2.568128
0.701415  -0.201029  2.697569
0.700572  -0.195111  2.691401
0.699563  -0.189255  2.685388
0.698393  -0.183461  2.679531
0.697064  -0.177729  2.673827
0.695580  -0.172059  2.668277
0.693943  -0.166453  2.662879
0.692157  -0.160909  2.657630
0.690224  -0.155428  2.652532
0.688148  -0.150011  2.647578
0.685932  -0.144657  2.642768
0.683578  -0.139367  2.638100
0.681090  -0.134141  2.633574
-0.344376  0.631920  1.855869
-0.346804  0.636780  1.851867
0.119154  0.507114  2.054380
-0.206491  0.719485  0.845322
-0.208550  0.723482  0.842688
0.334758  0.271545  2.641710
0.332805  0.275071  2.639848
0.330818  0.278438  2.638080
0.328799  0.281647  2.636404
0.326749  0.284700  2.634819
0.324670  0.287600  2.633324
0.322562  0.290348  2.631920
0.320426  0.292946  2.630606
0.318263  0.295396  2.629377
0.316074  0.297701  2.628233
0.313861  0.299862  2.627172
0.311623  0.301882  2.626194
0.536183  -0.499178  2.391346
0.533829  -0.497185  2.390601
0.531385  -0.495080  2.390007
0.528852  -0.492867  2.389562
0.356537  0.222645  0.789070
0.353886  0.224846  0.789412
0.351206  0.226930  0.790385
0.348496  0.228897  0.791977
0.345759  0.230749  0.794174
0.342995  0.232489  0.796966
0.340206  0.234117  0.800343
0.337392  0.235636  0.804294
0.334555  0.237046  0.808810
0.331696  0.238350  0.813880
0.328816  0.239549  0.819489
0.325916  0.240644  0.825630
0.322997  0.241637  0.832290
0.320060  0.242530  0.839458
0.317105  0.243324  0.847126
0.314135  0.244020  0.855281
0.311150  0.244621  0.863916
0.308150  0.245127  0.873018
0.250191  0.421294  2.260625
0.247183  0.421562  2.270205
0.497554  0.252465  2.783813
0.318606  0.597549  1.130054
0.315515  0.597391  1.139868
0.312409  0.597041  1.150045
0.309288  0.596504  1.160577
0.306155  0.595782  1.171459
0.303010  0.594879  1.182679
0.299853  0.593799  1.194223
0.391426  0.096844  1.320531
0.388220  0.095573  1.332676
0.384977  0.094288  1.345093
0.381699  0.092988  1.357775
0.297798  -0.110053  1.680913
0.343164  0.149748  2.196792
0.108692  0.409898  1.985524
0.105399  0.408488  1.998660
0.102157  0.406967  2.011846
0.303993  -0.074028  2.278865
0.300789  -0.075615  2.292067
0.297572  -0.077158  2.305227
0.294344  -0.078659  2.318347
0.291105  -0.080117  2.331423
0.287857  -0.081534  2.344460
0.284600  -0.082909  2.357454
0.281336  -0.084242  2.370399
0.278065  -0.085535  2.383296
0.274788  -0.086788  2.396137
0.088864  -0.353856  1.930740
0.085635  -0.354946  1.943618
0.087475  0.051837  2.388582
0.071840  -0.030605  2.494926
0.068769  -0.031566  2.507743
0.065753  -0.032510  2.520475
0.062791  -0.033437  2.533120
0.354491  -0.176287  1.849988
0.317296  -0.426319  2.092834
0.314324  -0.427030  2.105559
0.311327  -0.427604  2.118327
0.308305  -0.428045  2.131137
0.305261  -0.428354  2.143981
0.302195  -0.428534  2.156858
0.335979  -0.207957  2.421994
0.332862  -0.207954  2.434847
0.329714  -0.207895  2.447648
0.326538  -0.207783  2.460389
0.323335  -0.207618  2.473069
0.320105  -0.207400  2.485688
0.316851  -0.207132  2.498249
0.370602  0.187391  2.429604
0.367284  0.187635  2.442063
0.363927  0.187806  2.454485
0.360533  0.187905  2.466866
0.357103  0.187934  2.479199
0.353638  0.187893  2.491484
0.298206  -0.191418  2.247113
0.294693  -0.191475  2.259375
0.291166  -0.191482  2.271664
0.287625  -0.191438  2.283976
0.284072  -0.191346  2.296305
0.280509  -0.191205  2.308650
0.291425  -0.079676  2.568053
0.360647  0.038517  2.268543
0.357025  0.038691  2.280855
0.225609  -0.288510  2.583706
0.221960  -0.288284  2.595970
0.218319  -0.287980  2.608163
0.214688  -0.287603  2.620285
0.283331  -0.049446  2.385606
0.279697  -0.048997  2.397648
0.276052  -0.048550  2.409685
0.199115  -0.133623  2.713418
0.195474  -0.133154  2.725348
0.191847  -0.132662  2.737179
0.229034  -0.028553  2.314916
0.225425  -0.028047  2.326678
0.136891  0.141562  2.891241
0.133317  0.141995  2.902882
0.129775  0.142367  2.914373
0.126264  0.142679  2.925711
0.122785  0.142930  2.936900
0.119338  0.143123  2.947941
0.197365  -0.086928  3.222094
0.140014  -0.262341  2.872775
0.136632  -0.262121  2.883321
0.133275  -0.261831  2.893748
0.129943  -0.261474  2.904058
0.126637  -0.261051  2.914253
0.184053  -0.078792  2.892733
0.180781  -0.078297  2.902705
0.177517  -0.077796  2.912568
0.174262  -0.077288  2.922320
0.171016  -0.076774  2.931964
0.182184  -0.041680  2.705943
0.178954  -0.041165  2.715445
0.175731  -0.040655  2.724911
0.080081  0.115015  3.233422
0.076902  0.115466  3.242653
0.073759  0.115863  3.251691
0.070654  0.116209  3.260536
0.067586  0.116503  3.269185
0.064555  0.116746  3.277639
0.152721  0.029634  2.733010
0.368584  0.127531  3.179848
0.205061  0.168716  3.246519
0.260559  0.324378  1.971828
0.257483  0.324324  1.979975
0.254384  0.324160  1.988347
0.251262  0.323888  1.996938
0.248119  0.323512  2.005739
0.244956  0.323032  2.014748
0.241774  0.322450  2.023959
0.238574  0.321768  2.033367
0.235357  0.320989  2.042967
0.232125  0.320114  2.052751
0.228877  0.319145  2.062715
-0.255830  -0.259398  2.916513
-0.454071  -0.215065  3.095735
-0.456998  -0.215961  3.105625
-0.459730  -0.216783  3.115366
-0.462270  -0.217532  3.124953
-0.464621  -0.218210  3.134391
-0.466786  -0.218816  3.143679
-0.468767  -0.219354  3.152816
-0.470567  -0.219823  3.161802
-0.472190  -0.220224  3.170638
-0.473637  -0.220559  3.179326
-0.474912  -0.220830  3.187867
-0.476017  -0.221036  3.196263
-0.476955  -0.221179  3.204512
0.555889  0.559646  3.326258
0.649452  0.502557  2.408626
0.648328  0.502130  2.416657
0.647020  0.501544  2.424793
0.645530  0.500801  2.433033
0.084887  0.046949  3.072700
0.083220  0.046042  3.080941
-0.029595  0.211584  3.528162
-0.031225  0.210609  3.536065
-0.032819  0.209575  3.543734
-0.034377  0.208483  3.551171
-0.035900  0.207335  3.558376
-0.037387  0.206132  3.565351
-0.038839  0.204874  3.572101
-0.015896  -0.095422  3.133036
-0.017286  -0.096691  3.139475
-0.018651  -0.097917  3.145828
-0.019989  -0.099103  3.152092
0.020365  -0.085696  3.120862
0.019066  -0.086805  3.126971
0.017781  -0.087879  3.133009
0.016509  -0.088917  3.138978
-0.025350  -0.022085  3.298837
0.400015  -0.415437  3.085747
0.398675  -0.416293  3.091479
0.397230  -0.417014  3.097162
0.395682  -0.417605  3.102796
0.040068  -0.085959  3.114023
0.198417  -0.428628  2.907979
0.206962  -0.186521  3.253625
0.205246  -0.186777  3.259060
0.203492  -0.186981  3.264400
0.201699  -0.187136  3.269646
0.199870  -0.187241  3.274799
0.198005  -0.187297  3.279857
0.196105  -0.187305  3.284820
0.194172  -0.187267  3.289688
0.192206  -0.187183  3.294466
0.190209  -0.187053  3.299148
0.188181  -0.186880  3.303733
0.186124  -0.186662  3.308222
-0.316189  0.089455  3.388877
-0.318146  0.089671  3.393157
-0.319976  0.089843  3.397329
-0.321680  0.089973  3.401393
-0.323261  0.090060  3.405349
-0.324720  0.090105  3.409194
-0.326058  0.090110  3.412930
-0.327279  0.090074  3.416560
-0.328383  0.090000  3.420086
-0.329372  0.089886  3.423509
-0.330248  0.089735  3.426826
0.285119  -0.816353  3.637425
0.284271  -0.816295  3.640468
0.283341  -0.815995  3.643340
0.282330  -0.815456  3.646046
0.281242  -0.814683  3.648591
-0.032266  -0.103997  3.763987
-0.033410  -0.102991  3.766181
-0.034530  -0.101982  3.768190
-0.035629  -0.100970  3.770016
-0.053328  -0.024176  3.389986
-0.054377  -0.023183  3.391575
-0.055399  -0.022212  3.393105
-0.056395  -0.021262  3.394579
-0.057364  -0.020333  3.395996
-0.058307  -0.019425  3.397353
-0.059224  -0.018538  3.398652
-0.060115  -0.017672  3.399901
-0.060981  -0.016827  3.401096
-0.061821  -0.016001  3.402240
-0.356318  0.016470  3.573192
-0.357017  0.017245  3.574174
-0.357601  0.017990  3.575050
-0.358072  0.018707  3.575822
-0.358432  0.019394  3.576492
-0.358683  0.020053  3.577061
-0.358826  0.020684  3.577528
-0.358864  0.021286  3.577896
-0.358798  0.021862  3.578167
-0.358631  0.022410  3.578345
0.288593  -0.087507  3.289724
-0.037905  -0.019451  3.436570
-0.037742  -0.018936  3.436610
-0.037579  -0.018433  3.436608
-0.037417  -0.017943  3.436564
-0.037254  -0.017467  3.436479
-0.037093  -0.017003  3.436351
-0.057012  -0.089231  3.549318
-0.056846  -0.088770  3.549071
-0.056673  -0.088299  3.548743
-0.030442  -0.052713  3.671550
-0.030267  -0.052234  3.671036
-0.201399  -0.201703  3.734233
0.185595  0.089321  3.961631
0.185747  0.089797  3.960683
-0.077134  -0.014880  3.596421
-0.077038  -0.014463  3.595211
-0.076928  -0.014058  3.593927
-0.076806  -0.013666  3.592568
-0.076671  -0.013286  3.591137
-0.076524  -0.012917  3.589636
0.000469  -0.029731  2.955927
0.093106  0.000609  3.737998
0.093214  0.000944  3.736456
0.093281  0.001263  3.734806
-0.105373  -0.114435  3.701595
-0.105322  -0.114110  3.699743
-0.105247  -0.113764  3.697797
-0.105151  -0.113399  3.695756
-0.105032  -0.113013  3.693624
-0.104891  -0.112608  3.691402
-0.104729  -0.112184  3.689095
-0.104546  -0.111742  3.686705
-0.104343  -0.111281  3.684234
-0.104119  -0.110803  3.681686
-0.189674  -0.652438  4.324430
-0.189385  -0.651756  4.321526
-0.189050  -0.650891  4.318343
-0.177923  -0.547064  3.697927
-0.177503  -0.545875  3.694402
-0.177045  -0.544545  3.690805
-0.176547  -0.543077  3.687140
-0.176012  -0.541472  3.683409
-0.092880  -0.075560  2.657739
-0.092297  -0.073837  2.654210
-0.091705  -0.072130  2.650937
-0.091102  -0.070438  2.647917
-0.090490  -0.068762  2.645146
-0.089869  -0.067101  2.642624
-0.089239  -0.065456  2.640347
-0.088601  -0.063827  2.638308
0.152669  -0.040773  3.620596
0.153248  -0.039183  3.618718
0.153761  -0.037615  3.616760
0.154209  -0.036070  3.614723
0.154592  -0.034547  3.612612
0.154912  -0.033047  3.610429
0.155170  -0.031570  3.608175
-0.247774  0.102665  2.387646
-0.247511  0.104056  2.385639
-0.247184  0.105384  2.383943
-0.246793  0.106649  2.382549
-0.173196  0.020709  3.902302
-0.172704  0.021879  3.901024
-0.172175  0.023016  3.899567
-0.171609  0.024119  3.897936
-0.009049  -0.010650  4.168565
-0.008462  -0.009600  4.166512
-0.047727  -0.073618  2.948167
-0.150139  -0.279201  4.165042
-0.149542  -0.278108  4.162640
0.142042  -0.092492  2.873951
0.142606  -0.091334  2.871475
0.143108  -0.090172  2.869163
0.008798  -0.019533  2.851196
0.009221  -0.018388  2.849212
-0.156345  0.185769  3.802273
-0.155906  0.186813  3.800312
0.006063  -0.132003  3.776655
-0.129372  0.017836  3.822861
-0.128892  0.018790  3.820498
-0.128386  0.019718  3.818004
-0.050842  -0.131457  4.164012
-0.050313  -0.130535  4.161156
-0.049784  -0.129593  4.158067
-0.049257  -0.128632  4.154750
-0.048730  -0.127650  4.151211
-0.048204  -0.126651  4.147458
0.027123  -0.008651  3.652658
0.012581  -0.017464  3.825052
0.014121  0.122794  2.848248
0.014581  0.123718  2.844310
0.067785  -0.241382  4.236499
0.068191  -0.240460  4.232512
0.068561  -0.239483  4.228284
0.068897  -0.238451  4.223822
0.069199  -0.237366  4.219130
0.069467  -0.236229  4.214217
0.069703  -0.235041  4.209085
0.069905  -0.233803  4.203739
0.070076  -0.232517  4.198183
0.070215  -0.231184  4.192421
0.070323  -0.229804  4.186457
0.070401  -0.228379  4.180301
0.070449  -0.226911  4.173960
0.070467  -0.225399  4.167437
0.070457  -0.223846  4.160733
-0.371189  0.341147  3.762703
-0.371118  0.342604  3.755783
-0.370939  0.343926  3.748822
-0.276331  0.232373  3.053572
-0.275970  0.233468  3.046747
-0.275536  0.234468  3.040095
-0.275029  0.235376  3.033618
-0.086023  0.110787  3.741058
-0.085435  0.111553  3.734703
-0.084836  0.112269  3.728300
-0.084228  0.112936  3.721847
0.030390  0.014472  3.378908
0.030981  0.015074  3.372469
-0.084718  0.246332  3.153074
-0.084142  0.246829  3.146832
-0.083557  0.247239  3.140722
-0.082961  0.247564  3.134742
-0.040568  0.049263  3.626256
-0.039967  0.049483  3.620374
0.055183  0.231025  2.915701
0.055747  0.231148  2.909986
0.056278  0.231195  2.904463
0.056776  0.231167  2.899128
-0.010593  0.038884  2.844958
-0.010138  0.038772  2.840008
-0.009693  0.038649  2.835258
-0.009258  0.038516  2.830700
-0.008834  0.038371  2.826335
-0.008420  0.038216  2.822160
-0.008016  0.038051  2.818171
-0.007622  0.037875  2.814369
-0.007238  0.037690  2.810749
0.108793  -0.026232  3.595089
0.180936  -0.413089  3.511055
0.442459  -0.161203  2.558373
0.442571  -0.161206  2.555073
0.442537  -0.161159  2.552026
0.442361  -0.161064  2.549227
0.442043  -0.160921  2.546668
-0.025381  0.049129  3.137740
-0.025827  0.049299  3.135468
-0.026261  0.049450  3.133245
-0.026686  0.049581  3.131072
-0.027100  0.049693  3.128950
-0.027504  0.049787  3.126880
-0.027897  0.049863  3.124859
-0.028281  0.049921  3.122891
-0.028654  0.049961  3.120971
0.099602  -0.211027  3.386187
0.099208  -0.210939  3.384286
0.098785  -0.210789  3.382355
0.098332  -0.210576  3.380395
0.097850  -0.210302  3.378405
0.097341  -0.209967  3.376385
0.096804  -0.209574  3.374335
0.096241  -0.209123  3.372253
0.095651  -0.208615  3.370144
0.054480  0.422336  2.447620
0.053853  0.422756  2.445743
0.053214  0.423037  2.444119
0.052563  0.423179  2.442750
0.051901  0.423185  2.441630
0.012732  0.061870  3.259855
0.012061  0.061725  3.258964
0.161916  -0.259042  2.752991
0.161201  -0.259122  2.752232
0.160442  -0.259119  2.751616
0.159640  -0.259037  2.751137
0.158795  -0.258875  2.750794
0.157908  -0.258636  2.750584
0.018301  0.080937  3.270004
-0.016182  0.202577  3.155095
-0.017090  0.202792  3.154986
-0.017984  0.202938  3.154881
-0.018864  0.203019  3.154780
-0.019730  0.203033  3.154683
-0.020581  0.202983  3.154588
-0.021418  0.202870  3.154497
-0.022240  0.202694  3.154406
-0.023049  0.202458  3.154319
-0.023843  0.202162  3.154234
-0.024624  0.201806  3.154151
-0.025390  0.201394  3.154072
-0.026143  0.200924  3.153994
-0.026881  0.200400  3.153923
-0.027606  0.199820  3.153855
-0.028317  0.199188  3.153790
-0.029015  0.198504  3.153728
-0.029699  0.197768  3.153667
0.072027  -0.400836  3.266444
0.071338  -0.401484  3.266358
0.106798  -0.160046  2.852984
0.106062  -0.160499  2.852975
0.105297  -0.160896  2.853066
0.104505  -0.161237  2.853256
0.004766  0.061658  2.486868
0.003951  0.061357  2.487359
0.003141  0.061040  2.488053
0.002336  0.060709  2.488944
0.001536  0.060363  2.490030
0.000740  0.060003  2.491309
-0.000050  0.059629  2.492775
0.008532  0.076612  3.625451
0.084784  -0.013418  3.112168
0.083980  -0.013815  3.113642
0.083155  -0.014201  3.115108
0.082310  -0.014578  3.116569
0.011379  -0.022734  3.176224
0.010516  -0.023089  3.177649
0.009656  -0.023433  3.179046
0.008799  -0.023765  3.180413
0.007945  -0.024086  3.181750
0.007095  -0.024395  3.183060
0.006247  -0.024692  3.184345
0.005403  -0.024979  3.185607
0.004563  -0.025255  3.186843
0.003727  -0.025519  3.188054
0.002894  -0.025773  3.189238
0.002066  -0.026016  3.190394
0.001241  -0.026249  3.191523
-0.161635  -0.284186  2.893985
-0.162400  -0.284317  2.895156
-0.163111  -0.284360  2.896399
-0.063435  -0.065122  2.812298
-0.064071  -0.065059  2.813697
-0.169452  -0.107721  3.520842
-0.170013  -0.107610  3.522196
-0.091953  0.236851  2.835619
-0.092434  0.236913  2.836927
-0.092887  0.236898  2.838320
-0.083494  0.051904  3.275785
-0.083897  0.051797  3.277208
-0.084277  0.051674  3.278579
-0.084635  0.051534  3.279900
-0.084970  0.051379  3.281167
-0.068261  0.035445  3.348157
-0.068558  0.035265  3.349298
-0.068839  0.035075  3.350368
-0.137125  0.015279  2.953647
-0.137352  0.015076  2.954695
-0.137544  0.014869  2.955793
-0.137699  0.014660  2.956937
-0.137819  0.014448  2.958128
-0.057076  0.057625  2.948981
-0.057153  0.057394  2.950268
-0.057221  0.057146  2.951609
-0.057281  0.056883  2.952999
-0.057332  0.056604  2.954438
-0.066800  0.035075  3.164315
0.073801  0.257076  3.337229
0.073736  0.256697  3.338624
0.073639  0.256243  3.339944
0.073509  0.255713  3.341190
-0.035943  0.133978  3.321243
-0.036101  0.133341  3.322350
-0.036255  0.132672  3.323391
-0.036406  0.131971  3.324366
-0.036553  0.131238  3.325280
-0.036697  0.130474  3.326132
-0.042758  -0.078358  3.042164
0.011102  -0.108082  2.618961
-0.068163  -0.079364  2.866281
-0.068297  -0.080044  2.867349
-0.036196  -0.254123  3.364247
-0.036315  -0.254680  3.365320
-0.036430  -0.255151  3.366318
-0.036543  -0.255536  3.367242
-0.036654  -0.255838  3.368092
-0.064239  0.031656  3.363615
-0.064335  0.031428  3.364318
-0.099346  -0.093624  2.753355
-0.099409  -0.093831  2.754117
0.033360  -0.078700  3.444915
0.033298  -0.078852  3.445703
0.004273  0.183017  2.668936
0.004179  0.182831  2.669780
0.004075  0.182587  2.670771
0.003961  0.182288  2.671908
-0.013086  0.005784  2.759899
-0.013215  0.005430  2.761287
-0.013349  0.005078  2.762785
-0.013487  0.004727  2.764390
-0.013629  0.004377  2.766100
-0.071664  0.031357  2.796815
-0.071796  0.031002  2.798720
-0.071915  0.030640  2.800713
-0.072019  0.030271  2.802793
0.006690  0.069780  2.658232
0.006588  0.069386  2.660527
0.006474  0.068974  2.662952
-0.063613  0.094656  3.490167
-0.063727  0.094200  3.492578
-0.063830  0.093719  3.494850
-0.063922  0.093213  3.496986
-0.064003  0.092683  3.498985
-0.064151  0.016006  3.354573
0.000206  0.113335  3.124909
0.000135  0.112753  3.126680
-0.147202  0.220087  3.079739
-0.147246  0.219415  3.081507
-0.088328  0.137751  3.163224
-0.088320  0.136983  3.164978
-0.088295  0.136182  3.166708
-0.065798  -0.061294  2.797697
-0.202966  -0.235572  3.030554
-0.202865  -0.236293  3.032376
-0.202713  -0.236932  3.034215
-0.202511  -0.237490  3.036072
-0.202261  -0.237968  3.037948
-0.201962  -0.238368  3.039840
-0.201617  -0.238690  3.041745
-0.020966  0.143500  3.099640
-0.020585  0.143208  3.101561
-0.133364  0.028611  3.333109
-0.132971  0.028267  3.334961
-0.132553  0.027916  3.336740
-0.132112  0.027558  3.338447
-0.131648  0.027193  3.340084
-0.131162  0.026821  3.341655
-0.130654  0.026443  3.343156
-0.130125  0.026058  3.344590
-0.005273  0.081070  3.390874
-0.004741  0.080656  3.392162
-0.004228  0.080218  3.393365
0.008006  0.103799  3.128041
-0.013679  0.138839  3.053173
-0.013220  0.138310  3.054327
-0.037705  0.177681  3.302826
-0.037267  0.177062  3.303954
-0.036835  0.176394  3.305030
0.014854  0.035404  3.074264
0.015258  0.034683  3.075315
0.015639  0.033959  3.076391
0.015999  0.033232  3.077491
0.016337  0.032502  3.078613
0.016654  0.031769  3.079758
0.016950  0.031034  3.080925
0.017226  0.030296  3.082117
0.017481  0.029557  3.083333
0.017716  0.028815  3.084570
0.017932  0.028071  3.085828
0.018128  0.027327  3.087104
0.018305  0.026580  3.088398
0.018463  0.025833  3.089703
0.018603  0.025085  3.091023
0.018725  0.024336  3.092359
0.018828  0.023587  3.093709
-0.228849  0.044494  3.090136
-0.343733  0.059692  3.029707
-0.343492  0.058924  3.031116
-0.343157  0.058144  3.032555
-0.072426  0.004747  3.214684
-0.226552  -0.071281  3.438575
-0.226067  -0.072036  3.439920
0.046364  -0.061212  3.141332
-0.007396  -0.045638  3.090735
-0.134843  -0.154136  3.178773
-0.134331  -0.154763  3.180032
-0.019658  -0.053184  3.260799
-0.019135  -0.053738  3.262012
-0.018625  -0.054273  3.263188
-0.018128  -0.054788  3.264330
-0.017643  -0.055284  3.265438
-0.006998  -0.047428  3.002130
-0.006541  -0.047888  3.003251
-0.006099  -0.048332  3.004418
-0.005672  -0.048761  3.005632
-0.005261  -0.049174  3.006892
-0.004864  -0.049571  3.008196
-0.015179  -0.021358  3.096269
-0.014808  -0.021734  3.097634
-0.072443  -0.245855  3.320768
0.019645  -0.026524  3.406833
0.019990  -0.026811  3.408078
0.020314  -0.027092  3.409246
0.020617  -0.027367  3.410339
-0.071130  -0.118516  3.375278
-0.070840  -0.118751  3.376231
-0.070541  -0.118951  3.377119
-0.070234  -0.119118  3.377944
-0.021387  0.001079  2.953757
-0.081563  0.169325  3.104556
-0.075365  0.200031  3.519907
-0.075038  0.199766  3.520653
-0.074702  0.199437  3.521290
-0.025432  -0.023310  3.176279
-0.025094  -0.023697  3.176814
-0.024763  -0.024078  3.177357
-0.024438  -0.024452  3.177906
-0.030866  -0.030437  3.359499
-0.030553  -0.030796  3.360007
-0.030245  -0.031146  3.360469
-0.029941  -0.031488  3.360882
-0.029642  -0.031823  3.361249
-0.029347  -0.032149  3.361573
-0.029056  -0.032467  3.361846
-0.028771  -0.032777  3.362071
-0.027620  0.108061  3.061057
-0.027343  0.107722  3.061284
-0.027072  0.107348  3.061556
-0.026805  0.106939  3.061872
-0.026542  0.106496  3.062232
-0.026284  0.106019  3.062636
-0.026031  0.105510  3.063083
-0.025783  0.104968  3.063571
-0.018197  -0.294074  3.022923
-0.017960  -0.294553  3.023509
-0.113653  -0.210344  3.277499
-0.048753  -0.362855  3.433239
-0.048497  -0.363067  3.433774
-0.048238  -0.363169  3.434236
-0.056392  -0.224947  3.101094
-0.056127  -0.224879  3.101512
-0.055856  -0.224751  3.101964
-0.055581  -0.224563  3.102447
-0.055302  -0.224316  3.102958
-0.055018  -0.224012  3.103497
-0.054730  -0.223651  3.104064
-0.054438  -0.223234  3.104658
-0.054142  -0.222763  3.105279
-0.053843  -0.222238  3.105929
-0.053539  -0.221661  3.106604
-0.053233  -0.221033  3.107305
-0.029271  -0.123942  3.403845
-0.028965  -0.123244  3.404501
-0.028664  -0.122528  3.405087
-0.028366  -0.121794  3.405606
-0.028073  -0.121043  3.406061
-0.027784  -0.120274  3.406452
-0.027500  -0.119489  3.406781
0.028584  0.052355  3.469531
0.028843  0.053118  3.469720
0.029080  0.053844  3.469830
0.029297  0.054533  3.469862
0.029493  0.055186  3.469817
0.029669  0.055802  3.469697
0.029824  0.056384  3.469504
0.029960  0.056930  3.469235
-0.263368  -0.399317  3.689435
-0.263179  -0.398697  3.688956
-0.262918  -0.397970  3.688340
-0.173128  -0.254488  3.359593
-0.172756  -0.253598  3.358817
-0.172345  -0.252651  3.358009
-0.171894  -0.251649  3.357173
-0.171405  -0.250592  3.356308
-0.170878  -0.249481  3.355414
-0.170314  -0.248319  3.354498
0.029403  -0.074340  3.581700
0.029976  -0.073131  3.580669
0.030522  -0.071926  3.579549
0.031041  -0.070727  3.578337
0.031535  -0.069532  3.577040
0.032003  -0.068342  3.575657
0.032446  -0.067158  3.574193
-0.051115  0.131617  3.616143
-0.050696  0.132728  3.614501
0.012978  0.243058  2.930009
0.069732  0.166601  3.215231
0.070099  0.167471  3.213637
0.070430  0.168269  3.212073
-0.020194  0.086056  3.452874
0.001124  0.037071  3.341053
0.001402  0.037722  3.339468
0.089814  -0.005428  3.221873
0.090040  -0.004820  3.220309
-0.036620  -0.184025  3.126184
-0.036431  -0.183389  3.124707
0.032261  0.122437  3.645205
0.032431  0.123059  3.643675
0.032581  0.123627  3.642039
0.035052  -0.016470  3.227667
0.035163  -0.015964  3.225951
0.035254  -0.015466  3.224261
0.035326  -0.014978  3.222597
-0.040750  -0.061120  3.580200
-0.040692  -0.060634  3.578479
-0.040629  -0.060142  3.576673
-0.040562  -0.059645  3.574789
-0.040489  -0.059141  3.572830
-0.040412  -0.058633  3.570796
-0.040330  -0.058120  3.568689
-0.040244  -0.057602  3.566510
0.096141  -0.025657  3.140824
0.107939  -0.382981  3.158914
0.107950  -0.382357  3.156780
0.107921  -0.381629  3.154704
0.107852  -0.380799  3.152682
0.107743  -0.379868  3.150715
-0.005596  0.017169  3.409803
-0.005745  0.018171  3.407851
-0.002247  -0.347565  2.775455
-0.002402  -0.346502  2.773631
0.073093  -0.195180  3.231555
-0.046887  0.055448  3.512998
-0.047061  0.056593  3.511295
-0.044521  0.248962  2.750086
-0.044673  0.249964  2.748496
-0.045725  -0.047610  3.335674
0.012820  0.044721  3.440241
0.012679  0.045588  3.438759
0.093696  -0.043059  2.945794
0.093513  -0.042230  2.944374
0.093297  -0.041404  2.943059
-0.016142  0.036518  3.507849
-0.016387  0.037310  3.506565
0.032377  0.090888  3.287029
0.032121  0.091607  3.285672
0.031853  0.092282  3.284314
0.031573  0.092914  3.282958
-0.035165  0.034774  3.099554
-0.035448  0.035339  3.098257
-0.035722  0.035881  3.097015
-0.035987  0.036400  3.095831
-0.036243  0.036896  3.094705
-0.036490  0.037369  3.093634
-0.012682  0.062561  3.346336
-0.012920  0.062982  3.345294
-0.013156  0.063374  3.344223
-0.005857  0.030873  3.100145
-0.006094  0.031218  3.099093
-0.006331  0.031545  3.098091
-0.082381  0.116500  3.316423
-0.082597  0.116765  3.315448
0.128763  0.036636  3.034185
0.128526  0.036840  3.033262
0.128245  0.037027  3.032406
0.020920  0.015996  3.423083
0.020588  0.016156  3.422234
-0.072041  0.052568  3.159564
-0.072359  0.052698  3.158684
-0.072657  0.052806  3.157835
-0.072934  0.052894  3.157018
-0.073190  0.052962  3.156230
-0.016816  0.029131  3.533144
-0.017051  0.029168  3.532289
-0.017284  0.029192  3.531343
-0.017514  0.029206  3.530310
-0.017743  0.029207  3.529192
-0.017970  0.029198  3.527987
-0.018194  0.029178  3.526698
0.015301  -0.119742  3.236658
0.015070  -0.119737  3.235300
0.014831  -0.119697  3.233957
0.032139  -0.081144  3.219481
0.031878  -0.081047  3.218169
0.031605  -0.080928  3.216872
0.031318  -0.080787  3.215589
0.031019  -0.080626  3.214321
0.030708  -0.080444  3.213067
0.030385  -0.080242  3.211828
0.030050  -0.080020  3.210604
0.029704  -0.079779  3.209396
0.029347  -0.079519  3.208200
0.028980  -0.079241  3.207017
0.028601  -0.078945  3.205847
0.028213  -0.078630  3.204693
0.027814  -0.078299  3.203551
0.027406  -0.077950  3.202421
-0.376043  1.081839  2.989254
-0.376344  1.081858  2.988223
-0.376530  1.081537  2.987272
-0.376602  1.080881  2.986402
-0.376564  1.079896  2.985609
-0.031919  0.123346  3.123027
-0.031772  0.122020  3.122350
-0.031626  0.120678  3.121708
-0.031480  0.119319  3.121101
-0.031335  0.117945  3.120530
-0.031191  0.116555  3.119992
-0.031048  0.115151  3.119485
-0.030905  0.113733  3.119011
0.060561  0.027279  3.645583
0.060673  0.025861  3.645009
0.060756  0.024458  3.644301
0.060811  0.023068  3.643462
0.060838  0.021693  3.642493
0.060838  0.020331  3.641399
0.060810  0.018984  3.640185
0.060756  0.017652  3.638855
0.060676  0.016333  3.637412
0.060570  0.015029  3.635855
0.060439  0.013740  3.634186
0.060283  0.012465  3.632405
0.060103  0.011204  3.630515
-0.267704  0.120243  2.862736
-0.267829  0.118977  2.860869
-0.176403  0.049705  3.386220
-0.176401  0.048423  3.384452
-0.176353  0.047144  3.382650
-0.039972  0.047458  2.810921
-0.039875  0.046185  2.809234
-0.039774  0.044915  2.807692
-0.088916  0.172432  3.211605
-0.088795  0.171129  3.210220
-0.088656  0.169791  3.208848
-0.088500  0.168417  3.207491
-0.088327  0.167010  3.206149
-0.088137  0.165570  3.204824
-0.087931  0.164098  3.203523
-0.087709  0.162595  3.202240
0.007684  -0.048504  3.314435
0.007907  -0.050001  3.313151
0.008116  -0.051462  3.311846
0.008310  -0.052887  3.310523
0.008491  -0.054277  3.309181
0.008659  -0.055631  3.307825
0.008812  -0.056951  3.306455
0.008953  -0.058236  3.305069
0.009080  -0.059487  3.303671
-0.194090  0.250451  2.849273
-0.193925  0.249170  2.847986
-0.193710  0.247828  2.846819
-0.193445  0.246424  2.845775
-0.193133  0.244960  2.844852
-0.192773  0.243439  2.844047
-0.192367  0.241861  2.843358
-0.191915  0.240227  2.842782
0.143091  -0.137087  3.208260
0.143527  -0.138710  3.207795
0.143902  -0.140269  3.207327
0.144217  -0.141764  3.206856
0.144475  -0.143197  3.206382
-0.021021  -0.028034  3.080946
-0.020825  -0.029380  3.080509
-0.020633  -0.030702  3.080108
-0.020446  -0.031999  3.079745
-0.020263  -0.033272  3.079420
-0.010108  -0.048661  3.267034
-0.009936  -0.049881  3.266719
-0.009772  -0.051074  3.266380
-0.011129  -0.048937  3.189577
-0.010978  -0.050075  3.189217
-0.010835  -0.051186  3.188859
-0.010697  -0.052270  3.188501
-0.010566  -0.053329  3.188144
-0.010442  -0.054361  3.187791
-0.051505  -0.128996  2.918352
-0.051380  -0.129955  2.918084
-0.051248  -0.130865  2.917898
-0.051110  -0.131728  2.917794
0.006425  -0.083720  3.128961
0.006558  -0.084505  3.128952
0.000473  -0.132043  3.146940
0.000585  -0.132754  3.146949
0.000687  -0.133421  3.146966
0.000780  -0.134044  3.146990
0.000864  -0.134624  3.147019
0.000939  -0.135162  3.147053
-0.028903  -0.071419  3.213960
-0.028836  -0.071895  3.213985
-0.028769  -0.072350  3.213998
-0.028700  -0.072785  3.213998
-0.028631  -0.073199  3.213987
-0.028562  -0.073594  3.213963
-0.028492  -0.073969  3.213926
-0.028422  -0.074324  3.213877
-0.028351  -0.074661  3.213813
-0.028279  -0.074979  3.213736
-0.028207  -0.075278  3.213648
0.019410  -0.077752  3.026645
0.019467  -0.078014  3.026593
0.019511  -0.078258  3.026587
0.019541  -0.078483  3.026623
0.019557  -0.078690  3.026704
0.019560  -0.078880  3.026829
0.019549  -0.079053  3.026996
