0.058893  0.082785  -9.723474
0.064532  0.079496  -9.721968
0.069867  0.078911  -9.721303
0.069867  0.078911  -9.721303
0.069323  0.080819  -9.741741
0.058444  0.075585  -9.730384
0.066213  0.086579  -9.735497
0.061118  0.072980  -9.713246
0.059495  0.064910  -9.732167
0.061061  0.072303  -9.719782
0.067825  0.087625  -9.736102
0.061299  0.090492  -9.735101
0.063287  0.088096  -9.725672
0.061232  0.079786  -9.712991
0.064862  0.086055  -9.714978
0.074980  0.075254  -9.725116
0.074980  0.075254  -9.725116
0.066430  0.075914  -9.731227
0.073653  0.079173  -9.722544
0.072606  0.090174  -9.686277
0.067576  0.094185  -9.700985
0.066817  0.090074  -9.714726
0.062007  0.081568  -9.725596
0.062402  0.090458  -9.709899
0.066185  0.084769  -9.712022
0.073087  0.085949  -9.738072
0.073087  0.085949  -9.738072
0.075374  0.076981  -9.707223
0.059695  0.086133  -9.715073
0.052763  0.086682  -9.715069
0.065872  0.083616  -9.697830
0.070980  0.086268  -9.726580
0.062153  0.082083  -9.731924
0.057315  0.078821  -9.712713
0.057097  0.076499  -9.716652
0.057097  0.076499  -9.716652
0.072018  0.081819  -9.723332
0.079273  0.076647  -9.729435
0.068793  0.084773  -9.726122
0.061544  0.091305  -9.717358
0.071426  0.085834  -9.735003
0.082190  0.081542  -9.730176
0.074253  0.082480  -9.728077
0.074253  0.082480  -9.728077
0.070428  0.097822  -9.708966
0.067643  0.097468  -9.724043
0.068005  0.084902  -9.723910
0.069347  0.079072  -9.717581
0.063782  0.076133  -9.725057
0.071238  0.096187  -9.722710
0.060784  0.095988  -9.724322
0.066590  0.086262  -9.719540
0.061170  0.083385  -9.695402
0.052374  0.089841  -9.724506
0.066625  0.084953  -9.725973
0.073795  0.084071  -9.713333
0.073795  0.084071  -9.713333
0.072867  0.076536  -9.714753
0.069464  0.067301  -9.726048
0.061921  0.080665  -9.727365
0.061914  0.090315  -9.714163
0.071316  0.078372  -9.700787
0.061339  0.080715  -9.714737
0.047525  0.072898  -9.752398
0.057598  0.074892  -9.754082
0.062970  0.077251  -9.752292
0.058325  0.087043  -9.732954
0.061166  0.085032  -9.738300
0.076126  0.073332  -9.734293
0.080790  0.069472  -9.742930
0.080790  0.069472  -9.742930
0.063336  0.087354  -9.721651
0.068621  0.075223  -9.736968
0.064774  0.096650  -9.732781
0.064302  0.091719  -9.749663
0.067241  0.078741  -9.711120
0.070046  0.088377  -9.724111
0.062864  0.083271  -9.726565
0.062864  0.083271  -9.726565
0.076588  0.089369  -9.733191
0.072683  0.097197  -9.713870
0.071406  0.089384  -9.719706
0.071711  0.092480  -9.725163
0.071711  0.092480  -9.725163
0.068985  0.085435  -9.706223
0.071997  0.091379  -9.745363
0.074010  0.088589  -9.743718
0.062665  0.081858  -9.723338
0.060542  0.086810  -9.709760
0.047931  0.087051  -9.717041
0.058833  0.087407  -9.693338
0.068366  0.092251  -9.713943
0.063772  0.084221  -9.729512
0.050917  0.089490  -9.746226
0.060540  0.079405  -9.716283
0.070084  0.085781  -9.726668
0.070084  0.085781  -9.726668
0.072116  0.091148  -9.738401
0.074707  0.086717  -9.712014
0.068747  0.086477  -9.707467
0.076245  0.088093  -9.709070
0.065187  0.100016  -9.698108
0.065342  0.091783  -9.712970
0.082033  0.071809  -9.709587
0.069275  0.073401  -9.721575
0.055680  0.080316  -9.715822
0.069756  0.104691  -9.693080
0.078354  0.091834  -9.676075
0.059113  0.091404  -9.699244
0.059113  0.091404  -9.699244
0.064892  0.075448  -9.739708
0.064554  0.076593  -9.713450
0.071224  0.090625  -9.705818
0.062621  0.094434  -9.706623
0.069479  0.090429  -9.722869
0.058127  0.070660  -9.721058
0.063003  0.094046  -9.735558
0.064931  0.090297  -9.730526
0.071800  0.081856  -9.714370
0.069387  0.084074  -9.704404
0.072988  0.078307  -9.706980
0.070564  0.080084  -9.708449
0.073506  0.077190  -9.716825
0.073506  0.077190  -9.716825
0.063142  0.076801  -9.718226
0.055495  0.088183  -9.724207
0.066635  0.091131  -9.734868
0.063060  0.090351  -9.718961
0.050210  0.086177  -9.703465
0.059066  0.086126  -9.689510
0.073166  0.079956  -9.692526
0.061786  0.076667  -9.710255
0.067405  0.092204  -9.734593
0.071476  0.077397  -9.732848
0.066668  0.078611  -9.719134
0.068540  0.076325  -9.718966
0.067726  0.069116  -9.727262
0.063113  0.074394  -9.715604
0.062663  0.088854  -9.731661
0.063409  0.092532  -9.728712
0.052609  0.078593  -9.743717
0.053421  0.074779  -9.705823
0.069928  0.076779  -9.707331
0.064569  0.081172  -9.741043
0.080314  0.073977  -9.728837
0.062278  0.074207  -9.718324
0.054385  0.087552  -9.722306
0.058477  0.094450  -9.723105
0.069251  0.092134  -9.721216
0.069251  0.092134  -9.721216
0.061418  0.085256  -9.721077
0.059293  0.074468  -9.725243
0.062017  0.083655  -9.732725
0.054625  0.084288  -9.740310
0.054685  0.085643  -9.721426
0.056936  0.086420  -9.714993
0.044502  0.089243  -9.747602
0.061445  0.093161  -9.751186
0.058992  0.086952  -9.713253
0.068919  0.086536  -9.701177
0.058625  0.083226  -9.699416
0.064970  0.072446  -9.717978
0.074354  0.089692  -9.714401
0.073224  0.080721  -9.713486
0.066521  0.069678  -9.742633
0.074193  0.063392  -9.716428
0.072059  0.067607  -9.693551
0.073096  0.079794  -9.709561
0.069476  0.079735  -9.731989
0.057202  0.069840  -9.716428
0.057074  0.071401  -9.736332
0.072323  0.069751  -9.751736
0.081487  0.083378  -9.720384
0.061862  0.082203  -9.712701
0.061862  0.082203  -9.712701
0.070702  0.084827  -9.728618
0.065725  0.091650  -9.729404
0.065160  0.081539  -9.739024
0.066286  0.071467  -9.739622
0.058496  0.075041  -9.725143
0.064880  0.075380  -9.736607
0.064362  0.089659  -9.712062
0.068744  0.084350  -9.717007
0.079833  0.094048  -9.726726
0.075373  0.076069  -9.716247
0.068744  0.070293  -9.698050
0.068933  0.086908  -9.708801
0.078553  0.092846  -9.727390
0.078553  0.092846  -9.727390
0.067793  0.077602  -9.717528
0.068584  0.079126  -9.730545
0.076392  0.087591  -9.714410
0.052954  0.083375  -9.702623
0.054939  0.089170  -9.719568
0.056531  0.095963  -9.727294
0.049744  0.090759  -9.725444
0.059280  0.090655  -9.717170
0.064757  0.094958  -9.711815
0.070880  0.069172  -9.719625
0.057021  0.072432  -9.720951
0.063347  0.073626  -9.738669
0.063347  0.073626  -9.738669
0.058141  0.096232  -9.713326
0.053658  0.093994  -9.722655
0.072134  0.093459  -9.710030
0.056879  0.071658  -9.729215
0.059174  0.076177  -9.747552
0.063098  0.087840  -9.734988
0.055855  0.075029  -9.717135
0.062324  0.071465  -9.726116
0.063494  0.079976  -9.696732
0.063529  0.089849  -9.712677
0.063095  0.083915  -9.719508
0.055837  0.073426  -9.683813
0.055837  0.073426  -9.683813
0.055837  0.073426  -9.683813
0.048439  0.084785  -9.710826
0.065611  0.089014  -9.711502
0.065509  0.092291  -9.724494
0.068144  0.089238  -9.711205
0.069043  0.085684  -9.715598
0.069043  0.085684  -9.715598
0.060494  0.083564  -9.731468
0.060349  0.071788  -9.712396
0.071170  0.070496  -9.715156
0.067093  0.077275  -9.698640
0.075243  0.088207  -9.700459
0.075243  0.088207  -9.700459
0.073537  0.071667  -9.716791
0.073574  0.090332  -9.723060
0.061738  0.097150  -9.725573
0.067656  0.094194  -9.728249
0.064071  0.095566  -9.724287
0.065897  0.091737  -9.688087
0.057745  0.080917  -9.710258
0.065153  0.083366  -9.692183
0.067056  0.078869  -9.719598
0.070515  0.087600  -9.744443
0.064872  0.076146  -9.728877
0.055669  0.068451  -9.712383
0.055669  0.068451  -9.712383
0.066317  0.080857  -9.735538
0.070236  0.068461  -9.728732
0.058034  0.092239  -9.691701
0.066916  0.097362  -9.705313
0.081403  0.082949  -9.750226
0.063761  0.077760  -9.750753
0.063102  0.080841  -9.717498
0.082105  0.078199  -9.708149
0.079333  0.086076  -9.718425
0.063547  0.087221  -9.729639
0.062685  0.084934  -9.743266
0.061835  0.077687  -9.701585
0.061835  0.077687  -9.701585
0.049351  0.074903  -9.737296
0.056644  0.086837  -9.714000
0.063041  0.080176  -9.713286
0.059906  0.079398  -9.732179
0.060079  0.085202  -9.725502
0.057374  0.080568  -9.714939
0.067547  0.082782  -9.693378
0.065993  0.085316  -9.732975
0.064096  0.072590  -9.732321
0.058791  0.067206  -9.717467
0.058791  0.067206  -9.717467
0.058791  0.067206  -9.717467
0.058791  0.067206  -9.717467
0.054349  0.080621  -9.700892
0.059161  0.077066  -9.699765
0.069801  0.076623  -9.752475
0.070395  0.087591  -9.767969
0.079973  0.079448  -9.721718
0.073676  0.089142  -9.711708
0.082416  0.094870  -9.704839
0.060678  0.076978  -9.698480
0.055711  0.080502  -9.698508
0.072311  0.095075  -9.698012
0.068348  0.094520  -9.729924
0.063198  0.074326  -9.728181
0.063198  0.074326  -9.728181
0.067442  0.089405  -9.739561
0.060472  0.081182  -9.721771
0.053567  0.091257  -9.729417
0.056253  0.098610  -9.738532
0.050545  0.093884  -9.741458
0.066853  0.083483  -9.728745
0.068695  0.085212  -9.731557
0.064138  0.097022  -9.716840
0.059664  0.087972  -9.720330
0.070831  0.082539  -9.744458
0.062820  0.078825  -9.735987
0.066358  0.083329  -9.716627
0.066358  0.083329  -9.716627
0.060014  0.083714  -9.733378
0.067251  0.077034  -9.729887
0.058633  0.079635  -9.746756
0.062384  0.089217  -9.727218
0.076927  0.090138  -9.719049
0.076551  0.087155  -9.721453
0.056336  0.083795  -9.737987
0.063849  0.089099  -9.731838
0.066121  0.074398  -9.733061
0.069219  0.074759  -9.719491
0.062421  0.079031  -9.699089
0.055491  0.088803  -9.711151
0.055228  0.080789  -9.715585
0.065550  0.075618  -9.707133
0.073184  0.084557  -9.718155
0.078094  0.090219  -9.709838
0.068468  0.093096  -9.720377
0.065467  0.085924  -9.750016
0.062688  0.090057  -9.719102
0.062602  0.091464  -9.713122
0.064275  0.086729  -9.720555
0.070728  0.075570  -9.718663
0.067056  0.083560  -9.720120
0.064325  0.090098  -9.710876
0.064325  0.090098  -9.710876
0.062726  0.078594  -9.728285
0.060278  0.085802  -9.706980
0.072675  0.085718  -9.699795
0.069017  0.082404  -9.721271
0.069926  0.084075  -9.726687
0.072569  0.082936  -9.739538
0.072357  0.087776  -9.720188
0.055299  0.079338  -9.681731
0.055070  0.083440  -9.716555
0.062675  0.061716  -9.735520
0.068124  0.080182  -9.723824
0.070726  0.082754  -9.723514
0.070726  0.082754  -9.723514
0.062462  0.080828  -9.736395
0.063919  0.087022  -9.720652
0.070069  0.090523  -9.717167
0.056145  0.085093  -9.732181
0.067948  0.074852  -9.712153
0.055595  0.070144  -9.715394
0.053593  0.089930  -9.712508
0.058988  0.089205  -9.749294
0.071079  0.089168  -9.737221
0.063751  0.079845  -9.711681
0.054600  0.073683  -9.704206
0.059135  0.070343  -9.720080
0.059135  0.070343  -9.720080
0.055812  0.078962  -9.732604
0.068265  0.091024  -9.751608
0.060132  0.083191  -9.732089
0.052592  0.081758  -9.716960
0.053897  0.079739  -9.711616
0.056932  0.079724  -9.715582
0.072730  0.085875  -9.727450
0.054264  0.080248  -9.735329
0.053099  0.088286  -9.717947
0.066532  0.089510  -9.713384
0.067468  0.108146  -9.736372
0.067468  0.108146  -9.736372
0.065015  0.089647  -9.735054
0.061480  0.068525  -9.705372
0.058351  0.087332  -9.709019
0.065020  0.085207  -9.735175
0.060052  0.087024  -9.736617
0.059074  0.074187  -9.728670
0.060839  0.075220  -9.720070
0.063021  0.090755  -9.725074
0.058022  0.096791  -9.730431
0.065730  0.087788  -9.733619
0.069042  0.084099  -9.728903
0.068046  0.094327  -9.753889
0.066426  0.078412  -9.721009
0.066426  0.078412  -9.721009
0.063487  0.069704  -9.708002
0.080296  0.074515  -9.716856
0.080652  0.081537  -9.732726
0.069405  0.080402  -9.698112
0.069647  0.082308  -9.742228
0.070005  0.084092  -9.741040
0.056703  0.083722  -9.747544
0.058004  0.094696  -9.743342
0.070612  0.092319  -9.750463
0.072967  0.067513  -9.743209
0.066838  0.076013  -9.733431
0.044592  0.083240  -9.735833
0.044592  0.083240  -9.735833
0.075949  0.087341  -9.750453
0.074425  0.085037  -9.710696
0.070498  0.085729  -9.694261
0.061449  0.086937  -9.703471
0.062268  0.085173  -9.717497
0.066716  0.093578  -9.721442
0.073922  0.091507  -9.713721
0.060304  0.083152  -9.714690
0.061588  0.075268  -9.713455
0.059204  0.077615  -9.719436
0.056675  0.076724  -9.734314
0.057139  0.074950  -9.725061
0.057139  0.074950  -9.725061
0.071887  0.089757  -9.704587
0.073454  0.090962  -9.722083
0.065178  0.084872  -9.750604
0.069884  0.074585  -9.740687
0.062772  0.075108  -9.731296
0.069163  0.074226  -9.705729
0.070250  0.066598  -9.694514
0.056954  0.073303  -9.712738
0.056954  0.073303  -9.712738
0.054347  0.086140  -9.734159
0.063845  0.092976  -9.733070
0.068226  0.087060  -9.719567
0.068226  0.087060  -9.719567
0.068611  0.086338  -9.717731
0.067007  0.083701  -9.710088
0.063875  0.075190  -9.699705
0.071535  0.083310  -9.720144
0.062018  0.091611  -9.714797
0.070373  0.092030  -9.704949
0.061050  0.092919  -9.714934
0.072627  0.090842  -9.716194
0.081109  0.077865  -9.704706
0.064665  0.080123  -9.725596
0.066041  0.090878  -9.737284
0.064067  0.094524  -9.750141
0.064067  0.094524  -9.750141
0.066031  0.099341  -9.768870
0.072660  0.087637  -9.713765
0.068353  0.080014  -9.713730
0.059984  0.086515  -9.711505
0.053616  0.085793  -9.706773
0.044503  0.072330  -9.715066
0.058517  0.080587  -9.688367
0.064795  0.079980  -9.722469
0.064795  0.079980  -9.722469
0.064795  0.079980  -9.722469
0.053725  0.081298  -9.734860
0.051278  0.066685  -9.720049
0.055158  0.076719  -9.741378
0.043292  0.064566  -9.732388
0.043292  0.064566  -9.732388
0.043292  0.064566  -9.732388
0.043292  0.064566  -9.732388
0.056833  0.122193  -9.748539
0.056833  0.122193  -9.748539
-0.001341  0.032183  -9.688962
0.012794  0.243930  -9.736951
-0.057928  0.395372  -9.801276
-0.057928  0.395372  -9.801276
0.091206  0.264614  -9.633445
0.091206  0.264614  -9.633445
0.091206  0.264614  -9.633445
0.205421  0.172150  -9.722497
0.205421  0.172150  -9.722497
-0.051344  0.054985  -9.956530
-0.034059  0.042663  -9.756964
-0.034059  0.042663  -9.756964
-0.034059  0.042663  -9.756964
-0.000510  0.223109  -10.252345
-0.000510  0.223109  -10.252345
-0.006463  0.051411  -9.659252
-0.006463  0.051411  -9.659252
-0.006463  0.051411  -9.659252
-0.006463  0.051411  -9.659252
-0.006463  0.051411  -9.659252
-0.006463  0.051411  -9.659252
-0.006463  0.051411  -9.659252
-0.006463  0.051411  -9.659252
-0.006463  0.051411  -9.659252
0.178096  -0.341064  -10.214571
0.178096  -0.341064  -10.214571
0.178096  -0.341064  -10.214571
0.178096  -0.341064  -10.214571
0.178096  -0.341064  -10.214571
0.178096  -0.341064  -10.214571
0.178096  -0.341064  -10.214571
0.178096  -0.341064  -10.214571
0.178096  -0.341064  -10.214571
0.178096  -0.341064  -10.214571
0.178096  -0.341064  -10.214571
0.178096  -0.341064  -10.214571
0.178096  -0.341064  -10.214571
0.178096  -0.341064  -10.214571
0.178096  -0.341064  -10.214571
0.178096  -0.341064  -10.214571
0.178096  -0.341064  -10.214571
0.178096  -0.341064  -10.214571
0.178096  -0.341064  -10.214571
0.178096  -0.341064  -10.214571
0.178096  -0.341064  -10.214571
0.178096  -0.341064  -10.214571
0.178096  -0.341064  -10.214571
0.178096  -0.341064  -10.214571
0.178096  -0.341064  -10.214571
0.178096  -0.341064  -10.214571
0.178096  -0.341064  -10.214571
0.178096  -0.341064  -10.214571
-2.440380  1.132521  -10.262612
-2.440380  1.132521  -10.262612
-2.440380  1.132521  -10.262612
-2.440380  1.132521  -10.262612
0.835721  0.107623  -10.218004
0.835721  0.107623  -10.218004
0.835721  0.107623  -10.218004
0.835721  0.107623  -10.218004
0.835721  0.107623  -10.218004
0.835721  0.107623  -10.218004
0.835721  0.107623  -10.218004
0.835721  0.107623  -10.218004
0.835721  0.107623  -10.218004
0.835721  0.107623  -10.218004
0.835721  0.107623  -10.218004
0.835721  0.107623  -10.218004
0.835721  0.107623  -10.218004
0.735512  0.657198  -9.183714
0.735512  0.657198  -9.183714
0.735512  0.657198  -9.183714
0.735512  0.657198  -9.183714
0.735512  0.657198  -9.183714
0.735512  0.657198  -9.183714
0.735512  0.657198  -9.183714
0.735512  0.657198  -9.183714
0.735512  0.657198  -9.183714
0.735512  0.657198  -9.183714
0.735512  0.657198  -9.183714
0.735512  0.657198  -9.183714
0.735512  0.657198  -9.183714
0.735512  0.657198  -9.183714
0.735512  0.657198  -9.183714
0.735512  0.657198  -9.183714
-0.089002  -0.985687  -10.281877
0.161984  1.175908  -9.572672
0.161984  1.175908  -9.572672
0.161984  1.175908  -9.572672
0.161984  1.175908  -9.572672
0.161984  1.175908  -9.572672
0.161984  1.175908  -9.572672
0.161984  1.175908  -9.572672
0.161984  1.175908  -9.572672
0.161984  1.175908  -9.572672
0.161984  1.175908  -9.572672
0.161984  1.175908  -9.572672
0.161984  1.175908  -9.572672
0.161984  1.175908  -9.572672
0.161984  1.175908  -9.572672
0.161984  1.175908  -9.572672
0.161984  1.175908  -9.572672
0.161984  1.175908  -9.572672
0.161984  1.175908  -9.572672
0.010723  -0.186910  -9.297463
0.010723  -0.186910  -9.297463
0.010723  -0.186910  -9.297463
0.010723  -0.186910  -9.297463
0.316138  -0.597285  -9.617655
0.316138  -0.597285  -9.617655
0.316138  -0.597285  -9.617655
0.316138  -0.597285  -9.617655
-0.028029  0.204253  -8.674276
-0.028029  0.204253  -8.674276
-0.028029  0.204253  -8.674276
-0.028029  0.204253  -8.674276
0.033333  0.594443  -9.485143
0.033333  0.594443  -9.485143
0.033333  0.594443  -9.485143
0.033333  0.594443  -9.485143
0.033333  0.594443  -9.485143
0.033333  0.594443  -9.485143
0.033333  0.594443  -9.485143
0.033333  0.594443  -9.485143
0.033333  0.594443  -9.485143
-0.047024  0.408458  -9.683234
-0.047024  0.408458  -9.683234
-0.047024  0.408458  -9.683234
-0.047024  0.408458  -9.683234
-0.047024  0.408458  -9.683234
-0.047024  0.408458  -9.683234
-0.047024  0.408458  -9.683234
-0.047024  0.408458  -9.683234
0.205140  0.366899  -9.440269
0.216474  -0.228497  -9.955194
0.216474  -0.228497  -9.955194
0.216474  -0.228497  -9.955194
0.216474  -0.228497  -9.955194
0.216474  -0.228497  -9.955194
0.216474  -0.228497  -9.955194
0.216474  -0.228497  -9.955194
0.216474  -0.228497  -9.955194
0.216474  -0.228497  -9.955194
0.216474  -0.228497  -9.955194
0.216474  -0.228497  -9.955194
0.216474  -0.228497  -9.955194
0.216474  -0.228497  -9.955194
0.216474  -0.228497  -9.955194
0.216474  -0.228497  -9.955194
0.216474  -0.228497  -9.955194
0.216474  -0.228497  -9.955194
0.216474  -0.228497  -9.955194
0.041091  -0.126029  -9.160389
0.041091  -0.126029  -9.160389
0.041091  -0.126029  -9.160389
0.041091  -0.126029  -9.160389
0.041091  -0.126029  -9.160389
0.041091  -0.126029  -9.160389
0.041091  -0.126029  -9.160389
0.041091  -0.126029  -9.160389
0.041091  -0.126029  -9.160389
0.041091  -0.126029  -9.160389
0.041091  -0.126029  -9.160389
0.041091  -0.126029  -9.160389
0.041091  -0.126029  -9.160389
0.456366  -0.424598  -9.852171
0.456366  -0.424598  -9.852171
0.456366  -0.424598  -9.852171
0.456366  -0.424598  -9.852171
0.456366  -0.424598  -9.852171
0.456366  -0.424598  -9.852171
0.456366  -0.424598  -9.852171
0.456366  -0.424598  -9.852171
0.456366  -0.424598  -9.852171
0.353087  -0.157120  -9.512760
-0.036202  0.178682  -10.026470
-0.036202  0.178682  -10.026470
-0.036202  0.178682  -10.026470
-0.036202  0.178682  -10.026470
0.224505  -0.159152  -10.208192
0.224505  -0.159152  -10.208192
0.224505  -0.159152  -10.208192
-0.045780  0.158261  -9.745727
-0.235941  0.493640  -10.607957
-0.235941  0.493640  -10.607957
-0.235941  0.493640  -10.607957
-0.235941  0.493640  -10.607957
-0.235941  0.493640  -10.607957
-0.235941  0.493640  -10.607957
-0.235941  0.493640  -10.607957
-0.235941  0.493640  -10.607957
-0.235941  0.493640  -10.607957
0.171154  0.142677  -9.785472
0.735709  -0.144170  -8.912508
0.327900  0.087228  -8.791751
0.327900  0.087228  -8.791751
0.327900  0.087228  -8.791751
0.327900  0.087228  -8.791751
0.327900  0.087228  -8.791751
0.327900  0.087228  -8.791751
0.327900  0.087228  -8.791751
0.327900  0.087228  -8.791751
0.327900  0.087228  -8.791751
0.327900  0.087228  -8.791751
0.327900  0.087228  -8.791751
0.327900  0.087228  -8.791751
0.327900  0.087228  -8.791751
-0.238780  -0.047853  -9.636439
-0.238780  -0.047853  -9.636439
0.213768  -0.325109  -9.386508
0.411287  0.104676  -10.619630
0.411287  0.104676  -10.619630
0.484561  -0.184276  -8.764218
0.484561  -0.184276  -8.764218
0.484561  -0.184276  -8.764218
0.484561  -0.184276  -8.764218
0.484561  -0.184276  -8.764218
0.484561  -0.184276  -8.764218
0.484561  -0.184276  -8.764218
0.484561  -0.184276  -8.764218
0.484561  -0.184276  -8.764218
0.484561  -0.184276  -8.764218
0.484561  -0.184276  -8.764218
0.484561  -0.184276  -8.764218
0.346549  -0.246547  -9.000285
0.346549  -0.246547  -9.000285
0.346549  -0.246547  -9.000285
0.346549  -0.246547  -9.000285
0.116424  0.427212  -10.598726
0.116424  0.427212  -10.598726
0.116424  0.427212  -10.598726
0.116424  0.427212  -10.598726
0.116424  0.427212  -10.598726
0.116424  0.427212  -10.598726
0.116424  0.427212  -10.598726
0.116424  0.427212  -10.598726
0.116424  0.427212  -10.598726
0.116424  0.427212  -10.598726
0.116424  0.427212  -10.598726
0.116424  0.427212  -10.598726
0.116424  0.427212  -10.598726
0.116424  0.427212  -10.598726
0.116424  0.427212  -10.598726
0.116424  0.427212  -10.598726
0.116424  0.427212  -10.598726
0.116424  0.427212  -10.598726
0.057402  -0.016131  -9.239235
0.057402  -0.016131  -9.239235
0.288762  -0.026042  -8.722767
0.235882  0.403082  -10.395872
0.235882  0.403082  -10.395872
0.235882  0.403082  -10.395872
0.235882  0.403082  -10.395872
0.235882  0.403082  -10.395872
0.235882  0.403082  -10.395872
0.235882  0.403082  -10.395872
0.406188  -0.183428  -10.261155
0.406188  -0.183428  -10.261155
0.406188  -0.183428  -10.261155
0.406188  -0.183428  -10.261155
-0.002022  -0.372036  -9.951952
0.192894  -0.118846  -9.456578
0.131950  0.313587  -9.690666
0.131950  0.313587  -9.690666
0.131950  0.313587  -9.690666
-0.061949  -0.208355  -9.424114
-0.061949  -0.208355  -9.424114
-0.061949  -0.208355  -9.424114
-0.061949  -0.208355  -9.424114
-0.061949  -0.208355  -9.424114
-0.061949  -0.208355  -9.424114
-0.061949  -0.208355  -9.424114
-0.061949  -0.208355  -9.424114
-0.061949  -0.208355  -9.424114
-0.061949  -0.208355  -9.424114
0.206969  -0.042921  -9.907422
0.206969  -0.042921  -9.907422
0.029804  0.471865  -9.464721
-0.052075  0.404391  -9.373369
-0.052075  0.404391  -9.373369
-0.052075  0.404391  -9.373369
-0.052075  0.404391  -9.373369
0.160913  -0.230837  -10.071486
0.186115  -0.554687  -9.832021
0.186115  -0.554687  -9.832021
0.186115  -0.554687  -9.832021
0.186115  -0.554687  -9.832021
0.186115  -0.554687  -9.832021
0.186115  -0.554687  -9.832021
0.136130  0.459909  -9.581222
0.136130  0.459909  -9.581222
0.136130  0.459909  -9.581222
0.136130  0.459909  -9.581222
0.136130  0.459909  -9.581222
0.136130  0.459909  -9.581222
0.136130  0.459909  -9.581222
0.143937  -0.160876  -9.677491
0.143937  -0.160876  -9.677491
0.143937  -0.160876  -9.677491
0.143937  -0.160876  -9.677491
0.143937  -0.160876  -9.677491
0.143937  -0.160876  -9.677491
0.103816  0.087227  -9.929977
0.103816  0.087227  -9.929977
0.103816  0.087227  -9.929977
0.103816  0.087227  -9.929977
0.103816  0.087227  -9.929977
0.103816  0.087227  -9.929977
0.092547  0.141149  -9.682448
0.170782  0.314123  -9.991592
0.170782  0.314123  -9.991592
0.109217  -0.154655  -9.704133
0.109217  -0.154655  -9.704133
0.109217  -0.154655  -9.704133
0.109217  -0.154655  -9.704133
0.216623  0.130366  -9.949081
0.216623  0.130366  -9.949081
0.216623  0.130366  -9.949081
0.104951  -0.047034  -9.658994
0.104951  -0.047034  -9.658994
0.104951  -0.047034  -9.658994
0.106714  0.119611  -10.093129
0.106714  0.119611  -10.093129
-0.037451  0.359759  -9.537603
-0.037451  0.359759  -9.537603
-0.037451  0.359759  -9.537603
-0.037451  0.359759  -9.537603
-0.037451  0.359759  -9.537603
-0.037451  0.359759  -9.537603
0.062460  0.217475  -9.275173
0.007262  -0.015473  -9.638567
0.007262  -0.015473  -9.638567
0.007262  -0.015473  -9.638567
0.007262  -0.015473  -9.638567
0.007262  -0.015473  -9.638567
0.090230  0.058045  -9.669012
0.090230  0.058045  -9.669012
0.090230  0.058045  -9.669012
0.090230  0.058045  -9.669012
0.090230  0.058045  -9.669012
0.197377  0.069585  -9.903297
0.197377  0.069585  -9.903297
0.197377  0.069585  -9.903297
-0.036850  0.463675  -9.396903
-0.036850  0.463675  -9.396903
-0.036850  0.463675  -9.396903
-0.036850  0.463675  -9.396903
-0.036850  0.463675  -9.396903
-0.036850  0.463675  -9.396903
-0.046852  -0.253600  -9.956714
0.225772  -0.063904  -9.525443
0.076905  0.014571  -9.466546
0.134269  0.235396  -10.751719
0.134269  0.235396  -10.751719
0.134269  0.235396  -10.751719
0.134269  0.235396  -10.751719
0.134269  0.235396  -10.751719
0.134269  0.235396  -10.751719
0.134269  0.235396  -10.751719
0.134269  0.235396  -10.751719
0.134269  0.235396  -10.751719
0.134269  0.235396  -10.751719
0.134269  0.235396  -10.751719
0.261843  -0.009951  -9.901302
-0.093521  0.007959  -9.741883
-0.093521  0.007959  -9.741883
-0.093521  0.007959  -9.741883
-0.093521  0.007959  -9.741883
-0.093521  0.007959  -9.741883
-0.093521  0.007959  -9.741883
-0.093521  0.007959  -9.741883
-0.093521  0.007959  -9.741883
-0.093521  0.007959  -9.741883
-0.093521  0.007959  -9.741883
-0.093521  0.007959  -9.741883
-0.093521  0.007959  -9.741883
-0.093521  0.007959  -9.741883
0.120721  -0.163361  -9.656945
0.296629  -0.226743  -10.576491
0.296629  -0.226743  -10.576491
0.296629  -0.226743  -10.576491
0.296629  -0.226743  -10.576491
0.220287  -0.165070  -9.910074
0.220287  -0.165070  -9.910074
0.099061  0.204026  -9.476091
0.099061  0.204026  -9.476091
0.099061  0.204026  -9.476091
0.099061  0.204026  -9.476091
0.099061  0.204026  -9.476091
0.099061  0.204026  -9.476091
0.099061  0.204026  -9.476091
0.223591  -0.007019  -9.915812
0.223591  -0.007019  -9.915812
0.223591  -0.007019  -9.915812
0.223591  -0.007019  -9.915812
0.193969  -0.102709  -9.953590
0.193969  -0.102709  -9.953590
0.193969  -0.102709  -9.953590
0.193969  -0.102709  -9.953590
-0.072173  0.213184  -9.799915
0.365587  -0.313440  -10.022683
0.365587  -0.313440  -10.022683
0.365587  -0.313440  -10.022683
0.365587  -0.313440  -10.022683
0.045415  -0.039005  -10.015407
0.195450  -0.502353  -10.219238
0.271336  -0.283004  -9.882257
0.271336  -0.283004  -9.882257
0.271336  -0.283004  -9.882257
0.271336  -0.283004  -9.882257
0.271336  -0.283004  -9.882257
0.271336  -0.283004  -9.882257
0.271336  -0.283004  -9.882257
0.271336  -0.283004  -9.882257
0.271336  -0.283004  -9.882257
0.271336  -0.283004  -9.882257
0.271336  -0.283004  -9.882257
0.271336  -0.283004  -9.882257
0.167097  -0.371939  -9.807334
0.167097  -0.371939  -9.807334
0.167097  -0.371939  -9.807334
0.167097  -0.371939  -9.807334
0.167097  -0.371939  -9.807334
0.167097  -0.371939  -9.807334
0.167097  -0.371939  -9.807334
0.167097  -0.371939  -9.807334
0.167097  -0.371939  -9.807334
0.167097  -0.371939  -9.807334
0.167097  -0.371939  -9.807334
0.154395  0.071574  -9.631742
0.154395  0.071574  -9.631742
0.154395  0.071574  -9.631742
0.154395  0.071574  -9.631742
0.154395  0.071574  -9.631742
0.106718  -0.044596  -9.489334
0.106718  -0.044596  -9.489334
0.106718  -0.044596  -9.489334
0.106718  -0.044596  -9.489334
-0.036969  0.231535  -9.869475
-0.036969  0.231535  -9.869475
-0.036969  0.231535  -9.869475
-0.036969  0.231535  -9.869475
-0.036969  0.231535  -9.869475
-0.036969  0.231535  -9.869475
-0.036969  0.231535  -9.869475
-0.036969  0.231535  -9.869475
-0.036969  0.231535  -9.869475
-0.036969  0.231535  -9.869475
0.197142  0.020411  -9.703606
0.197142  0.020411  -9.703606
0.197142  0.020411  -9.703606
0.197142  0.020411  -9.703606
0.197142  0.020411  -9.703606
0.197142  0.020411  -9.703606
0.197142  0.020411  -9.703606
0.197142  0.020411  -9.703606
0.197142  0.020411  -9.703606
0.197142  0.020411  -9.703606
0.312128  -0.002358  -9.993771
-0.022179  0.036005  -9.844307
-0.022179  0.036005  -9.844307
-0.022179  0.036005  -9.844307
-0.022179  0.036005  -9.844307
-0.022179  0.036005  -9.844307
-0.022179  0.036005  -9.844307
0.152420  0.029974  -9.729322
0.152420  0.029974  -9.729322
0.152420  0.029974  -9.729322
0.157208  0.086504  -9.606079
0.157208  0.086504  -9.606079
-0.085063  -0.167997  -9.542069
0.302845  0.198589  -9.315431
0.302845  0.198589  -9.315431
0.039274  0.110916  -9.678212
0.039274  0.110916  -9.678212
0.039274  0.110916  -9.678212
0.039274  0.110916  -9.678212
0.039274  0.110916  -9.678212
0.039274  0.110916  -9.678212
0.087478  -0.031718  -10.311063
0.215085  0.038585  -9.527435
0.215085  0.038585  -9.527435
0.215085  0.038585  -9.527435
-0.040151  -0.157713  -9.556943
-0.040151  -0.157713  -9.556943
-0.040151  -0.157713  -9.556943
-0.040151  -0.157713  -9.556943
-0.040151  -0.157713  -9.556943
-0.040151  -0.157713  -9.556943
-0.040151  -0.157713  -9.556943
-0.040151  -0.157713  -9.556943
-0.040151  -0.157713  -9.556943
-0.040151  -0.157713  -9.556943
0.145327  0.508145  -8.913728
0.145327  0.508145  -8.913728
0.145327  0.508145  -8.913728
0.033034  -0.092603  -9.539502
0.033034  -0.092603  -9.539502
0.033034  -0.092603  -9.539502
0.033034  -0.092603  -9.539502
0.033034  -0.092603  -9.539502
0.175953  0.280878  -10.546702
0.175953  0.280878  -10.546702
0.175953  0.280878  -10.546702
0.175953  0.280878  -10.546702
0.175953  0.280878  -10.546702
0.175953  0.280878  -10.546702
0.175953  0.280878  -10.546702
0.175953  0.280878  -10.546702
-0.117085  0.255292  -9.567225
-0.117085  0.255292  -9.567225
-0.117085  0.255292  -9.567225
-0.117085  0.255292  -9.567225
-0.117085  0.255292  -9.567225
-0.117085  0.255292  -9.567225
-0.117085  0.255292  -9.567225
0.222346  0.132176  -10.785419
0.222346  0.132176  -10.785419
0.222346  0.132176  -10.785419
0.222346  0.132176  -10.785419
0.005661  0.263306  -9.262079
0.005661  0.263306  -9.262079
0.005661  0.263306  -9.262079
0.005661  0.263306  -9.262079
0.221160  0.204050  -8.988231
0.221160  0.204050  -8.988231
0.161859  0.092321  -10.207144
0.008536  -0.179283  -8.990430
0.008536  -0.179283  -8.990430
0.416504  -0.100016  -10.269618
0.416504  -0.100016  -10.269618
0.416504  -0.100016  -10.269618
0.284398  -0.087462  -10.287872
0.284398  -0.087462  -10.287872
0.008918  0.263738  -9.336341
0.008918  0.263738  -9.336341
0.174353  -0.162207  -9.355960
0.019901  -0.005553  -9.310094
0.019901  -0.005553  -9.310094
0.019901  -0.005553  -9.310094
0.134298  -0.296575  -8.955591
0.134298  -0.296575  -8.955591
0.134298  -0.296575  -8.955591
0.134298  -0.296575  -8.955591
0.134298  -0.296575  -8.955591
0.134298  -0.296575  -8.955591
0.075830  0.077212  -9.452126
0.067223  0.062022  -9.275667
0.080780  0.248846  -10.246827
0.080780  0.248846  -10.246827
0.189632  -0.267285  -8.849682
0.189632  -0.267285  -8.849682
0.189632  -0.267285  -8.849682
0.189632  -0.267285  -8.849682
0.189632  -0.267285  -8.849682
0.189632  -0.267285  -8.849682
0.189632  -0.267285  -8.849682
0.189632  -0.267285  -8.849682
0.189632  -0.267285  -8.849682
0.189632  -0.267285  -8.849682
0.189632  -0.267285  -8.849682
0.189632  -0.267285  -8.849682
0.189632  -0.267285  -8.849682
0.189632  -0.267285  -8.849682
0.189632  -0.267285  -8.849682
0.308778  -0.179235  -9.248273
0.308778  -0.179235  -9.248273
0.308778  -0.179235  -9.248273
0.011199  -0.033105  -9.936771
0.011199  -0.033105  -9.936771
0.011199  -0.033105  -9.936771
0.011199  -0.033105  -9.936771
0.066769  0.225124  -9.215826
0.066769  0.225124  -9.215826
0.066769  0.225124  -9.215826
0.066769  0.225124  -9.215826
0.276961  -0.118287  -9.550297
0.276961  -0.118287  -9.550297
0.164433  0.228183  -9.766839
0.164433  0.228183  -9.766839
0.164433  0.228183  -9.766839
0.164433  0.228183  -9.766839
0.059218  0.007824  -9.270090
0.059218  0.007824  -9.270090
0.210160  0.254544  -9.967170
0.210160  0.254544  -9.967170
0.210160  0.254544  -9.967170
0.210160  0.254544  -9.967170
0.099390  0.012218  -10.017654
0.099390  0.012218  -10.017654
0.099390  0.012218  -10.017654
0.099390  0.012218  -10.017654
0.099390  0.012218  -10.017654
0.099390  0.012218  -10.017654
0.099390  0.012218  -10.017654
0.099390  0.012218  -10.017654
0.099390  0.012218  -10.017654
-0.028016  0.127779  -9.230795
0.029444  -0.356717  -9.315536
0.411845  -0.181931  -10.263600
0.411845  -0.181931  -10.263600
0.411845  -0.181931  -10.263600
0.411845  -0.181931  -10.263600
0.411845  -0.181931  -10.263600
0.256162  -0.192107  -9.661289
0.256162  -0.192107  -9.661289
0.256162  -0.192107  -9.661289
0.256162  -0.192107  -9.661289
0.256162  -0.192107  -9.661289
0.256162  -0.192107  -9.661289
0.256162  -0.192107  -9.661289
0.256162  -0.192107  -9.661289
0.256162  -0.192107  -9.661289
0.108201  0.048967  -9.402104
0.108201  0.048967  -9.402104
0.108201  0.048967  -9.402104
0.108201  0.048967  -9.402104
0.108201  0.048967  -9.402104
0.108201  0.048967  -9.402104
0.108201  0.048967  -9.402104
0.108201  0.048967  -9.402104
0.108201  0.048967  -9.402104
0.067802  -0.156460  -10.328118
0.067802  -0.156460  -10.328118
0.067802  -0.156460  -10.328118
0.067802  -0.156460  -10.328118
0.067802  -0.156460  -10.328118
-0.010752  0.183600  -9.499426
-0.010752  0.183600  -9.499426
0.360851  -0.275976  -10.001346
0.360851  -0.275976  -10.001346
0.360851  -0.275976  -10.001346
0.360851  -0.275976  -10.001346
0.360851  -0.275976  -10.001346
0.360851  -0.275976  -10.001346
0.177895  -0.085935  -9.485000
0.157251  0.063092  -9.601947
0.157251  0.063092  -9.601947
0.157251  0.063092  -9.601947
0.157251  0.063092  -9.601947
0.157251  0.063092  -9.601947
0.157251  0.063092  -9.601947
0.157251  0.063092  -9.601947
0.157251  0.063092  -9.601947
0.157251  0.063092  -9.601947
0.157251  0.063092  -9.601947
0.157251  0.063092  -9.601947
0.157251  0.063092  -9.601947
0.157251  0.063092  -9.601947
0.157251  0.063092  -9.601947
0.157251  0.063092  -9.601947
0.157251  0.063092  -9.601947
0.157251  0.063092  -9.601947
0.157251  0.063092  -9.601947
0.088165  0.081915  -9.496719
0.088165  0.081915  -9.496719
0.189809  0.198513  -9.900779
0.189809  0.198513  -9.900779
0.189809  0.198513  -9.900779
0.189809  0.198513  -9.900779
0.206688  0.395717  -10.259188
0.206688  0.395717  -10.259188
0.206688  0.395717  -10.259188
0.206688  0.395717  -10.259188
0.206688  0.395717  -10.259188
0.206688  0.395717  -10.259188
0.206688  0.395717  -10.259188
0.023803  0.270745  -9.134158
0.114521  0.169295  -9.651556
0.114521  0.169295  -9.651556
0.114521  0.169295  -9.651556
0.114521  0.169295  -9.651556
0.233640  -0.219954  -9.588972
0.233640  -0.219954  -9.588972
0.233640  -0.219954  -9.588972
0.233640  -0.219954  -9.588972
0.233640  -0.219954  -9.588972
0.233640  -0.219954  -9.588972
0.233640  -0.219954  -9.588972
0.233640  -0.219954  -9.588972
0.233640  -0.219954  -9.588972
0.233640  -0.219954  -9.588972
0.233640  -0.219954  -9.588972
0.233640  -0.219954  -9.588972
0.233640  -0.219954  -9.588972
0.272229  0.076023  -9.891568
0.272229  0.076023  -9.891568
0.272229  0.076023  -9.891568
0.273056  -0.057952  -9.973952
0.273056  -0.057952  -9.973952
0.092266  -0.166448  -9.270360
0.092266  -0.166448  -9.270360
0.165263  0.300861  -9.957297
0.165263  0.300861  -9.957297
0.165263  0.300861  -9.957297
0.121807  0.137076  -9.522356
0.121807  0.137076  -9.522356
0.121807  0.137076  -9.522356
0.121807  0.137076  -9.522356
0.121807  0.137076  -9.522356
0.222832  0.113024  -9.455033
0.222832  0.113024  -9.455033
0.222832  0.113024  -9.455033
0.065057  0.084740  -9.855157
0.065057  0.084740  -9.855157
0.065057  0.084740  -9.855157
0.065057  0.084740  -9.855157
0.065057  0.084740  -9.855157
0.193053  0.142970  -9.863791
0.193053  0.142970  -9.863791
0.193053  0.142970  -9.863791
0.193053  0.142970  -9.863791
0.193053  0.142970  -9.863791
0.013428  -0.307193  -9.653199
0.210352  -0.019389  -9.490465
0.210352  -0.019389  -9.490465
0.210352  -0.019389  -9.490465
0.210352  -0.019389  -9.490465
0.187444  0.253765  -9.504029
0.187444  0.253765  -9.504029
0.187444  0.253765  -9.504029
0.187444  0.253765  -9.504029
0.187444  0.253765  -9.504029
0.187444  0.253765  -9.504029
0.081076  0.228427  -9.789633
0.144483  0.172546  -10.214990
0.064376  0.178638  -9.968303
0.064376  0.178638  -9.968303
0.097621  -0.190830  -9.474593
0.097621  -0.190830  -9.474593
0.097621  -0.190830  -9.474593
0.097621  -0.190830  -9.474593
0.097621  -0.190830  -9.474593
0.057505  0.088327  -9.479223
0.057505  0.088327  -9.479223
-0.020737  -0.106219  -10.090524
-0.020737  -0.106219  -10.090524
0.193234  -0.169451  -9.399082
0.193234  -0.169451  -9.399082
0.220452  0.169102  -10.178119
0.220452  0.169102  -10.178119
0.220452  0.169102  -10.178119
0.220452  0.169102  -10.178119
0.309035  -0.199471  -10.085923
0.309035  -0.199471  -10.085923
0.309035  -0.199471  -10.085923
0.309035  -0.199471  -10.085923
0.309035  -0.199471  -10.085923
-0.040402  0.061712  -10.063059
-0.040402  0.061712  -10.063059
-0.040402  0.061712  -10.063059
-0.040402  0.061712  -10.063059
0.193972  0.170389  -10.208000
0.193972  0.170389  -10.208000
0.193972  0.170389  -10.208000
0.119171  0.278843  -9.381318
0.119171  0.278843  -9.381318
0.119171  0.278843  -9.381318
0.119171  0.278843  -9.381318
0.119171  0.278843  -9.381318
0.081342  -0.087672  -9.530910
0.166545  0.025953  -9.763521
0.166545  0.025953  -9.763521
0.064017  0.186875  -9.813035
0.064017  0.186875  -9.813035
0.109163  0.164447  -9.731339
0.109163  0.164447  -9.731339
0.109163  0.164447  -9.731339
0.210271  -0.085261  -10.099823
0.054917  -0.293238  -9.868339
0.054917  -0.293238  -9.868339
0.054917  -0.293238  -9.868339
0.054917  -0.293238  -9.868339
0.054917  -0.293238  -9.868339
0.054917  -0.293238  -9.868339
0.054917  -0.293238  -9.868339
0.144650  0.166142  -9.815367
0.144650  0.166142  -9.815367
0.037509  0.068856  -9.585476
0.037509  0.068856  -9.585476
0.037509  0.068856  -9.585476
0.037509  0.068856  -9.585476
0.037509  0.068856  -9.585476
0.037509  0.068856  -9.585476
0.037509  0.068856  -9.585476
0.037509  0.068856  -9.585476
0.086090  -0.133467  -9.541122
0.086090  -0.133467  -9.541122
0.086090  -0.133467  -9.541122
0.155708  0.020242  -9.808136
0.139298  0.092400  -9.884331
0.139298  0.092400  -9.884331
0.100270  0.246094  -9.635466
0.100270  0.246094  -9.635466
0.100270  0.246094  -9.635466
0.196911  0.161020  -9.865747
0.196911  0.161020  -9.865747
0.196911  0.161020  -9.865747
0.196911  0.161020  -9.865747
0.196911  0.161020  -9.865747
0.196911  0.161020  -9.865747
0.196911  0.161020  -9.865747
0.196911  0.161020  -9.865747
0.196911  0.161020  -9.865747
0.196911  0.161020  -9.865747
0.196911  0.161020  -9.865747
0.196911  0.161020  -9.865747
0.196911  0.161020  -9.865747
0.196911  0.161020  -9.865747
0.196911  0.161020  -9.865747
0.196911  0.161020  -9.865747
0.196911  0.161020  -9.865747
0.182915  0.051103  -9.871817
-0.017720  0.060822  -9.937294
-0.017720  0.060822  -9.937294
-0.017720  0.060822  -9.937294
0.162845  0.082355  -9.752316
-0.016228  -0.021819  -9.531524
-0.016228  -0.021819  -9.531524
0.294717  0.002365  -9.827984
0.238950  0.002073  -9.880622
0.104217  -0.159420  -9.794352
0.104217  -0.159420  -9.794352
0.210293  -0.058496  -9.714595
0.210293  -0.058496  -9.714595
0.210293  -0.058496  -9.714595
0.210293  -0.058496  -9.714595
0.210293  -0.058496  -9.714595
0.028914  0.090413  -9.981120
0.028914  0.090413  -9.981120
0.028914  0.090413  -9.981120
0.028914  0.090413  -9.981120
0.028914  0.090413  -9.981120
0.028914  0.090413  -9.981120
0.167463  0.212875  -9.891189
0.167463  0.212875  -9.891189
0.141365  -0.133809  -9.671686
0.215999  0.096591  -9.585881
0.215999  0.096591  -9.585881
0.215999  0.096591  -9.585881
0.215999  0.096591  -9.585881
0.189228  -0.184913  -9.620169
0.189228  -0.184913  -9.620169
0.189228  -0.184913  -9.620169
0.189228  -0.184913  -9.620169
0.199753  0.034255  -10.047498
0.105758  0.246010  -9.898651
0.083469  0.338609  -9.482436
0.083469  0.338609  -9.482436
0.083469  0.338609  -9.482436
0.197034  0.190783  -9.826551
0.197034  0.190783  -9.826551
0.197034  0.190783  -9.826551
0.197034  0.190783  -9.826551
0.134284  0.213192  -9.645953
0.134284  0.213192  -9.645953
0.134284  0.213192  -9.645953
0.134284  0.213192  -9.645953
0.134284  0.213192  -9.645953
0.134284  0.213192  -9.645953
0.134284  0.213192  -9.645953
0.134284  0.213192  -9.645953
0.191120  -0.080705  -9.950246
0.191120  -0.080705  -9.950246
0.191120  -0.080705  -9.950246
0.191120  -0.080705  -9.950246
0.191120  -0.080705  -9.950246
0.191120  -0.080705  -9.950246
0.191120  -0.080705  -9.950246
0.191120  -0.080705  -9.950246
0.184878  0.230497  -9.988880
0.184878  0.230497  -9.988880
0.035791  0.187821  -9.736383
0.116684  -0.046269  -9.585352
0.116684  -0.046269  -9.585352
0.116684  -0.046269  -9.585352
0.050731  -0.174227  -9.915279
0.050731  -0.174227  -9.915279
0.050731  -0.174227  -9.915279
0.050731  -0.174227  -9.915279
0.050731  -0.174227  -9.915279
0.050731  -0.174227  -9.915279
0.050731  -0.174227  -9.915279
0.050731  -0.174227  -9.915279
0.050731  -0.174227  -9.915279
0.050731  -0.174227  -9.915279
0.050731  -0.174227  -9.915279
0.050731  -0.174227  -9.915279
0.074040  0.067566  -9.620051
0.074040  0.067566  -9.620051
0.074040  0.067566  -9.620051
0.074040  0.067566  -9.620051
0.074040  0.067566  -9.620051
0.074040  0.067566  -9.620051
0.074040  0.067566  -9.620051
-0.031450  -0.179739  -9.558066
-0.031450  -0.179739  -9.558066
-0.031450  -0.179739  -9.558066
-0.031450  -0.179739  -9.558066
-0.031450  -0.179739  -9.558066
-0.031450  -0.179739  -9.558066
-0.031450  -0.179739  -9.558066
-0.031450  -0.179739  -9.558066
0.301213  0.407067  -9.330041
0.301213  0.407067  -9.330041
0.301213  0.407067  -9.330041
0.151979  0.145367  -9.664675
0.151979  0.145367  -9.664675
0.151979  0.145367  -9.664675
0.151979  0.145367  -9.664675
0.151979  0.145367  -9.664675
0.151979  0.145367  -9.664675
0.151979  0.145367  -9.664675
-0.080541  0.289796  -9.433117
-0.080541  0.289796  -9.433117
-0.080541  0.289796  -9.433117
-0.080541  0.289796  -9.433117
-0.080541  0.289796  -9.433117
-0.080541  0.289796  -9.433117
-0.080541  0.289796  -9.433117
0.090709  -0.154932  -9.394204
0.090709  -0.154932  -9.394204
0.092323  0.148535  -10.080303
0.164835  0.140756  -9.791297
0.164835  0.140756  -9.791297
0.164835  0.140756  -9.791297
0.041359  0.198986  -9.546509
0.065782  0.164804  -9.656781
0.065782  0.164804  -9.656781
0.196369  0.152605  -9.772077
0.196369  0.152605  -9.772077
0.093382  -0.167671  -9.865025
0.093382  -0.167671  -9.865025
0.109224  0.249588  -9.342725
0.109224  0.249588  -9.342725
0.109224  0.249588  -9.342725
0.169099  0.090099  -9.755722
0.169099  0.090099  -9.755722
0.169099  0.090099  -9.755722
0.169099  0.090099  -9.755722
0.144379  -0.017030  -9.396466
0.144379  -0.017030  -9.396466
0.144379  -0.017030  -9.396466
0.144379  -0.017030  -9.396466
0.144379  -0.017030  -9.396466
0.144379  -0.017030  -9.396466
0.144379  -0.017030  -9.396466
0.144379  -0.017030  -9.396466
0.082657  0.122132  -9.821559
0.098994  -0.311673  -9.802595
0.098994  -0.311673  -9.802595
0.098994  -0.311673  -9.802595
0.098994  -0.311673  -9.802595
0.098994  -0.311673  -9.802595
0.092738  0.354034  -9.533195
0.092738  0.354034  -9.533195
0.106969  -0.228596  -10.171678
0.106969  -0.228596  -10.171678
0.244738  -0.231430  -9.707070
0.106574  0.026190  -9.427356
0.106574  0.026190  -9.427356
0.075571  0.343492  -10.185067
0.075571  0.343492  -10.185067
0.056738  -0.000933  -9.598150
0.116759  0.099552  -9.491892
0.116759  0.099552  -9.491892
0.263609  -0.036088  -9.981790
0.263609  -0.036088  -9.981790
0.263609  -0.036088  -9.981790
0.136386  0.060556  -9.417028
0.136386  0.060556  -9.417028
0.190839  0.160670  -9.634195
0.190839  0.160670  -9.634195
0.190839  0.160670  -9.634195
0.190839  0.160670  -9.634195
0.055815  0.127517  -9.817301
0.055815  0.127517  -9.817301
0.055815  0.127517  -9.817301
0.055815  0.127517  -9.817301
0.055815  0.127517  -9.817301
0.055815  0.127517  -9.817301
0.107024  -0.054363  -9.564185
0.107024  -0.054363  -9.564185
0.107024  -0.054363  -9.564185
0.125481  -0.117497  -9.806216
0.125481  -0.117497  -9.806216
0.125481  -0.117497  -9.806216
-0.043664  0.064689  -9.588628
-0.043664  0.064689  -9.588628
0.246783  -0.014642  -9.867755
0.246783  -0.014642  -9.867755
0.246783  -0.014642  -9.867755
0.220567  -0.036229  -9.474813
0.220567  -0.036229  -9.474813
0.086157  -0.001342  -9.738395
0.086157  -0.001342  -9.738395
0.086157  -0.001342  -9.738395
0.086157  -0.001342  -9.738395
0.086157  -0.001342  -9.738395
0.089192  -0.064028  -9.360589
0.089192  -0.064028  -9.360589
0.089192  -0.064028  -9.360589
0.089192  -0.064028  -9.360589
0.089192  -0.064028  -9.360589
0.089192  -0.064028  -9.360589
0.089192  -0.064028  -9.360589
0.038533  0.316116  -9.645297
0.038533  0.316116  -9.645297
0.038533  0.316116  -9.645297
0.127167  0.175762  -9.661189
0.127167  0.175762  -9.661189
0.127167  0.175762  -9.661189
0.127167  0.175762  -9.661189
0.127167  0.175762  -9.661189
0.127167  0.175762  -9.661189
0.127167  0.175762  -9.661189
0.127167  0.175762  -9.661189
0.127167  0.175762  -9.661189
0.127167  0.175762  -9.661189
0.127167  0.175762  -9.661189
0.127167  0.175762  -9.661189
0.127167  0.175762  -9.661189
0.127167  0.175762  -9.661189
0.127167  0.175762  -9.661189
0.295453  -0.185811  -9.933701
0.295453  -0.185811  -9.933701
0.295453  -0.185811  -9.933701
0.295453  -0.185811  -9.933701
0.295453  -0.185811  -9.933701
0.205869  0.183762  -9.733986
0.205869  0.183762  -9.733986
0.205869  0.183762  -9.733986
0.205869  0.183762  -9.733986
0.205869  0.183762  -9.733986
0.205869  0.183762  -9.733986
0.205869  0.183762  -9.733986
0.205869  0.183762  -9.733986
0.039671  0.070147  -9.210773
0.039671  0.070147  -9.210773
0.039671  0.070147  -9.210773
0.039671  0.070147  -9.210773
0.039671  0.070147  -9.210773
0.039671  0.070147  -9.210773
0.039671  0.070147  -9.210773
0.039671  0.070147  -9.210773
0.039671  0.070147  -9.210773
0.039671  0.070147  -9.210773
0.039671  0.070147  -9.210773
0.039671  0.070147  -9.210773
0.039671  0.070147  -9.210773
0.141251  0.048569  -9.977022
0.141251  0.048569  -9.977022
0.090661  0.023241  -9.448572
0.090661  0.023241  -9.448572
0.090661  0.023241  -9.448572
0.188852  0.066216  -10.016869
0.188852  0.066216  -10.016869
0.188852  0.066216  -10.016869
0.049883  0.385043  -9.607818
0.049883  0.385043  -9.607818
0.049883  0.385043  -9.607818
0.049883  0.385043  -9.607818
0.049883  0.385043  -9.607818
0.049883  0.385043  -9.607818
0.049883  0.385043  -9.607818
0.049883  0.385043  -9.607818
0.064574  0.289687  -9.495323
0.064574  0.289687  -9.495323
0.064574  0.289687  -9.495323
0.064574  0.289687  -9.495323
0.064574  0.289687  -9.495323
0.064574  0.289687  -9.495323
0.064574  0.289687  -9.495323
0.064574  0.289687  -9.495323
0.064574  0.289687  -9.495323
0.264043  0.059073  -9.954784
0.264043  0.059073  -9.954784
0.264043  0.059073  -9.954784
0.264043  0.059073  -9.954784
0.264043  0.059073  -9.954784
0.264043  0.059073  -9.954784
0.264043  0.059073  -9.954784
0.264043  0.059073  -9.954784
0.114862  -0.078097  -9.588434
0.114862  -0.078097  -9.588434
0.114862  -0.078097  -9.588434
0.114862  -0.078097  -9.588434
0.114862  -0.078097  -9.588434
0.109466  -0.004919  -9.711293
0.109466  -0.004919  -9.711293
0.109466  -0.004919  -9.711293
0.109466  -0.004919  -9.711293
0.109466  -0.004919  -9.711293
0.120844  -0.023769  -9.523190
0.120844  -0.023769  -9.523190
0.120844  -0.023769  -9.523190
0.111130  -0.009705  -9.599789
0.111130  -0.009705  -9.599789
0.111130  -0.009705  -9.599789
0.111130  -0.009705  -9.599789
0.111130  -0.009705  -9.599789
0.111130  -0.009705  -9.599789
-0.029885  0.111791  -9.868353
-0.029885  0.111791  -9.868353
-0.029885  0.111791  -9.868353
-0.029885  0.111791  -9.868353
0.083647  0.071656  -9.657717
0.083647  0.071656  -9.657717
0.082669  -0.008197  -9.639848
0.082669  -0.008197  -9.639848
0.082669  -0.008197  -9.639848
0.082669  -0.008197  -9.639848
0.082669  -0.008197  -9.639848
0.082669  -0.008197  -9.639848
0.138606  0.073167  -9.571993
0.138606  0.073167  -9.571993
0.138606  0.073167  -9.571993
0.138606  0.073167  -9.571993
0.138606  0.073167  -9.571993
0.138606  0.073167  -9.571993
0.138606  0.073167  -9.571993
0.138606  0.073167  -9.571993
0.138606  0.073167  -9.571993
0.138606  0.073167  -9.571993
0.138606  0.073167  -9.571993
0.037006  -0.010127  -9.760520
0.037006  -0.010127  -9.760520
0.037006  -0.010127  -9.760520
0.037006  -0.010127  -9.760520
0.037006  -0.010127  -9.760520
0.037006  -0.010127  -9.760520
0.037006  -0.010127  -9.760520
