1.526943  0.406680  0.422625
1.526804  0.406977  0.426342
1.527167  0.406380  0.430474
1.526816  0.407178  0.434583
1.526867  0.407072  0.438322
1.527541  0.408609  0.442425
1.526138  0.406842  0.446533
1.527199  0.406259  0.450226
1.527248  0.406313  0.454320
1.527141  0.406314  0.458437
1.527057  0.406228  0.462559
1.526822  0.407013  0.466237
1.526107  0.406848  0.470370
1.527477  0.408711  0.474484
1.526941  0.406749  0.478601
1.526809  0.406988  0.482307
1.527059  0.406334  0.486376
1.526147  0.406937  0.492460
1.527007  0.406209  0.498589
1.527152  0.406333  0.504144
1.527119  0.406462  0.510285
1.527085  0.406271  0.516439
1.527140  0.406321  0.522600
1.527159  0.406267  0.528141
1.527217  0.406361  0.534343
1.527039  0.406279  0.540516
1.527070  0.406286  0.546678
1.527560  0.408736  0.552229
1.527234  0.406249  0.558419
1.527141  0.406444  0.564597
1.526913  0.406612  0.570757
1.527047  0.406248  0.576318
1.527197  0.406388  0.582422
1.527472  0.408676  0.588578
1.526114  0.406776  0.594767
1.526247  0.406891  0.600318
1.527074  0.406250  0.606415
1.527117  0.406264  0.612577
1.527152  0.406383  0.618726
1.527038  0.406238  0.624301
1.526206  0.406964  0.630516
1.527089  0.406249  0.636716
1.527176  0.406334  0.642336
1.526788  0.406923  0.648520
1.527142  0.406401  0.654748
1.527213  0.406444  0.660349
1.527225  0.406443  0.666496
1.526946  0.406969  0.672600
1.527160  0.406134  0.678706
1.526706  0.407144  0.684322
1.526123  0.406800  0.690559
1.527167  0.406309  0.696749
1.526725  0.407140  0.702347
1.526697  0.407150  0.708517
1.526833  0.406941  0.714720
1.527091  0.406219  0.720301
1.526692  0.407142  0.726436
1.527099  0.406184  0.732592
1.526095  0.406865  0.738724
1.526162  0.406879  0.744259
1.527158  0.406425  0.750418
1.527103  0.406248  0.756559
1.527128  0.406255  0.762734
1.527086  0.406353  0.768339
1.527075  0.406278  0.774565
1.527280  0.406352  0.780707
1.527194  0.406474  0.786234
1.527251  0.406369  0.792408
1.527121  0.406419  0.798549
1.527424  0.408664  0.804677
1.526171  0.406887  0.810238
1.526237  0.406739  0.816385
1.527207  0.406394  0.822591
1.526778  0.407249  0.828129
1.527049  0.406208  0.834278
1.526732  0.407073  0.840469
1.527015  0.406778  0.846662
1.526746  0.407070  0.852237
1.527055  0.406206  0.858401
1.526229  0.406863  0.864559
1.527193  0.406329  0.870676
1.526188  0.406984  0.876216
1.526219  0.407056  0.882340
1.527063  0.406280  0.888463
1.527168  0.406360  0.894596
1.527069  0.406314  0.900713
1.527149  0.406311  0.906260
1.527229  0.406549  0.912420
1.527194  0.406255  0.918546
1.527086  0.406302  0.924644
1.526710  0.407152  0.930171
1.526710  0.407129  0.936306
1.526673  0.407321  0.942429
1.526931  0.406781  0.948581
1.527064  0.406292  0.954716
1.526729  0.407265  0.960301
1.526705  0.407123  0.966514
1.526170  0.406915  0.972701
1.526139  0.406862  0.978322
1.526116  0.406775  0.984490
1.526103  0.406893  0.990654
1.527179  0.406328  0.996171
1.526162  0.406920  1.002337
1.526689  0.407147  1.008510
1.526137  0.406802  1.014698
1.526197  0.407012  1.020249
1.526743  0.407061  1.026472
1.526108  0.406844  1.032586
1.526156  0.406922  1.038756
1.526106  0.406846  1.044309
1.527258  0.406516  1.050433
1.527153  0.406192  1.056605
1.527200  0.406366  1.062129
1.527203  0.406262  1.068339
1.527175  0.406297  1.074528
1.527122  0.406275  1.080718
1.527261  0.406391  1.086340
1.526804  0.407009  1.092445
1.527143  0.406302  1.098552
1.527132  0.406429  1.104695
1.526128  0.406879  1.110246
1.526208  0.406957  1.116387
1.527157  0.406309  1.122526
1.527164  0.406455  1.128641
1.527120  0.406376  1.134149
1.526174  0.406966  1.140283
1.527184  0.406316  1.146405
1.527215  0.406307  1.152530
1.527067  0.406321  1.158682
1.526784  0.406917  1.164245
1.526696  0.407097  1.170404
1.526738  0.407115  1.176553
1.526804  0.406967  1.182701
1.526212  0.406848  1.188284
1.526190  0.406956  1.194475
1.527039  0.406258  1.200583
1.527107  0.406475  1.206729
1.527205  0.406445  1.212250
1.527194  0.406318  1.218392
1.526768  0.407060  1.224511
1.526710  0.407185  1.230654
1.526787  0.407044  1.236229
1.526850  0.406907  1.242584
1.526940  0.406820  1.248770
1.527175  0.406122  1.254339
1.527025  0.406610  1.260485
1.527223  0.406292  1.266614
1.527534  0.408766  1.272724
1.527102  0.406257  1.278206
1.526773  0.407473  1.284318
1.526746  0.407158  1.290444
1.526189  0.406953  1.296578
1.527573  0.408730  1.302733
1.527096  0.406305  1.308328
1.526199  0.406662  1.314501
1.527120  0.406413  1.320661
1.527208  0.406337  1.326241
1.526643  0.407160  1.332447
1.527169  0.406323  1.338629
1.527111  0.406692  1.344133
1.526903  0.406668  1.350300
1.527157  0.406312  1.356464
1.527014  0.406225  1.362651
1.527086  0.406301  1.368228
1.527070  0.406260  1.374362
1.527051  0.406250  1.380483
1.527037  0.406301  1.386584
1.527100  0.406258  1.392756
1.526198  0.407037  1.398321
1.526224  0.407075  1.404501
1.527061  0.407809  1.410660
1.526968  0.407613  1.416253
1.526808  0.407378  1.422422
1.526724  0.407224  1.428591
1.526180  0.407038  1.434755
1.526221  0.406897  1.440305
1.527085  0.406242  1.446450
1.527145  0.406324  1.452575
1.526847  0.406946  1.458679
1.526207  0.406954  1.464277
1.526193  0.406744  1.470457
1.526732  0.407164  1.476616
1.526785  0.407037  1.482128
1.526107  0.406803  1.488284
1.527000  0.406245  1.494413
1.527180  0.406276  1.500607
1.527244  0.406207  1.506125
1.526150  0.406788  1.512325
1.526103  0.406810  1.518481
1.527266  0.406403  1.524640
1.527441  0.408672  1.530133
1.527119  0.406266  1.536284
1.526753  0.407143  1.542417
1.527199  0.406335  1.548537
1.527190  0.406311  1.554688
1.526726  0.406971  1.560202
1.527074  0.406237  1.566360
1.526224  0.406932  1.572563
1.527245  0.406418  1.578754
1.527537  0.408516  1.584345
1.526144  0.406805  1.590490
1.526179  0.406693  1.596646
1.526153  0.406808  1.602129
1.526768  0.407156  1.608300
1.526824  0.406921  1.614461
1.526738  0.407137  1.620645
1.527141  0.406113  1.626154
1.526951  0.406794  1.632338
1.526753  0.407183  1.638481
1.526733  0.407068  1.644649
1.526835  0.406972  1.650273
1.526800  0.406777  1.656475
1.527024  0.406600  1.662645
1.526747  0.407047  1.668271
1.526740  0.407024  1.674488
1.526831  0.406967  1.680691
1.526195  0.406656  1.686301
1.526217  0.406945  1.692455
1.527050  0.406291  1.698543
1.527132  0.406359  1.704722
1.527510  0.408742  1.710245
1.526763  0.407087  1.716385
1.526822  0.406747  1.722503
1.527105  0.406291  1.728608
1.526799  0.407010  1.734735
1.526686  0.407082  1.740286
1.527036  0.406256  1.746477
1.527141  0.406361  1.752667
1.527123  0.406311  1.758231
1.527268  0.406405  1.764413
1.526178  0.406705  1.770559
1.526790  0.407032  1.776689
1.526737  0.407128  1.782285
1.527274  0.406368  1.788496
1.527169  0.406144  1.794637
1.527065  0.406259  1.800169
1.526764  0.407054  1.806320
1.527056  0.406645  1.812495
1.527200  0.406196  1.818659
1.527167  0.406362  1.824217
1.527131  0.406317  1.830343
1.527194  0.406371  1.836455
1.527059  0.406266  1.842572
1.526909  0.406743  1.848693
1.527136  0.406318  1.854245
1.527105  0.406202  1.860380
1.526187  0.406914  1.866548
1.527032  0.406266  1.872744
1.526658  0.407362  1.878315
1.527184  0.406253  1.884498
1.527441  0.408708  1.890695
1.527085  0.406358  1.896378
1.527052  0.406171  1.902568
1.526154  0.406963  1.908734
1.526207  0.406726  1.914261
1.527158  0.406445  1.920367
1.527271  0.406210  1.926459
1.527189  0.406292  1.932592
1.527148  0.406310  1.938733
1.527164  0.406273  1.944301
1.527212  0.406316  1.950511
1.527235  0.406316  1.956735
1.527475  0.408696  1.962354
1.527140  0.406396  1.968559
1.527010  0.406560  1.974735
1.527115  0.406269  1.980296
1.527210  0.406354  1.986434
1.527203  0.406293  1.992594
1.527227  0.406413  1.998767
1.527140  0.406328  2.004310
1.526778  0.407272  2.010474
1.527192  0.406269  2.016614
1.527184  0.406376  2.022114
1.527183  0.406463  2.028251
1.527222  0.406343  2.034416
1.527466  0.408701  2.040577
1.526113  0.406752  2.046772
1.526156  0.406834  2.052351
1.527127  0.406339  2.058444
1.527180  0.406303  2.064558
1.526745  0.407098  2.070676
1.526780  0.407036  2.076264
1.527068  0.406221  2.082418
1.527059  0.406246  2.088524
1.526088  0.406792  2.094667
1.526137  0.406830  2.100263
1.527185  0.406316  2.106442
1.526761  0.407067  2.112606
1.527102  0.406437  2.118777
1.526881  0.407249  2.124351
1.527046  0.406242  2.130588
1.526261  0.407083  2.136767
1.526204  0.407001  2.142376
1.527172  0.406394  2.148529
1.527077  0.406228  2.154663
1.527017  0.406667  2.160148
1.527161  0.406306  2.166266
1.527257  0.406212  2.172430
1.527080  0.406281  2.178592
1.527199  0.406197  2.184141
1.527152  0.406265  2.190286
1.527260  0.406429  2.196443
1.526780  0.407139  2.202575
1.526814  0.407107  2.208784
1.526857  0.406954  2.214367
1.527160  0.406472  2.220542
1.527064  0.406268  2.226690
1.527170  0.406282  2.232245
1.527456  0.408762  2.238426
1.527109  0.406406  2.244596
1.526724  0.407161  2.250136
1.526823  0.407187  2.256368
1.527123  0.406346  2.262621
1.527267  0.406387  2.268164
1.526799  0.407143  2.274416
1.527126  0.406414  2.280649
1.527175  0.406177  2.286248
1.526811  0.406794  2.292494
1.526968  0.406767  2.298640
1.527136  0.406449  2.304143
1.527088  0.406177  2.310329
1.527117  0.406123  2.316462
1.527028  0.406301  2.322572
1.527107  0.406272  2.328704
1.527097  0.406318  2.334216
1.527129  0.406258  2.340369
1.526156  0.406878  2.346567
1.527130  0.407944  2.352169
1.526743  0.407222  2.358340
1.527261  0.406434  2.364533
1.527126  0.406456  2.370686
1.527084  0.406295  2.376220
1.527519  0.408792  2.382363
1.527143  0.406160  2.388463
1.526907  0.406834  2.394578
1.526750  0.407071  2.400736
1.526705  0.407097  2.406257
1.526115  0.406922  2.412418
1.526188  0.406846  2.418651
1.527069  0.406465  2.424257
1.527052  0.406239  2.430447
1.526668  0.407155  2.436633
1.526137  0.406819  2.442158
1.527434  0.408666  2.448317
1.526831  0.407154  2.454482
1.527165  0.406338  2.452957
1.527153  0.406330  2.452900
1.527146  0.406240  2.452803
1.527117  0.406146  2.452778
1.526094  0.406808  2.458887
1.526860  0.406742  2.452680
1.527181  0.406342  2.458855
1.526692  0.407275  2.452346
1.526741  0.407090  2.458529
1.526707  0.407132  2.452424
1.526712  0.407154  2.452354
1.526747  0.407043  2.458554
1.527266  0.406427  2.452982
1.527054  0.406238  2.452761
1.527182  0.406293  2.458874
1.527053  0.406251  2.452716
1.526185  0.407061  2.458898
1.527067  0.406242  2.452785
1.527195  0.406342  2.458937
1.527109  0.406333  2.452840
1.526131  0.406762  2.458947
1.527031  0.406302  2.452753
1.526758  0.407039  2.452442
1.526076  0.406833  2.458635
1.527079  0.406330  2.452789
1.526740  0.407026  2.452389
1.526717  0.407193  2.452333
1.526739  0.407122  2.457956
1.526640  0.407235  2.452340
1.527127  0.406371  2.458480
1.527025  0.406839  2.452836
1.526188  0.406667  2.458985
1.527205  0.406203  2.452788
1.527055  0.406278  2.452760
1.526819  0.406933  2.452546
1.526735  0.407024  2.452381
1.526721  0.407116  2.458562
1.527109  0.406358  2.453107
1.527240  0.406468  2.453031
1.527108  0.406510  2.452736
1.526067  0.406817  2.458836
1.527021  0.407791  2.451773
1.526076  0.406762  2.457906
1.526146  0.406850  2.452864
1.527137  0.406315  2.452813
1.526826  0.407273  2.452545
1.527125  0.406382  2.458076
1.527071  0.406222  2.452791
1.527165  0.406288  2.458968
1.526824  0.407222  2.452596
1.527026  0.406338  2.458131
1.527163  0.407887  2.451978
1.526172  0.406639  2.458099
1.527115  0.406433  2.452973
1.527023  0.406265  2.452965
1.527108  0.406301  2.452777
1.526125  0.406776  2.458940
1.526151  0.406793  2.452861
1.527037  0.406247  2.458389
1.526712  0.407051  2.452357
1.526737  0.407294  2.452327
1.526114  0.406802  2.458481
1.526103  0.406745  2.452883
1.526175  0.406887  2.459018
1.527164  0.406312  2.452812
1.527109  0.406210  2.452677
1.527068  0.406247  2.458198
1.527187  0.406166  2.452760
1.527174  0.406289  2.458910
1.527091  0.406181  2.452777
1.526124  0.406810  2.458910
1.526187  0.406983  2.452949
1.527201  0.406351  2.452812
1.527115  0.406281  2.452800
1.527064  0.406254  2.458984
1.527173  0.406161  2.452793
1.527172  0.406323  2.458997
1.527171  0.406222  2.452804
1.527012  0.406254  2.452792
1.527087  0.406292  2.452772
1.526132  0.406809  2.458902
1.527194  0.406340  2.452939
1.527337  0.406218  2.452789
1.526192  0.406900  2.458922
1.527210  0.406123  2.452835
1.526865  0.406374  2.458980
1.527411  0.408941  2.452467
1.527002  0.406690  2.458672
1.527111  0.406372  2.452787
1.525663  0.406863  2.458986
1.526150  0.407376  2.453500
1.527248  0.406547  2.453030
1.526775  0.406251  2.452745
1.527042  0.406112  2.458251
1.527161  0.406095  2.452785
1.527423  0.408750  2.452000
1.527170  0.407078  2.458158
1.527841  0.406185  2.452953
1.526870  0.406333  2.459090
1.526811  0.407283  2.452944
1.527123  0.406426  2.452908
1.526508  0.407479  2.452394
1.526105  0.407273  2.458581
1.526650  0.406367  2.452760
1.526881  0.406350  2.458945
1.526993  0.406178  2.453095
1.526892  0.406252  2.452885
1.527059  0.406228  2.452781
1.526713  0.406463  2.458299
1.526698  0.406437  2.452824
1.526665  0.406569  2.452657
1.527059  0.406679  2.458834
1.527108  0.406530  2.453143
1.527183  0.406689  2.459265
1.526148  0.406771  2.452939
1.527035  0.406339  2.459084
1.526773  0.406753  2.452696
1.526980  0.406728  2.458288
1.527078  0.406602  2.453096
1.527017  0.406833  2.452915
1.527033  0.406751  2.452712
1.526661  0.407013  2.452643
1.526515  0.407057  2.458793
1.526452  0.406480  2.452707
1.526460  0.406441  2.458246
1.526286  0.406337  2.452977
1.526169  0.406466  2.459100
1.525813  0.406373  2.453084
1.525910  0.406207  2.458663
1.525706  0.405925  2.453098
1.525938  0.405522  2.452809
1.526091  0.407947  2.452243
1.525882  0.405481  2.458420
1.525894  0.405600  2.452703
1.525634  0.405185  2.458209
1.525538  0.405184  2.453024
1.525396  0.405121  2.459169
1.525626  0.404759  2.452935
1.525708  0.407393  2.452316
1.525375  0.404534  2.457912
1.524377  0.405002  2.452849
1.524961  0.404655  2.459033
1.525085  0.404603  2.452842
1.524902  0.404441  2.459044
1.524837  0.404587  2.453045
1.524848  0.404655  2.458667
1.524485  0.405574  2.452420
1.524498  0.405009  2.458555
1.524430  0.405408  2.453527
1.524427  0.405326  2.459689
1.524306  0.406077  2.453006
1.524308  0.405612  2.452156
1.524199  0.405443  2.458302
1.524269  0.405402  2.452995
1.524372  0.405455  2.452572
1.524172  0.405535  2.458747
1.524180  0.405324  2.452952
1.524094  0.406050  2.452422
1.524393  0.405611  2.458636
1.524200  0.405277  2.452507
1.524527  0.405102  2.452382
1.524297  0.405388  2.451990
1.524437  0.405541  2.458180
1.524657  0.405522  2.452828
1.525096  0.407779  2.448223
1.525327  0.405197  2.454335
1.525373  0.405282  2.453145
1.525144  0.405623  2.452852
1.525135  0.405578  2.459010
1.525201  0.405577  2.453270
1.525271  0.405760  2.453210
1.525526  0.405600  2.459380
1.525689  0.405917  2.453300
1.525584  0.406191  2.452778
1.526086  0.405904  2.458330
1.526423  0.405999  2.452770
1.526468  0.406405  2.458899
1.526767  0.406735  2.452885
1.527029  0.406972  2.458510
1.526742  0.406917  2.453068
1.527360  0.406845  2.458631
1.527733  0.409376  2.452403
1.527733  0.409376  2.452403
1.433194  0.413387  2.458527
1.433317  0.413220  2.453668
1.433253  0.415866  2.452147
1.433455  0.415895  2.458322
1.433801  0.413568  2.453907
1.433659  0.414010  2.459458
1.434061  0.413993  2.454473
1.434118  0.413808  2.453898
1.434313  0.413169  2.453782
1.434123  0.413681  2.453575
1.434563  0.413839  2.459096
1.434283  0.413390  2.453763
1.434861  0.413823  2.459896
1.434558  0.413521  2.454351
1.434617  0.413437  2.454020
1.434922  0.413166  2.453386
1.435006  0.413514  2.459541
1.435357  0.413254  2.454364
1.434853  0.413362  2.459957
1.434730  0.413285  2.453254
1.435064  0.412736  2.459467
1.435081  0.412814  2.454556
1.434877  0.411912  2.454516
1.435037  0.411529  2.453716
1.434757  0.411425  2.453456
1.434007  0.410602  2.452202
1.434890  0.409348  2.458336
1.434117  0.410616  2.452616
1.434027  0.410405  2.458783
1.433493  0.409922  2.453585
1.434313  0.409940  2.459741
1.434323  0.410145  2.454138
1.434166  0.409878  2.460316
1.433857  0.409785  2.452596
1.433635  0.409725  2.458723
1.433823  0.409304  2.454217
1.433977  0.409814  2.460369
1.433599  0.409588  2.454078
1.433896  0.409596  2.460217
1.433628  0.409327  2.454474
1.433620  0.409793  2.454368
1.433735  0.409795  2.454324
1.433669  0.409785  2.454318
1.433336  0.409237  2.460438
1.433613  0.409714  2.454486
1.433547  0.409584  2.454363
1.433172  0.409601  2.460535
1.433414  0.409297  2.454263
1.433504  0.409567  2.454207
1.433435  0.409413  2.460370
1.433136  0.408448  2.453411
1.433601  0.410050  2.452518
1.433170  0.408003  2.458050
1.433311  0.407851  2.453187
1.433041  0.407685  2.459360
1.432664  0.407889  2.452307
1.432865  0.407673  2.458451
1.432768  0.407731  2.454273
1.432525  0.407561  2.454041
1.432658  0.407680  2.453739
1.432696  0.407902  2.453655
1.432588  0.408142  2.459853
1.432719  0.408381  2.454275
1.432836  0.407917  2.454093
1.432771  0.408215  2.460350
1.432493  0.407331  2.452724
1.432504  0.407410  2.458318
1.432562  0.407113  2.452858
1.432647  0.407048  2.459020
1.432619  0.407016  2.454235
1.432529  0.406575  2.460380
1.432634  0.406554  2.454241
1.433440  0.406025  2.454025
1.433261  0.405837  2.459593
1.433977  0.404424  2.465750
1.434337  0.404272  2.460707
1.433767  0.405347  2.453521
1.434811  0.403981  2.459136
1.434845  0.404156  2.465305
1.435070  0.404021  2.460050
1.433708  0.406454  2.453010
1.434411  0.405026  2.459177
1.434649  0.404762  2.454555
1.434778  0.404653  2.454456
1.435325  0.405970  2.453557
1.434950  0.404206  2.459692
1.435160  0.404025  2.453883
1.435339  0.402861  2.460081
1.435628  0.402491  2.458789
1.435396  0.403529  2.454073
1.435494  0.403361  2.460209
1.435451  0.403361  2.454149
1.435916  0.401993  2.460345
1.435619  0.402851  2.454475
1.435816  0.402564  2.460600
1.435824  0.402351  2.454458
1.435976  0.401894  2.454221
1.436391  0.401132  2.453195
1.435637  0.402787  2.459418
1.436037  0.402654  2.452942
1.436112  0.402291  2.459179
1.437412  0.398754  2.453640
1.437618  0.398305  2.453541
1.437934  0.398105  2.459713
1.438606  0.396869  2.453299
1.439223  0.397942  2.458774
1.438275  0.397989  2.454319
1.438857  0.397054  2.454222
1.439674  0.396017  2.453425
1.439621  0.395335  2.459584
1.440835  0.394707  2.453587
1.440310  0.394492  2.459693
1.440869  0.393486  2.454323
1.441529  0.393563  2.453340
1.441639  0.392411  2.458919
1.442496  0.392780  2.452501
1.444048  0.391800  2.458706
1.444422  0.391738  2.452947
1.444888  0.391193  2.459084
1.445442  0.391705  2.453074
1.444750  0.390786  2.459296
1.444750  0.390786  2.453109
1.445193  0.390302  2.459289
1.445193  0.390302  2.453359
1.445193  0.390302  2.453359
1.445224  0.389793  2.453256
1.445224  0.389793  2.453256
1.445224  0.389793  2.453256
1.443392  0.391005  2.453003
1.443483  0.390819  2.452467
1.444358  0.389607  2.452017
1.446200  0.389253  2.457577
1.446068  0.389138  2.452632
1.446424  0.388419  2.458802
1.445740  0.388859  2.452662
1.446661  0.388204  2.458215
1.446566  0.389191  2.452434
1.446182  0.388608  2.452430
1.446008  0.388548  2.452091
1.446135  0.388496  2.452058
1.446392  0.387537  2.458178
1.446730  0.387466  2.452940
1.446598  0.387349  2.452892
1.446161  0.387504  2.459009
1.446662  0.387526  2.452883
1.446694  0.387609  2.459058
1.446825  0.387462  2.453050
1.446646  0.387666  2.452647
1.446959  0.387442  2.458181
1.446686  0.386996  2.452707
1.446723  0.387553  2.458851
1.446761  0.387432  2.452179
1.444322  0.388098  2.457760
1.446684  0.387461  2.453084
1.446503  0.388538  2.452333
1.444662  0.387502  2.452094
1.444272  0.388538  2.457570
1.444149  0.388346  2.452363
1.446937  0.387363  2.458543
1.446600  0.387228  2.452838
1.446668  0.387147  2.452682
1.446811  0.387035  2.452543
1.446602  0.387062  2.458702
1.446745  0.387213  2.452475
1.446481  0.387018  2.458081
1.446857  0.387359  2.452187
1.446672  0.387218  2.458352
1.446689  0.387250  2.452516
1.446677  0.387303  2.458117
1.446677  0.387082  2.453088
1.447707  0.387096  2.459246
1.447707  0.387096  2.453460
1.446707  0.386850  2.453016
1.446824  0.387181  2.452181
1.446824  0.387181  2.452181
1.446606  0.387528  2.452139
1.446628  0.387245  2.458313
1.446816  0.386321  2.454010
1.444288  0.387837  2.451974
1.444193  0.388472  2.458126
1.444251  0.388199  2.452502
1.444362  0.388551  2.452189
1.444362  0.388551  2.452189
1.447183  0.386872  2.458352
1.447010  0.386725  2.453053
1.447054  0.386450  2.453024
1.445057  0.387026  2.452432
1.444215  0.387813  2.458645
1.444883  0.386694  2.453596
1.444883  0.386694  2.453596
1.446100  0.388186  2.452011
1.446739  0.387254  2.458169
1.446506  0.387076  2.452899
1.446863  0.386839  2.459080
1.446940  0.387315  2.452612
1.447151  0.386174  2.458180
1.446609  0.386899  2.452642
1.446621  0.387456  2.452040
1.446885  0.387259  2.458199
1.446402  0.387707  2.452661
1.446591  0.387398  2.458779
1.446879  0.387220  2.452801
1.446669  0.387025  2.452603
1.446827  0.387465  2.452309
1.446806  0.387350  2.458487
1.446596  0.386868  2.452615
1.444602  0.387852  2.451895
1.444396  0.387997  2.451598
1.444430  0.387923  2.457771
1.444410  0.387687  2.452215
1.446798  0.386065  2.458395
1.447282  0.386351  2.453341
1.447282  0.386351  2.453341
1.468491  0.339640  2.459520
1.467492  0.340919  2.453376
1.473867  0.340041  2.450016
1.473867  0.340041  2.450016
1.447441  0.386716  2.456143
1.446867  0.386403  2.452878
1.446899  0.386990  2.452112
1.446885  0.386905  2.457711
1.446994  0.386827  2.452890
1.447077  0.386877  2.452470
1.446979  0.387189  2.452414
1.447075  0.386736  2.457971
1.447071  0.386773  2.452988
1.447413  0.386038  2.459149
1.447152  0.386574  2.452599
1.446982  0.386781  2.452433
1.463298  0.398279  2.458616
1.463265  0.399151  2.452134
1.463172  0.398670  2.458284
1.463111  0.398880  2.452197
1.463313  0.398781  2.458354
1.463630  0.397833  2.453556
1.463302  0.398566  2.452403
1.463537  0.398897  2.458553
1.463202  0.398477  2.452984
1.463173  0.398770  2.452824
1.463468  0.398657  2.458329
1.463468  0.398657  2.453222
1.558446  0.399976  2.459371
1.558471  0.399434  2.457493
1.558416  0.398743  2.456802
1.558310  0.399663  2.463020
1.558215  0.398636  2.457350
1.558215  0.398636  2.457350
1.463225  0.398758  2.452188
1.463230  0.398583  2.458334
1.463294  0.398697  2.452692
1.463472  0.398597  2.458852
1.464401  0.399406  2.453553
1.463328  0.398138  2.453354
1.463218  0.398378  2.452935
1.463352  0.398258  2.458486
1.463203  0.398310  2.452521
1.463163  0.398234  2.458714
1.463229  0.398483  2.452945
1.463223  0.398489  2.452876
1.463431  0.398206  2.452696
1.463432  0.398375  2.458821
1.462978  0.398004  2.452703
1.463200  0.398307  2.458881
1.463382  0.398465  2.452747
1.463284  0.399095  2.458924
1.463366  0.398690  2.452805
1.463196  0.398276  2.452622
1.463235  0.398487  2.458752
1.463331  0.398970  2.452709
1.463277  0.398994  2.452631
1.463380  0.398793  2.452536
1.463166  0.398748  2.452112
1.462933  0.398749  2.458307
1.460867  0.399742  2.452530
1.461681  0.399753  2.458160
1.462943  0.397699  2.453712
1.461159  0.399342  2.452390
1.460927  0.400121  2.458487
1.461827  0.398210  2.452748
1.461639  0.399002  2.458918
1.463278  0.399087  2.452526
1.463278  0.399087  2.452526
1.459571  0.451846  2.448952
1.459776  0.451413  2.455102
1.459844  0.451187  2.449879
1.460187  0.451446  2.449457
1.459474  0.451223  2.448529
1.459348  0.451230  2.454669
1.509772  0.370230  2.460840
1.512844  0.371929  2.453871
1.509708  0.371164  2.459979
1.512506  0.372483  2.453911
1.512380  0.372406  2.453894
1.512462  0.372311  2.453691
1.512655  0.372916  2.459188
1.512600  0.372718  2.453680
1.512396  0.372826  2.459845
1.512627  0.372592  2.453578
1.512643  0.372655  2.459152
1.512326  0.372885  2.453949
1.459201  0.451416  2.444951
1.459201  0.451416  2.444951
1.509566  0.371587  2.451103
1.512414  0.372018  2.457215
1.512500  0.372506  2.454133
1.512243  0.372487  2.454054
1.512147  0.372549  2.453653
1.509333  0.371191  2.459803
1.511880  0.372276  2.453856
1.512427  0.372439  2.460061
1.512465  0.372580  2.453725
1.509728  0.371308  2.459909
1.509600  0.371137  2.456274
1.509479  0.371286  2.462395
1.512696  0.372787  2.453582
1.509181  0.371238  2.459152
1.509186  0.371176  2.456350
1.511717  0.371659  2.453137
1.512540  0.372178  2.458652
1.509619  0.371180  2.456376
1.509619  0.371180  2.456376
1.459336  0.451149  2.446410
1.459477  0.451231  2.452626
1.459850  0.451597  2.449759
1.459650  0.451882  2.447529
1.459547  0.451468  2.453103
1.459849  0.451396  2.449194
1.459660  0.451122  2.447795
1.511912  0.372183  2.453340
1.509920  0.370376  2.459469
1.509860  0.371487  2.456091
1.509507  0.371321  2.462183
1.508983  0.371016  2.456491
1.508773  0.371129  2.462057
1.508877  0.371282  2.456342
1.509590  0.371506  2.462480
1.509751  0.371067  2.456498
1.509482  0.371363  2.456378
1.509243  0.371332  2.462585
1.509824  0.371729  2.456268
1.509672  0.371560  2.461877
1.509361  0.371230  2.456531
1.509097  0.371574  2.456456
1.509647  0.371467  2.456400
1.509594  0.371127  2.461959
1.509181  0.372224  2.456381
1.509511  0.371472  2.456308
1.509511  0.371472  2.456308
1.443514  0.403165  2.451275
1.443420  0.402941  2.457360
1.443525  0.402663  2.452357
1.443256  0.403378  2.451381
1.443311  0.402863  2.456982
1.443494  0.403771  2.450640
1.445219  0.401410  2.456811
1.444795  0.401567  2.452703
1.444987  0.401465  2.452150
1.445041  0.401182  2.458368
1.445152  0.401815  2.452030
1.445277  0.401650  2.458184
1.445289  0.401552  2.452305
1.444953  0.401717  2.452108
1.445151  0.401323  2.457626
1.445171  0.401214  2.452902
1.445181  0.401164  2.452354
1.444909  0.401556  2.458539
1.444976  0.401116  2.452401
1.445177  0.400953  2.458616
1.445312  0.401232  2.452699
1.444953  0.401061  2.452040
1.445118  0.401240  2.458181
1.445060  0.401340  2.452544
1.445414  0.401457  2.458666
1.445018  0.401062  2.452371
1.445207  0.401225  2.458550
1.444815  0.401293  2.452373
1.445148  0.400982  2.458508
1.445148  0.400982  2.452485
1.463657  0.398530  2.458676
1.463350  0.398175  2.452941
1.463553  0.397991  2.458542
1.463582  0.398095  2.453540
1.463591  0.399086  2.452585
1.463403  0.398263  2.458086
1.463216  0.398391  2.452450
1.460966  0.399695  2.452345
1.463215  0.398346  2.458539
1.463232  0.398622  2.452793
1.463571  0.398773  2.458932
1.461336  0.399344  2.452756
1.461453  0.399335  2.458875
1.461682  0.399251  2.453053
1.460944  0.399846  2.452204
1.460959  0.399899  2.458327
1.461180  0.399370  2.452397
1.461474  0.399274  2.458516
1.463236  0.398410  2.453437
1.462874  0.398880  2.452368
1.463348  0.398538  2.458587
1.463389  0.398584  2.452993
1.460955  0.400147  2.451739
1.461447  0.399673  2.457955
1.461262  0.400272  2.452021
1.461171  0.399729  2.458183
1.461041  0.399407  2.452309
1.460926  0.399953  2.458485
1.463084  0.398148  2.452785
1.461027  0.400003  2.452015
1.463210  0.398428  2.457572
1.463078  0.398336  2.453120
1.461688  0.399584  2.452778
1.461533  0.399172  2.458386
1.461351  0.400766  2.452064
1.461420  0.399338  2.458250
1.461281  0.399884  2.452385
1.461097  0.399854  2.452267
1.461122  0.399801  2.458378
1.461216  0.399945  2.452371
1.463288  0.398367  2.458576
1.461009  0.399967  2.452679
1.463332  0.398622  2.458771
1.463249  0.398411  2.452601
1.463676  0.398019  2.458128
1.463529  0.398100  2.453480
1.463556  0.398001  2.453133
1.463274  0.398754  2.452306
1.463262  0.398544  2.457850
1.463402  0.398587  2.452766
1.463251  0.398884  2.452320
1.463385  0.398684  2.457872
1.463651  0.398375  2.453465
1.463461  0.398200  2.452724
1.463180  0.398363  2.458852
1.463140  0.398580  2.452266
1.463126  0.398405  2.458439
1.463170  0.398403  2.452605
1.463064  0.398576  2.458790
1.463164  0.398355  2.452622
1.463428  0.399281  2.458855
1.463168  0.398108  2.452616
1.463603  0.398482  2.452486
1.463442  0.398797  2.458653
1.463584  0.397737  2.453815
1.463139  0.398375  2.452378
1.463248  0.398447  2.458525
1.463351  0.398536  2.453029
1.463422  0.398452  2.452437
1.463313  0.398292  2.458002
1.463313  0.398292  2.452640
1.447168  0.386741  2.452115
1.446839  0.387050  2.457637
1.446894  0.386542  2.452862
1.446995  0.386468  2.452623
1.446995  0.386468  2.452623
1.447393  0.386190  2.458131
1.446590  0.387060  2.452720
1.443789  0.388164  2.452679
1.446907  0.386246  2.458846
1.446533  0.387118  2.452581
1.446701  0.387320  2.458182
1.446139  0.387227  2.452024
1.446563  0.387636  2.458224
1.443852  0.388271  2.452384
1.444374  0.387890  2.458617
1.446500  0.387097  2.452823
1.447128  0.387828  2.452177
1.446708  0.387255  2.458334
1.444025  0.387952  2.452766
1.444703  0.387115  2.452719
1.443907  0.388288  2.452268
1.444226  0.387806  2.458409
1.444511  0.388266  2.451944
1.444378  0.387727  2.458120
1.444363  0.388102  2.452199
1.444090  0.388673  2.452060
1.444369  0.388092  2.458221
1.444063  0.388298  2.452347
1.443790  0.387947  2.458479
1.446515  0.386754  2.453002
1.444815  0.386820  2.459142
1.444232  0.388124  2.452503
1.444232  0.388124  2.452503
1.445943  0.387561  2.452011
1.444077  0.388562  2.458183
1.444374  0.388314  2.452783
1.443890  0.388600  2.452011
1.444678  0.387436  2.458177
1.462983  0.399480  2.452465
1.463266  0.399137  2.457981
1.462995  0.399487  2.452662
1.461297  0.400416  2.452302
1.462999  0.399452  2.458451
1.463116  0.398934  2.453375
1.463361  0.399010  2.458977
1.463315  0.399043  2.452947
1.463420  0.398828  2.459138
1.463456  0.398987  2.453485
1.463265  0.398903  2.453238
1.463217  0.398613  2.459399
1.462949  0.399226  2.452659
1.463224  0.399530  2.451984
1.463327  0.399751  2.451934
1.463113  0.399303  2.458050
1.460880  0.400682  2.452467
1.461270  0.400160  2.458012
1.461202  0.401057  2.451731
1.462759  0.399979  2.457941
1.462759  0.399979  2.452151
1.445193  0.402059  2.457773
1.445435  0.401809  2.452676
1.445794  0.401903  2.452467
1.445482  0.400614  2.458687
1.445831  0.401371  2.453474
1.445337  0.401245  2.452353
1.445297  0.402329  2.458509
1.461718  0.399441  2.452025
1.463713  0.399452  2.458142
1.461643  0.399664  2.452587
1.460666  0.400825  2.452165
1.461546  0.400143  2.458276
1.461420  0.400450  2.452283
1.461260  0.400609  2.452193
1.463198  0.399217  2.457796
1.461031  0.400711  2.452512
1.463445  0.398738  2.458645
1.463237  0.399111  2.452686
1.463447  0.399223  2.458842
1.463447  0.399223  2.452712
1.445599  0.402281  2.452260
1.445580  0.400856  2.458366
1.445603  0.401500  2.452115
1.445523  0.401740  2.458263
1.445065  0.402027  2.452587
1.445843  0.400947  2.458730
1.445377  0.401719  2.452709
1.445711  0.401961  2.452167
1.445279  0.401961  2.451687
1.445384  0.402090  2.457842
1.445520  0.401854  2.452298
1.445650  0.402372  2.452144
1.445418  0.401586  2.458267
1.445115  0.401859  2.452473
1.445290  0.403044  2.452100
1.445448  0.401423  2.458228
1.445491  0.401562  2.452377
1.445782  0.401990  2.452089
1.462881  0.399252  2.457694
1.460907  0.400749  2.452578
1.461379  0.400240  2.452208
1.463090  0.398770  2.457770
1.463090  0.398770  2.452537
1.445411  0.401627  2.458742
1.445821  0.401426  2.452965
1.445343  0.401518  2.452183
1.445440  0.401632  2.452070
1.445382  0.401306  2.458176
1.445347  0.401421  2.452422
1.445647  0.401715  2.457988
1.445304  0.401184  2.452962
1.445659  0.401862  2.452719
1.445360  0.401787  2.452265
1.445540  0.401922  2.457762
1.445266  0.401695  2.452273
1.445528  0.401488  2.458394
1.445309  0.401485  2.452413
1.445328  0.401880  2.457959
1.445459  0.401453  2.452338
1.445505  0.402205  2.458500
1.461451  0.453335  2.454939
1.461117  0.452675  2.460541
1.461269  0.452648  2.454781
1.460912  0.452411  2.454265
1.461014  0.452561  2.460376
1.461153  0.452989  2.453560
1.460941  0.452439  2.459698
1.461337  0.453364  2.452955
1.445522  0.401724  2.452036
1.445409  0.401717  2.451842
1.445431  0.401805  2.457308
1.445431  0.401642  2.452056
1.445441  0.401522  2.458209
1.445441  0.401522  2.452498
1.461291  0.401116  2.452013
1.460933  0.400616  2.457605
1.460889  0.400859  2.452340
1.463244  0.399176  2.458486
1.463520  0.398816  2.453300
1.463270  0.399606  2.452795
1.463031  0.399396  2.452174
1.463132  0.399520  2.458323
1.463285  0.399790  2.452214
1.461282  0.400273  2.457805
1.463252  0.398988  2.452624
1.463307  0.399391  2.458209
1.463114  0.399425  2.452474
1.463234  0.399420  2.458649
1.463556  0.399415  2.452772
1.463253  0.399290  2.452724
1.463264  0.399226  2.458887
1.463150  0.399257  2.452648
1.463128  0.399468  2.452386
1.463498  0.399527  2.452185
1.463345  0.399634  2.458329
1.463362  0.399272  2.452706
1.463421  0.399435  2.458818
1.463047  0.399203  2.452694
1.464460  0.400133  2.458284
1.463256  0.399927  2.452049
1.463091  0.399289  2.458219
1.463234  0.399147  2.452693
1.463208  0.399075  2.452679
1.463246  0.399016  2.458822
1.463189  0.400075  2.451860
1.461059  0.400695  2.457974
1.461216  0.400671  2.452723
1.462991  0.399522  2.458853
1.463337  0.399383  2.453003
1.463264  0.399479  2.452671
1.463166  0.398891  2.458875
1.462864  0.399747  2.452463
1.461237  0.400896  2.452397
1.463232  0.399067  2.452335
1.463114  0.399165  2.452307
1.462980  0.398841  2.458439
1.462980  0.398841  2.453186
1.558240  0.401146  2.450496
1.558683  0.401145  2.456623
1.558132  0.400305  2.450807
1.558008  0.400027  2.450320
1.558538  0.401139  2.455828
1.558116  0.400608  2.449565
1.558432  0.401243  2.455685
1.558313  0.401335  2.450750
1.558347  0.401338  2.450068
1.556610  0.396360  2.455610
1.558326  0.401311  2.450527
1.558255  0.401741  2.456621
1.558319  0.402437  2.450518
1.558759  0.400200  2.455995
1.558398  0.401389  2.450973
1.558370  0.402099  2.450020
1.558374  0.401419  2.456187
1.558287  0.401379  2.450351
1.558335  0.401763  2.456475
1.558276  0.401328  2.450579
1.556651  0.396370  2.456766
1.558369  0.401458  2.450879
1.558504  0.401077  2.457096
1.558158  0.401512  2.450405
1.558415  0.401441  2.456633
1.558378  0.400863  2.449662
1.558448  0.401035  2.455837
1.558367  0.401941  2.449730
1.558383  0.401392  2.455836
1.558283  0.401825  2.450475
1.558283  0.401502  2.456559
1.558359  0.399205  2.451005
1.558395  0.401548  2.449968
1.558427  0.401290  2.456141
1.558425  0.401278  2.450081
1.556781  0.396112  2.455644
1.556228  0.395888  2.453604
1.558333  0.401207  2.450786
1.558239  0.401429  2.450190
1.558329  0.401489  2.455678
1.558480  0.401078  2.451648
1.558664  0.401455  2.450121
1.558306  0.401546  2.456294
1.558350  0.401625  2.450147
1.558273  0.401354  2.456300
1.558376  0.401283  2.450264
1.556733  0.395801  2.456404
1.558704  0.401303  2.450637
1.556538  0.397061  2.456737
1.558172  0.401271  2.450407
1.558519  0.400913  2.449846
1.558578  0.401493  2.455968
1.558577  0.401700  2.449887
1.558551  0.401208  2.456097
1.558316  0.401821  2.450057
1.556408  0.396667  2.455607
1.558204  0.402032  2.450224
1.558380  0.401494  2.456332
1.558660  0.402023  2.449616
1.558623  0.401120  2.455722
1.558438  0.401015  2.450019
1.558294  0.401275  2.456126
1.558273  0.401344  2.450754
1.528985  0.364051  2.456896
1.532549  0.366132  2.453919
1.532945  0.366892  2.460118
1.532824  0.366898  2.454241
1.532714  0.366996  2.460452
1.533579  0.366999  2.453352
1.558453  0.399351  2.450406
1.558428  0.401195  2.456568
1.558356  0.401476  2.451131
1.558491  0.401553  2.450588
1.558125  0.400776  2.450577
1.558277  0.400691  2.450203
1.558387  0.402195  2.456391
1.558275  0.401052  2.450107
1.558550  0.401361  2.450026
1.558494  0.401388  2.449836
1.558652  0.401390  2.456015
1.556042  0.396223  2.453654
1.556428  0.396823  2.453252
1.556020  0.396183  2.459387
1.556187  0.396078  2.452652
1.556458  0.396966  2.458799
1.558294  0.401796  2.450350
1.558502  0.401338  2.450244
1.558317  0.401442  2.456394
1.557783  0.400325  2.450825
1.558343  0.401705  2.450450
1.558201  0.401947  2.456585
1.558459  0.401453  2.449891
1.558331  0.401371  2.456039
1.558382  0.401671  2.450853
1.558605  0.400967  2.450335
1.558557  0.401825  2.456545
1.558364  0.401463  2.451034
1.463333  0.399384  2.457148
1.463144  0.399707  2.452663
1.463587  0.399089  2.458748
1.463253  0.399264  2.452530
1.463216  0.398942  2.458639
1.463201  0.399398  2.452437
1.462801  0.399273  2.458602
1.461153  0.400407  2.452851
1.463229  0.399215  2.459047
1.463118  0.399582  2.452630
1.462837  0.399020  2.452483
1.463223  0.399702  2.452148
1.463353  0.399249  2.458287
1.463405  0.399043  2.453071
1.463059  0.399342  2.452914
1.463219  0.399165  2.459029
1.463311  0.399475  2.452691
1.463249  0.399079  2.458839
1.463303  0.399401  2.452761
1.463106  0.399184  2.458875
1.463290  0.399784  2.452332
1.463186  0.399326  2.458440
1.463188  0.399510  2.452229
1.463340  0.399278  2.457778
1.463295  0.399362  2.452955
1.463315  0.399345  2.459154
1.463106  0.399496  2.452090
1.463046  0.398964  2.458260
1.463237  0.399075  2.452619
1.463453  0.399196  2.458765
1.463158  0.399177  2.452717
1.463203  0.399285  2.452578
1.463285  0.399254  2.458729
1.463086  0.399720  2.452110
1.463086  0.399720  2.452110
1.558461  0.401510  2.451280
1.558374  0.401024  2.450552
1.558342  0.401271  2.450225
1.558640  0.401018  2.455830
1.558640  0.401018  2.450565
1.463370  0.399394  2.456657
1.463590  0.398454  2.453748
1.463243  0.399086  2.452578
1.463112  0.399249  2.452430
1.462998  0.399302  2.458600
1.463390  0.398882  2.453225
1.463001  0.399999  2.451993
1.463244  0.399101  2.458139
1.463234  0.399394  2.452929
1.463496  0.399601  2.452760
1.463615  0.398999  2.458377
1.463481  0.399693  2.452286
1.443395  0.403604  2.451280
1.443586  0.403426  2.456921
1.443433  0.403817  2.450686
1.443433  0.403817  2.450686
1.461927  0.453727  2.456877
1.459650  0.453251  2.451421
1.443231  0.404478  2.451132
1.443722  0.403397  2.456648
1.443037  0.403483  2.451147
1.443605  0.402791  2.457313
1.443540  0.403306  2.451725
1.461806  0.400212  2.457218
1.461239  0.400424  2.452939
1.463141  0.399161  2.452761
1.463049  0.399455  2.458930
1.463479  0.399213  2.452480
1.463245  0.399439  2.452331
1.463626  0.399707  2.458484
1.463019  0.399308  2.452262
1.463118  0.399308  2.458387
1.463603  0.399038  2.452866
1.463530  0.399505  2.452754
1.462922  0.399349  2.458853
1.463352  0.399340  2.452862
1.463166  0.399293  2.452155
1.463321  0.399321  2.458276
1.463239  0.399235  2.453043
1.463285  0.399242  2.452657
1.462618  0.399732  2.451551
1.462811  0.399336  2.457165
1.463031  0.399726  2.452675
1.461213  0.400328  2.452512
1.461213  0.400328  2.452512
1.460164  0.452304  2.458682
1.460702  0.451905  2.455706
1.460933  0.452457  2.455461
1.461196  0.452667  2.454509
1.461028  0.452515  2.460670
1.460982  0.452395  2.455180
1.461486  0.452729  2.460735
1.461061  0.452322  2.454907
1.461473  0.452862  2.461073
1.461146  0.453081  2.453860
1.461404  0.452850  2.459454
1.460704  0.452111  2.455490
1.461129  0.452641  2.454884
1.460780  0.452826  2.460376
1.460964  0.452678  2.455301
1.460905  0.453432  2.453300
1.460905  0.453432  2.453300
1.512566  0.372748  2.459446
1.510455  0.371668  2.456498
1.510206  0.372116  2.456326
1.509894  0.371745  2.462466
1.510291  0.372165  2.456536
1.510240  0.371969  2.456413
1.509899  0.371867  2.462551
1.513387  0.373164  2.453597
1.513387  0.373164  2.453597
1.461229  0.452322  2.459175
1.461523  0.453130  2.456357
1.460877  0.452937  2.451962
1.460636  0.453255  2.457518
1.461158  0.453285  2.452251
1.461126  0.453077  2.458389
1.461126  0.453077  2.453080
1.512450  0.372625  2.458552
1.513291  0.373128  2.453883
1.513182  0.372981  2.460006
1.513444  0.373243  2.454114
1.513930  0.372707  2.460278
1.513061  0.373220  2.453824
1.514035  0.372783  2.453681
1.513412  0.373369  2.459862
1.513167  0.372960  2.453895
1.513312  0.372880  2.453864
1.512787  0.372818  2.453476
1.513153  0.372707  2.458993
1.513458  0.373355  2.453485
1.513215  0.372946  2.459617
1.513493  0.373479  2.453826
1.513250  0.373012  2.459378
1.513371  0.372972  2.453866
1.513330  0.372976  2.460070
1.513403  0.373194  2.454061
1.513324  0.373198  2.453529
1.513394  0.373270  2.459691
1.513216  0.372927  2.453651
1.513487  0.373629  2.459201
1.513392  0.373255  2.454083
1.513744  0.373125  2.453925
1.532890  0.366535  2.460047
1.532800  0.366667  2.454331
1.533055  0.366986  2.460520
1.533015  0.367423  2.453960
1.533299  0.366670  2.460135
1.533299  0.366670  2.454017
1.558557  0.401081  2.450608
1.558499  0.401460  2.450232
1.558533  0.401675  2.455864
1.556321  0.396397  2.453158
1.558335  0.401320  2.450879
1.558559  0.401576  2.450559
1.558361  0.401705  2.456728
1.557998  0.400369  2.450483
1.556845  0.396637  2.456012
1.556247  0.396567  2.453616
1.556487  0.396222  2.459820
1.556020  0.396152  2.453911
1.556011  0.396048  2.453664
1.555979  0.395945  2.453378
1.556082  0.396595  2.459498
1.556601  0.396382  2.453863
1.556139  0.396975  2.453486
1.556304  0.396617  2.453212
1.556154  0.395855  2.459444
1.556703  0.395885  2.453077
1.558498  0.401623  2.450173
1.558617  0.401144  2.456368
1.558372  0.401376  2.450641
1.558293  0.401243  2.450501
1.558473  0.401448  2.456619
1.558646  0.401349  2.449923
1.556101  0.396263  2.456031
1.556615  0.396501  2.453511
1.556428  0.397342  2.459669
1.556501  0.396628  2.453849
1.556172  0.396415  2.453171
1.556202  0.396301  2.453157
1.556072  0.396138  2.458669
1.556111  0.396399  2.453296
1.556443  0.396323  2.459494
1.556521  0.396476  2.453667
1.529081  0.363994  2.459234
1.529071  0.363993  2.457663
1.529579  0.363034  2.463837
1.528179  0.364368  2.457964
1.533302  0.367832  2.453555
1.532929  0.366853  2.459698
1.526561  0.362972  2.465838
1.532667  0.366328  2.453772
1.528322  0.364102  2.459351
1.529132  0.364303  2.457670
1.528825  0.364416  2.457642
1.533099  0.366929  2.454397
1.528335  0.364203  2.459953
1.532829  0.366526  2.453689
1.532936  0.367203  2.459824
1.532939  0.366934  2.454360
1.532991  0.366833  2.454084
1.532909  0.367043  2.460217
1.533083  0.367045  2.453906
1.533102  0.366925  2.460031
1.533100  0.366838  2.454293
1.532948  0.366704  2.454167
1.533129  0.366861  2.460329
1.513226  0.373348  2.453754
1.513391  0.373152  2.459878
1.513391  0.373152  2.453760
1.513391  0.373152  2.453760
1.513391  0.373152  2.453760
1.506720  0.427204  2.452795
1.525665  0.438935  2.458412
1.525626  0.436014  2.453987
1.524802  0.437341  2.452039
1.524626  0.437043  2.458211
1.524624  0.437326  2.452928
1.524890  0.437080  2.452818
1.524749  0.437094  2.459047
1.525170  0.439174  2.451775
1.524500  0.437731  2.457990
1.525308  0.439701  2.453001
1.525267  0.439223  2.458580
1.525445  0.439111  2.452821
1.525596  0.438996  2.458961
1.525293  0.438999  2.453233
1.525924  0.438825  2.459396
1.525367  0.438638  2.452681
1.525453  0.438893  2.452663
1.525387  0.439350  2.458787
1.525502  0.439266  2.453486
1.525494  0.438981  2.453163
1.507673  0.429022  2.451834
1.507254  0.429890  2.457979
1.507407  0.428794  2.453376
1.507117  0.428693  2.452959
1.507337  0.429091  2.452644
1.507203  0.429131  2.452006
1.507211  0.428806  2.458170
1.507445  0.429392  2.453227
1.507352  0.429102  2.459328
1.507180  0.429347  2.453066
1.507372  0.428932  2.458635
1.507127  0.429411  2.452723
1.507640  0.429078  2.452255
1.507200  0.428908  2.457791
1.507123  0.429573  2.452277
1.511428  0.444886  2.450899
1.511210  0.447203  2.457076
1.511428  0.446341  2.451731
1.511367  0.447121  2.457861
1.511194  0.446915  2.453211
1.511082  0.447184  2.452470
1.510971  0.447213  2.458577
1.511489  0.447041  2.451823
1.510900  0.446804  2.457944
1.511196  0.446996  2.452619
1.511196  0.446996  2.452619
1.511203  0.444536  2.450742
1.510731  0.447223  2.456245
1.510845  0.446886  2.453084
1.510595  0.446549  2.452199
1.510466  0.446755  2.451861
1.510497  0.446855  2.457369
1.511028  0.447260  2.451818
1.511029  0.446826  2.457992
1.511065  0.447009  2.451181
1.510998  0.446784  2.456657
1.511151  0.447150  2.452945
1.511290  0.446982  2.451891
1.511126  0.447210  2.458033
1.511010  0.446590  2.452456
1.511357  0.446965  2.451584
1.511257  0.446592  2.457795
1.511099  0.446950  2.453091
1.511180  0.447008  2.452520
1.510904  0.447019  2.452357
1.511038  0.446334  2.458523
1.510892  0.446687  2.452092
1.512048  0.444211  2.452066
1.512358  0.445157  2.458264
1.512125  0.445259  2.451424
1.510915  0.447186  2.457547
1.511269  0.446811  2.452414
1.510663  0.447075  2.458000
1.510864  0.446906  2.452932
1.510948  0.447732  2.452042
1.511062  0.446845  2.451722
1.511051  0.446806  2.457909
1.511188  0.447208  2.452738
1.510928  0.446917  2.452390
1.511069  0.447486  2.458727
1.511416  0.446700  2.453372
1.510886  0.447095  2.453213
1.511104  0.446851  2.452805
1.510749  0.446752  2.458912
1.511111  0.446317  2.452943
1.511257  0.446882  2.451192
1.511220  0.446948  2.457412
1.510754  0.447381  2.452683
1.511606  0.446841  2.458302
1.511054  0.446953  2.452838
1.511052  0.446841  2.452643
1.510891  0.446064  2.452319
1.510965  0.447188  2.451857
1.510936  0.446855  2.457963
1.511529  0.446749  2.453399
1.511219  0.446683  2.452068
1.511126  0.447056  2.458200
1.510984  0.447034  2.452502
1.511062  0.446669  2.458623
1.511227  0.446831  2.451953
1.510917  0.446802  2.458138
1.511141  0.446794  2.452802
1.511322  0.446879  2.459011
1.511322  0.446879  2.453246
1.507274  0.428539  2.452568
1.506678  0.427503  2.458711
1.507090  0.427890  2.452781
1.506813  0.427504  2.452500
1.506874  0.427763  2.451985
