1.442582  0.618218  0.423779
1.442859  0.620130  0.427900
1.442610  0.618832  0.432022
1.442587  0.618225  0.435730
1.442367  0.618162  0.439840
1.442367  0.618162  0.443942
1.442367  0.618162  0.447603
1.442596  0.618124  0.451703
1.442635  0.618073  0.455854
1.442570  0.618280  0.459975
1.442577  0.618224  0.463685
1.442361  0.618097  0.467817
1.442607  0.618086  0.471962
1.442465  0.618187  0.475668
1.442546  0.618216  0.479765
1.442583  0.618202  0.483851
1.430128  0.568498  0.489951
1.430336  0.568607  0.496073
1.430498  0.568761  0.501590
1.430057  0.568533  0.507711
1.430313  0.568595  0.513849
1.430395  0.568707  0.519971
1.430372  0.568609  0.525470
1.430156  0.568545  0.531614
1.430224  0.568551  0.537745
1.429911  0.568517  0.543905
1.430216  0.568515  0.550063
1.430311  0.568596  0.555626
1.430027  0.568467  0.561767
1.429120  0.568348  0.567878
1.429954  0.568495  0.574028
1.430046  0.568522  0.579580
1.430176  0.568549  0.585711
1.429977  0.568499  0.591790
1.430208  0.568644  0.597871
1.428071  0.567795  0.603959
1.428071  0.567795  0.610044
1.429313  0.568425  0.615565
1.429091  0.568252  0.621695
1.429410  0.568331  0.627859
1.430321  0.568561  0.634066
1.429809  0.568490  0.639663
1.430149  0.568567  0.645817
1.430345  0.568580  0.651965
1.430384  0.568402  0.657470
1.430018  0.568438  0.663631
1.429911  0.568395  0.669795
1.430159  0.568472  0.675984
1.429986  0.568628  0.681499
1.428954  0.568233  0.687629
1.429113  0.568424  0.693807
1.429981  0.568497  0.699943
1.430002  0.568495  0.706089
1.430185  0.568484  0.711698
1.430241  0.568711  0.717880
1.428259  0.567815  0.724043
1.428259  0.567815  0.729583
1.442555  0.618169  0.735702
1.442588  0.618182  0.741842
1.442643  0.618212  0.747988
1.442509  0.618190  0.753469
1.442829  0.619477  0.759575
1.442581  0.618179  0.765714
1.442587  0.618238  0.771885
1.442666  0.618005  0.778047
1.442603  0.618237  0.783623
1.442618  0.618158  0.789760
1.442618  0.618158  0.795952
1.442556  0.618148  0.801459
1.442571  0.618175  0.807624
1.442543  0.618146  0.813822
1.442574  0.618275  0.820029
1.442582  0.618189  0.825605
1.442529  0.618208  0.831778
1.442589  0.618041  0.837928
1.442529  0.618129  0.844062
1.442609  0.618156  0.849564
1.442385  0.618054  0.855684
1.442446  0.618108  0.861808
1.442583  0.618202  0.867945
1.442529  0.618308  0.874077
1.442644  0.618204  0.879636
1.442554  0.618232  0.885765
1.442607  0.618098  0.891925
1.442831  0.618093  0.898098
1.441829  0.618287  0.903670
1.442634  0.618210  0.909809
1.442634  0.618210  0.915981
1.442623  0.618143  0.921453
1.442665  0.618009  0.927595
1.442544  0.618192  0.933721
1.442531  0.618174  0.939878
1.442598  0.618226  0.946012
1.442598  0.618226  0.951586
1.442667  0.618070  0.957762
1.442523  0.618334  0.963900
1.442616  0.618271  0.970041
1.442499  0.618123  0.975605
1.442561  0.618177  0.981700
1.441753  0.618371  0.987840
1.442469  0.617942  0.994046
1.442523  0.618050  0.999596
1.442575  0.618046  1.005816
1.442532  0.618187  1.012004
1.442713  0.618191  1.017631
1.442636  0.618364  1.023809
1.442592  0.618286  1.029989
1.442653  0.618177  1.035499
1.442554  0.618196  1.041661
1.442632  0.618323  1.047808
1.442524  0.618272  1.053954
1.442605  0.618180  1.059460
1.442591  0.618244  1.065569
1.442592  0.618200  1.071731
1.442584  0.618207  1.077934
1.442578  0.618205  1.084107
1.442562  0.618161  1.089682
1.442655  0.618235  1.095863
1.442620  0.618152  1.102017
1.442620  0.618152  1.107631
1.429872  0.568396  1.113775
1.429931  0.568449  1.119930
1.430298  0.568669  1.126077
1.430278  0.568636  1.131653
1.427677  0.567198  1.137811
1.429005  0.568264  1.143985
1.429566  0.568370  1.149480
1.429948  0.568444  1.155596
1.441949  0.612982  1.161716
1.429938  0.568321  1.167871
1.430071  0.568619  1.174076
1.429994  0.568514  1.179701
1.430325  0.568678  1.185914
1.430079  0.568524  1.191479
1.430310  0.568446  1.197644
1.430004  0.568458  1.203809
1.430223  0.568538  1.209970
1.429958  0.568491  1.215476
1.441824  0.612880  1.221631
1.430114  0.568676  1.227781
1.430114  0.568676  1.233936
1.442549  0.618249  1.240056
1.442556  0.618176  1.245621
1.442540  0.618236  1.251731
1.442521  0.618343  1.257854
1.442616  0.618190  1.263987
1.442533  0.618125  1.269587
1.442513  0.618188  1.275751
1.442542  0.618176  1.281909
1.442522  0.618257  1.288049
1.442642  0.618181  1.293555
1.442483  0.618006  1.299693
1.442605  0.618192  1.305827
1.442537  0.618158  1.311952
1.442575  0.618326  1.318099
1.442618  0.618269  1.323614
1.442616  0.618182  1.329742
1.442585  0.618141  1.335926
1.442565  0.618281  1.342075
1.442593  0.618193  1.347697
1.442579  0.618193  1.353863
1.442655  0.618163  1.360032
1.442567  0.618094  1.365587
1.442596  0.618074  1.371741
1.442556  0.618284  1.377881
1.442984  0.619748  1.384044
1.442545  0.618174  1.389598
1.442629  0.618220  1.395742
1.442417  0.618312  1.401857
1.441862  0.618356  1.408017
1.441862  0.618356  1.413555
1.442494  0.618176  1.419729
1.442475  0.618115  1.425898
1.441741  0.618205  1.432106
1.442467  0.618174  1.437698
1.442555  0.618306  1.443879
1.442514  0.618367  1.450067
1.442354  0.618247  1.455672
1.442567  0.618207  1.461860
1.442567  0.618207  1.468080
1.442560  0.618194  1.473624
1.442496  0.618145  1.479763
1.442605  0.618226  1.485868
1.442456  0.618260  1.491961
1.442456  0.618260  1.497456
1.442456  0.618260  1.503564
1.442562  0.618360  1.509655
1.442554  0.618133  1.515742
1.442603  0.618197  1.521864
1.442565  0.618287  1.527946
1.442617  0.618167  1.534048
1.442535  0.618123  1.539590
1.442758  0.618159  1.545729
1.442604  0.618166  1.551899
1.442566  0.618214  1.558069
1.442600  0.618175  1.563641
1.442520  0.618219  1.569798
1.430012  0.568562  1.575973
1.430012  0.568562  1.581488
1.442570  0.618167  1.587703
1.442626  0.618238  1.593916
1.442626  0.618238  1.599472
1.442610  0.618140  1.605642
1.442551  0.618312  1.611861
1.442617  0.618178  1.618067
1.442607  0.618042  1.623660
1.442545  0.618172  1.629844
1.442634  0.618180  1.636029
1.442607  0.618149  1.641590
1.442369  0.618062  1.647727
1.442477  0.618353  1.653878
1.442599  0.618156  1.660017
1.442577  0.618204  1.665554
1.442532  0.618301  1.671687
1.442597  0.618117  1.677843
1.442613  0.618175  1.684002
1.442613  0.618175  1.689453
1.442613  0.618175  1.695597
1.442527  0.618154  1.701768
1.442629  0.618138  1.707922
1.442521  0.618264  1.714106
1.442583  0.618097  1.719678
1.442607  0.618320  1.725808
1.442688  0.618234  1.731928
1.442688  0.618234  1.738063
1.430370  0.568641  1.743558
1.425845  0.665827  1.749732
1.430202  0.568568  1.755884
1.430454  0.568682  1.762054
1.429948  0.568514  1.767627
1.429978  0.568481  1.773806
1.430135  0.568541  1.779948
1.430225  0.568570  1.786111
1.429817  0.568451  1.791668
1.430206  0.568605  1.797821
1.430073  0.568619  1.803982
1.441766  0.612599  1.810107
1.430223  0.568601  1.815703
1.430213  0.568668  1.821852
1.429980  0.568509  1.827993
1.429096  0.568261  1.833493
1.430259  0.568527  1.839597
1.430150  0.568533  1.845763
1.429984  0.568622  1.851914
1.430228  0.568691  1.858045
1.430190  0.568587  1.863570
1.429851  0.568457  1.869718
1.429851  0.568457  1.875909
1.429973  0.568476  1.882091
1.429973  0.568476  1.887709
1.429973  0.568476  1.893892
1.430332  0.568650  1.900031
1.429966  0.568460  1.905584
1.425770  0.665614  1.911744
1.425770  0.665614  1.917908
1.429849  0.568317  1.924054
1.430037  0.568586  1.929615
1.429985  0.568591  1.935748
1.430283  0.569239  1.941919
1.430757  0.569701  1.948073
1.429069  0.568112  1.953574
1.429213  0.568331  1.959740
1.429213  0.568331  1.965906
1.429213  0.568331  1.972065
1.429213  0.568331  1.977608
1.442607  0.618149  1.983733
1.442607  0.618149  1.989881
1.442605  0.618163  1.995998
1.442618  0.618172  2.001456
1.442635  0.618146  2.007576
1.442597  0.618211  2.013730
1.442487  0.618126  2.019870
1.442529  0.618289  2.026057
1.442585  0.618182  2.031668
1.442585  0.618182  2.037820
1.429887  0.568516  2.043969
1.430147  0.568451  2.049493
1.430164  0.568500  2.055692
1.430149  0.568482  2.061878
1.429810  0.568572  2.068024
1.429037  0.568402  2.073556
1.430358  0.568642  2.079719
1.430234  0.568552  2.085885
1.430291  0.568551  2.092050
1.430362  0.568695  2.097594
1.430206  0.568553  2.103727
1.430167  0.568611  2.109838
1.430269  0.568540  2.115955
1.429096  0.568265  2.121480
1.430185  0.568567  2.127611
1.429992  0.568451  2.133800
1.429845  0.568448  2.139926
1.429845  0.568448  2.146073
1.429845  0.568448  2.151641
1.442631  0.618214  2.157836
1.442562  0.618177  2.164013
1.441791  0.618254  2.169611
1.442592  0.618222  2.175745
1.442502  0.618162  2.181855
1.442498  0.618218  2.187966
1.442601  0.618290  2.194077
1.442629  0.618034  2.199603
1.442627  0.618254  2.205743
1.442538  0.618339  2.211869
1.442651  0.618954  2.218022
1.442608  0.618282  2.223627
1.442605  0.618237  2.229763
1.442613  0.618182  2.235928
1.442505  0.618180  2.242044
1.442511  0.618181  2.247602
1.442511  0.618181  2.253788
1.442537  0.618252  2.259995
1.442585  0.618266  2.265610
1.442515  0.618232  2.271828
1.442370  0.618078  2.278021
1.442519  0.618294  2.283614
1.442523  0.618130  2.289788
1.442523  0.618130  2.295940
1.441661  0.612307  2.302095
1.430186  0.568628  2.307674
1.430169  0.568566  2.313833
1.430215  0.568646  2.319961
1.430209  0.568561  2.325449
1.430332  0.568660  2.331553
1.430332  0.568660  2.337692
1.442557  0.618178  2.343848
1.442587  0.618126  2.350013
1.442599  0.618193  2.355528
1.441150  0.616650  2.361648
1.441150  0.616650  2.367757
1.442605  0.618121  2.373865
1.442575  0.618267  2.380025
1.442621  0.617964  2.385598
1.442487  0.618228  2.391762
1.442487  0.618228  2.397933
1.429981  0.568440  2.404105
1.429156  0.568283  2.409635
1.428946  0.568119  2.415853
1.429353  0.568329  2.422032
1.429032  0.568182  2.427614
1.429827  0.568438  2.433846
1.430281  0.568463  2.440048
1.430086  0.568500  2.445640
1.429807  0.568425  2.451844
1.430150  0.568411  2.451791
1.429147  0.568373  2.457252
1.428226  0.567813  2.453579
1.431003  0.569541  2.451062
1.430192  0.568597  2.457211
1.430276  0.568596  2.451918
1.427641  0.567205  2.458099
1.427641  0.567205  2.454341
1.430314  0.568592  2.451924
1.429655  0.568392  2.458026
1.430173  0.568515  2.451954
1.430378  0.568593  2.451945
1.430394  0.569643  2.450885
1.429986  0.568506  2.456996
1.430083  0.568597  2.452214
1.430003  0.568509  2.451984
1.430182  0.568455  2.451884
1.430215  0.568648  2.458002
1.430410  0.568571  2.451916
1.430327  0.568725  2.458075
1.430012  0.568468  2.451934
1.430357  0.568646  2.458106
1.430219  0.568543  2.451914
1.430172  0.568540  2.458063
1.430071  0.568482  2.451865
1.430178  0.568522  2.457438
1.429986  0.568568  2.452186
1.430167  0.568488  2.451820
1.429976  0.568436  2.451791
1.429625  0.568398  2.457373
1.430015  0.568519  2.451880
1.430088  0.568640  2.458047
1.442558  0.618217  2.453788
1.442584  0.618142  2.453506
1.442673  0.618269  2.453285
1.442611  0.618485  2.459461
1.442568  0.618273  2.453899
1.442607  0.618196  2.453568
1.442618  0.618206  2.459769
1.442548  0.618259  2.454210
1.442533  0.618303  2.454042
1.442563  0.618087  2.453419
1.442481  0.618177  2.459548
1.442794  0.618098  2.453500
1.442571  0.618185  2.459640
1.442630  0.618176  2.453616
1.442548  0.618261  2.459816
1.441818  0.618398  2.452375
1.441818  0.618398  2.452375
1.442629  0.618275  2.458596
1.442633  0.618252  2.454457
1.442525  0.618375  2.454310
1.442500  0.618217  2.453785
1.442558  0.618268  2.453740
1.442501  0.618175  2.459241
1.442463  0.618151  2.454000
1.442582  0.618101  2.453568
1.442437  0.618143  2.459719
1.442312  0.617533  2.456411
1.442595  0.618660  2.455146
1.442595  0.618660  2.455146
1.430354  0.568678  2.452231
1.430354  0.568678  2.452231
1.442515  0.618250  2.458405
1.442515  0.618250  2.456007
1.429771  0.568491  2.452019
1.430313  0.568641  2.457654
1.429803  0.568485  2.452005
1.430007  0.568495  2.451897
1.430120  0.568691  2.458050
1.430367  0.568777  2.452369
1.430557  0.569848  2.450708
1.442572  0.618244  2.456871
1.441934  0.618298  2.452307
1.442600  0.618152  2.458446
1.442550  0.618265  2.454280
1.442550  0.618116  2.453842
1.442750  0.618468  2.459362
1.442144  0.617361  2.457012
1.442636  0.618106  2.453670
1.442741  0.618312  2.459818
1.442667  0.618246  2.453267
1.442457  0.618337  2.459393
1.442328  0.618257  2.453834
1.442328  0.618257  2.453834
1.442366  0.618250  2.459457
1.442587  0.618261  2.454007
1.442046  0.618525  2.460189
1.441974  0.618966  2.455469
1.442367  0.618372  2.461619
1.442296  0.618292  2.455948
1.442212  0.618715  2.454145
1.442212  0.618715  2.454145
1.442429  0.618178  2.460285
1.442423  0.618034  2.455024
1.442552  0.618191  2.461160
1.442297  0.618465  2.454306
1.442429  0.618214  2.453928
1.442462  0.618133  2.452684
1.442414  0.618029  2.458274
1.442348  0.617893  2.454209
1.442353  0.617817  2.453686
1.442312  0.617583  2.459177
1.442225  0.617477  2.453708
1.442163  0.617683  2.459918
1.442193  0.617560  2.453802
1.442118  0.617706  2.459389
1.441962  0.617787  2.455937
1.441962  0.617787  2.455937
1.442138  0.617738  2.455822
1.441902  0.618275  2.453321
1.442360  0.618044  2.459506
1.442219  0.618065  2.453732
1.442432  0.617799  2.459293
1.442571  0.617942  2.454111
1.442778  0.617866  2.453976
1.442889  0.617721  2.453830
1.442832  0.618063  2.453363
1.443049  0.617697  2.459471
1.443112  0.617447  2.454582
1.442916  0.617419  2.453761
1.443031  0.617070  2.459299
1.443061  0.617112  2.454089
1.443017  0.617443  2.453743
1.443004  0.617358  2.453280
1.442668  0.617672  2.458891
1.442591  0.617659  2.453966
1.442430  0.617940  2.453939
1.442211  0.618154  2.453418
1.442100  0.617699  2.459580
1.442224  0.617787  2.453764
1.442048  0.618088  2.452849
1.442011  0.617879  2.458399
1.442195  0.617712  2.453971
1.442108  0.617576  2.453685
1.442231  0.617673  2.453645
1.442075  0.617999  2.453022
1.442169  0.617817  2.459211
1.442176  0.617871  2.453891
1.442278  0.618081  2.453493
1.442298  0.618069  2.453283
1.442222  0.617959  2.458837
1.442441  0.617825  2.453684
1.442556  0.617628  2.459872
1.442645  0.617824  2.453898
1.442804  0.617404  2.459477
1.442869  0.617376  2.457334
1.443041  0.618755  2.453999
1.442899  0.617318  2.453967
1.443069  0.617291  2.460099
1.443005  0.617490  2.453870
1.443005  0.617490  2.453870
1.428752  0.567936  2.452736
1.429089  0.567967  2.452342
1.429672  0.567934  2.451961
1.428806  0.567615  2.457590
1.428916  0.567974  2.452437
1.429329  0.567851  2.452076
1.428985  0.567756  2.458209
1.428979  0.567728  2.452425
1.429511  0.568046  2.452367
1.430226  0.568887  2.450925
1.429704  0.567872  2.457087
1.428990  0.568008  2.452108
1.429421  0.567832  2.458272
1.429242  0.567726  2.452130
1.429352  0.567894  2.457675
1.429540  0.567942  2.452113
1.429550  0.567878  2.451919
1.429439  0.567719  2.451894
1.429542  0.568196  2.451850
1.429529  0.567891  2.458058
1.429663  0.567971  2.452337
1.429881  0.567995  2.452174
1.429670  0.568385  2.451857
1.429198  0.567977  2.457993
1.429573  0.568030  2.451881
1.428665  0.567715  2.457357
1.428394  0.567885  2.453004
1.429229  0.567811  2.452289
1.429373  0.568166  2.451995
1.429077  0.567892  2.457617
1.429299  0.568279  2.452033
1.441941  0.617865  2.458208
1.442034  0.617665  2.454054
1.442035  0.617631  2.453573
1.441730  0.617833  2.453311
1.441813  0.617568  2.459463
1.441977  0.617535  2.453502
1.441663  0.617737  2.459653
1.441835  0.617882  2.453929
1.441882  0.617806  2.453138
1.441779  0.617690  2.459297
1.441928  0.617635  2.453856
1.441877  0.617856  2.453259
1.442021  0.617479  2.459458
1.442159  0.617608  2.453789
1.441818  0.617969  2.453691
1.442122  0.617810  2.459280
1.442209  0.617899  2.453088
1.442266  0.617670  2.459250
1.442323  0.617516  2.453847
1.442270  0.617773  2.460007
1.442333  0.617610  2.453958
1.442069  0.617972  2.453237
1.442382  0.617479  2.459376
1.442088  0.618073  2.453748
1.442165  0.617737  2.459902
1.442303  0.617580  2.453785
1.442151  0.617617  2.459877
1.442225  0.617637  2.453840
1.442089  0.617716  2.459416
1.442197  0.617744  2.453551
1.442080  0.617735  2.459764
1.442079  0.617558  2.453713
1.442111  0.617577  2.459874
1.442080  0.617669  2.453863
1.442181  0.617644  2.453653
1.442237  0.617578  2.453350
1.442222  0.617530  2.459508
1.442142  0.617864  2.452889
1.442249  0.617675  2.459064
1.441983  0.618105  2.453218
1.442155  0.617716  2.459343
1.442155  0.617716  2.453843
1.429452  0.568158  2.451737
1.429400  0.567903  2.457911
1.429512  0.567841  2.451876
1.429510  0.567910  2.458099
1.429477  0.568333  2.451631
1.429533  0.568075  2.457834
1.429405  0.568059  2.451788
1.429549  0.567962  2.457327
1.429563  0.568107  2.451914
1.429554  0.568343  2.451787
1.429417  0.568096  2.457939
1.429300  0.568429  2.451751
1.429365  0.567986  2.457972
1.429114  0.568318  2.451986
1.429147  0.568113  2.457486
1.429018  0.568201  2.452181
1.429117  0.568235  2.452088
1.429274  0.568253  2.451840
1.428918  0.568432  2.457438
1.442050  0.617759  2.453838
1.441868  0.617853  2.459975
1.442266  0.617535  2.456927
1.442265  0.617581  2.462453
1.441890  0.617736  2.453336
1.442254  0.617436  2.459447
1.442307  0.617677  2.453790
1.442113  0.618099  2.453080
1.442312  0.617818  2.459196
1.442438  0.617756  2.453633
1.442561  0.618056  2.453140
1.442614  0.617590  2.459335
1.442533  0.617468  2.453695
1.442498  0.617463  2.459854
1.442421  0.617667  2.453240
1.442398  0.617586  2.458748
1.442266  0.617632  2.454105
1.442119  0.617781  2.453958
1.442176  0.617834  2.453505
1.442171  0.617845  2.459058
1.442053  0.617755  2.453972
1.441882  0.618117  2.453236
1.442259  0.617564  2.459407
1.442113  0.617636  2.453933
1.442130  0.617634  2.460115
1.441970  0.618210  2.453001
1.442120  0.617614  2.459148
1.442136  0.617719  2.453931
1.442050  0.617596  2.453882
1.442013  0.617931  2.453620
1.442055  0.617934  2.453359
1.442265  0.617440  2.458892
1.442206  0.616961  2.453681
1.442173  0.617556  2.459793
1.442184  0.617582  2.453750
1.442078  0.617718  2.459328
1.442012  0.617812  2.453743
1.441862  0.618125  2.453209
1.442043  0.617913  2.453022
1.442321  0.617725  2.458565
1.442223  0.617559  2.453901
1.428932  0.567915  2.452191
1.428974  0.568002  2.452166
1.429110  0.568117  2.457751
1.429012  0.568119  2.452153
1.429038  0.568328  2.452065
1.429332  0.568452  2.457675
1.429355  0.568061  2.451837
1.429367  0.568094  2.458007
1.429468  0.568160  2.451828
1.429399  0.568074  2.457946
1.429465  0.568208  2.451909
1.429502  0.568115  2.458074
1.429408  0.568336  2.451977
1.429400  0.568456  2.451973
1.429560  0.568459  2.451874
1.429719  0.568202  2.451855
1.429645  0.567946  2.457369
1.429421  0.567923  2.451935
1.429461  0.567981  2.451735
1.429491  0.568052  2.457872
1.429487  0.568082  2.451680
1.429653  0.568144  2.457802
1.429416  0.568041  2.451889
1.429589  0.568008  2.458019
1.429692  0.568222  2.452257
1.429676  0.568175  2.452159
1.429666  0.568247  2.451808
1.429539  0.568106  2.457932
1.429384  0.568044  2.452050
1.429315  0.567946  2.451882
1.429310  0.568041  2.451880
1.429372  0.568075  2.458087
1.429270  0.567979  2.451938
1.429283  0.567987  2.457507
1.429216  0.568030  2.452246
1.429231  0.567982  2.452145
1.429231  0.567982  2.452145
1.428991  0.568054  2.458299
1.428354  0.567798  2.452924
1.428354  0.567798  2.452924
1.428414  0.567676  2.452422
1.428324  0.567730  2.458561
1.428471  0.567849  2.452474
1.428538  0.567972  2.452349
1.429311  0.568479  2.452196
1.429304  0.568030  2.452188
1.429242  0.568021  2.452013
1.429279  0.568058  2.457601
1.429043  0.567887  2.452085
1.429066  0.567998  2.452035
1.429188  0.568369  2.452023
1.428208  0.568332  2.458185
1.429243  0.568295  2.452140
1.429452  0.568223  2.458304
1.428387  0.567913  2.452996
1.429221  0.568074  2.452111
1.429260  0.568108  2.452045
1.429353  0.568175  2.457556
1.429172  0.568450  2.452134
1.429243  0.567989  2.458313
1.429352  0.568065  2.451887
1.429339  0.568016  2.457460
1.429311  0.568171  2.452141
1.429528  0.568095  2.451954
1.429322  0.568429  2.451792
1.429322  0.568151  2.457974
1.429338  0.568086  2.451966
1.429337  0.568049  2.451795
1.429363  0.568185  2.457363
1.429341  0.567971  2.451760
1.429343  0.567971  2.457965
1.429341  0.568317  2.451791
1.429214  0.568089  2.457977
1.429346  0.568110  2.452029
1.429334  0.568020  2.451933
1.429309  0.567960  2.457455
1.429436  0.568036  2.451949
1.429212  0.568419  2.451679
1.429220  0.568185  2.457848
1.429226  0.568112  2.451859
1.429338  0.568223  2.458015
1.429383  0.568162  2.451958
1.429388  0.568827  2.451781
1.429427  0.568306  2.457326
1.429422  0.568190  2.452105
1.429562  0.567987  2.451825
1.429481  0.567882  2.457945
1.429361  0.568091  2.451890
1.429543  0.567958  2.458082
1.429735  0.568163  2.451792
1.429620  0.568348  2.457376
1.429627  0.568545  2.451974
1.429424  0.568674  2.451897
1.429411  0.568315  2.458046
1.429255  0.568375  2.452015
1.429365  0.568458  2.451909
1.429415  0.568785  2.451844
1.428466  0.568319  2.458000
1.429234  0.568456  2.451849
1.429392  0.568428  2.458000
1.429057  0.568604  2.451932
1.429057  0.568604  2.451932
1.428188  0.568124  2.458121
1.428188  0.568124  2.452818
1.428188  0.568124  2.452818
1.428102  0.567832  2.452637
1.428266  0.567774  2.458238
1.429038  0.568511  2.452081
1.428894  0.568040  2.458233
1.428941  0.568093  2.451938
1.429034  0.567927  2.458109
1.429184  0.568069  2.452267
1.428859  0.567967  2.452137
1.429125  0.568123  2.458300
1.428944  0.568551  2.451920
1.428958  0.567959  2.458121
1.429031  0.567955  2.452255
1.428889  0.568110  2.452159
1.428974  0.567963  2.458366
1.429236  0.568417  2.452031
1.429044  0.568010  2.457626
1.428338  0.567921  2.453094
1.429196  0.568199  2.452132
1.429202  0.568067  2.452103
1.429030  0.568508  2.451991
1.429166  0.567965  2.458140
1.429229  0.568116  2.452046
1.429204  0.568083  2.457636
1.429233  0.568174  2.452038
1.428466  0.568010  2.458151
1.428442  0.568049  2.452385
1.429374  0.568269  2.451795
1.429319  0.568289  2.457956
1.429377  0.568366  2.451840
1.429269  0.567935  2.457400
1.429013  0.568290  2.452268
1.429148  0.567993  2.452197
1.429066  0.568283  2.452098
1.429050  0.568060  2.452087
1.429099  0.568278  2.458429
1.428164  0.568022  2.452917
1.428870  0.568093  2.452024
1.428949  0.568080  2.457567
1.429009  0.568007  2.452222
1.428161  0.568110  2.458349
1.429132  0.567999  2.452104
1.429132  0.567999  2.452104
1.429123  0.567948  2.458255
1.429123  0.567948  2.452251
1.429206  0.568119  2.452045
1.429106  0.568110  2.451978
1.429226  0.568265  2.458166
1.429084  0.568263  2.452053
1.429301  0.568425  2.451837
1.429245  0.568118  2.458003
1.429179  0.568645  2.451729
1.429299  0.568124  2.457293
1.429290  0.568207  2.452073
1.429332  0.568085  2.458191
1.429370  0.568077  2.451958
1.429342  0.568352  2.451764
1.429342  0.568140  2.457890
1.429180  0.568161  2.452201
1.429304  0.567897  2.451914
1.429501  0.568014  2.458047
1.429414  0.568064  2.451913
1.429534  0.568113  2.458084
1.429422  0.568096  2.451854
1.429293  0.567994  2.457425
1.429278  0.568503  2.451759
1.429141  0.567955  2.457916
1.428990  0.567976  2.452137
1.428974  0.567885  2.457708
1.428948  0.567944  2.452205
1.428773  0.568276  2.452008
1.429043  0.568053  2.458133
1.428886  0.568068  2.452279
1.428788  0.568149  2.452082
1.428664  0.567735  2.451897
1.424245  0.564685  2.458037
1.424245  0.564685  2.455483
1.424245  0.564685  2.455483
1.424245  0.564685  2.455483
1.424245  0.564685  2.455483
1.424245  0.564685  2.455483
1.424245  0.564685  2.455483
1.424245  0.564685  2.455483
1.424245  0.564685  2.455483
1.424245  0.564685  2.455483
1.424245  0.564685  2.455483
1.424245  0.564685  2.455483
1.424245  0.564685  2.455483
1.424245  0.564685  2.455483
1.424245  0.564685  2.455483
1.424245  0.564685  2.455483
1.424245  0.564685  2.455483
1.424245  0.564685  2.455483
1.424245  0.564685  2.455483
1.424245  0.564685  2.455483
1.424245  0.564685  2.455483
1.424245  0.564685  2.455483
1.424245  0.564685  2.455483
1.424245  0.564685  2.455483
1.424245  0.564685  2.455483
1.424245  0.564685  2.455483
1.424245  0.564685  2.455483
1.424245  0.564685  2.455483
1.424245  0.564685  2.455483
1.424245  0.564685  2.455483
1.424245  0.564685  2.455483
1.424245  0.564685  2.455483
1.424245  0.564685  2.455483
1.424245  0.564685  2.455483
1.424245  0.564685  2.455483
1.424245  0.564685  2.455483
1.424245  0.564685  2.455483
1.424245  0.564685  2.455483
1.424245  0.564685  2.455483
1.424245  0.564685  2.455483
1.424245  0.564685  2.455483
1.424245  0.564685  2.455483
1.424245  0.564685  2.455483
1.424245  0.564685  2.455483
1.424245  0.564685  2.455483
1.424245  0.564685  2.455483
1.424245  0.564685  2.455483
1.424245  0.564685  2.455483
1.424245  0.564685  2.455483
1.424245  0.564685  2.455483
1.424245  0.564685  2.455483
1.424245  0.564685  2.455483
1.424245  0.564685  2.455483
1.424245  0.564685  2.455483
1.424245  0.564685  2.455483
1.424245  0.564685  2.455483
1.424245  0.564685  2.455483
1.424245  0.564685  2.455483
1.424245  0.564685  2.455483
1.424245  0.564685  2.455483
1.424245  0.564685  2.455483
1.424245  0.564685  2.455483
1.424245  0.564685  2.455483
1.424245  0.564685  2.455483
1.424245  0.564685  2.455483
1.424245  0.564685  2.455483
1.424245  0.564685  2.455483
1.424245  0.564685  2.455483
1.424245  0.564685  2.455483
1.424245  0.564685  2.455483
1.424245  0.564685  2.455483
1.424245  0.564685  2.455483
1.424245  0.564685  2.455483
1.424245  0.564685  2.455483
1.424245  0.564685  2.455483
1.424245  0.564685  2.455483
1.424245  0.564685  2.455483
1.424245  0.564685  2.455483
1.424245  0.564685  2.455483
1.424245  0.564685  2.455483
1.424245  0.564685  2.455483
1.424245  0.564685  2.455483
1.424245  0.564685  2.455483
1.424245  0.564685  2.455483
1.424245  0.564685  2.455483
1.424245  0.564685  2.455483
1.424245  0.564685  2.455483
1.424245  0.564685  2.455483
1.424245  0.564685  2.455483
1.424245  0.564685  2.455483
1.424245  0.564685  2.455483
1.424245  0.564685  2.455483
1.424245  0.564685  2.455483
1.424245  0.564685  2.455483
1.424245  0.564685  2.455483
1.424245  0.564685  2.455483
1.424245  0.564685  2.455483
1.424245  0.564685  2.455483
1.424245  0.564685  2.455483
1.424245  0.564685  2.455483
1.424245  0.564685  2.455483
1.424245  0.564685  2.455483
1.424245  0.564685  2.455483
1.424245  0.564685  2.455483
1.424245  0.564685  2.455483
1.424245  0.564685  2.455483
1.424245  0.564685  2.455483
1.424245  0.564685  2.455483
1.424245  0.564685  2.455483
1.424245  0.564685  2.455483
1.424245  0.564685  2.455483
1.424245  0.564685  2.455483
1.424245  0.564685  2.455483
1.424245  0.564685  2.455483
1.424245  0.564685  2.455483
1.424245  0.564685  2.455483
1.424245  0.564685  2.455483
1.424245  0.564685  2.455483
1.424245  0.564685  2.455483
1.424245  0.564685  2.455483
1.424245  0.564685  2.455483
1.424245  0.564685  2.455483
1.424245  0.564685  2.455483
1.424245  0.564685  2.455483
1.424245  0.564685  2.455483
1.424245  0.564685  2.455483
1.424245  0.564685  2.455483
1.424245  0.564685  2.455483
1.424245  0.564685  2.455483
1.424245  0.564685  2.455483
1.424245  0.564685  2.455483
1.424245  0.564685  2.455483
1.424245  0.564685  2.455483
1.424245  0.564685  2.455483
1.424245  0.564685  2.455483
1.424245  0.564685  2.455483
1.424245  0.564685  2.455483
1.424245  0.564685  2.455483
1.424245  0.564685  2.455483
1.424245  0.564685  2.455483
1.424245  0.564685  2.455483
1.424245  0.564685  2.455483
1.424245  0.564685  2.455483
1.424245  0.564685  2.455483
1.424245  0.564685  2.455483
1.424245  0.564685  2.455483
1.424245  0.564685  2.455483
1.424245  0.564685  2.455483
1.424245  0.564685  2.455483
1.424245  0.564685  2.455483
1.424245  0.564685  2.455483
1.424245  0.564685  2.455483
1.424245  0.564685  2.455483
1.424245  0.564685  2.455483
1.424245  0.564685  2.455483
1.424245  0.564685  2.455483
1.424245  0.564685  2.455483
1.424245  0.564685  2.455483
1.424245  0.564685  2.455483
1.424245  0.564685  2.455483
1.424245  0.564685  2.455483
1.424245  0.564685  2.455483
1.424245  0.564685  2.455483
1.424245  0.564685  2.455483
1.424245  0.564685  2.455483
1.424245  0.564685  2.455483
1.424245  0.564685  2.455483
1.424245  0.564685  2.455483
1.424245  0.564685  2.455483
1.424245  0.564685  2.455483
1.424245  0.564685  2.455483
1.424245  0.564685  2.455483
1.424245  0.564685  2.455483
1.424245  0.564685  2.455483
1.424245  0.564685  2.455483
1.424245  0.564685  2.455483
1.424245  0.564685  2.455483
1.424245  0.564685  2.455483
1.424245  0.564685  2.455483
1.424245  0.564685  2.455483
1.424245  0.564685  2.455483
1.424245  0.564685  2.455483
1.424245  0.564685  2.455483
1.424245  0.564685  2.455483
1.424245  0.564685  2.455483
1.424245  0.564685  2.455483
1.424245  0.564685  2.455483
1.424245  0.564685  2.455483
1.424245  0.564685  2.455483
1.424245  0.564685  2.455483
1.424245  0.564685  2.455483
1.424245  0.564685  2.455483
1.424245  0.564685  2.455483
1.424245  0.564685  2.455483
1.424245  0.564685  2.455483
1.424245  0.564685  2.455483
1.424245  0.564685  2.455483
1.424245  0.564685  2.455483
1.424245  0.564685  2.455483
1.424245  0.564685  2.455483
1.424245  0.564685  2.455483
1.424245  0.564685  2.455483
1.424245  0.564685  2.455483
1.424245  0.564685  2.455483
1.424245  0.564685  2.455483
1.424245  0.564685  2.455483
1.424245  0.564685  2.455483
1.424245  0.564685  2.455483
1.424245  0.564685  2.455483
1.424245  0.564685  2.455483
1.424245  0.564685  2.455483
1.424245  0.564685  2.455483
1.424245  0.564685  2.455483
1.424245  0.564685  2.455483
1.424245  0.564685  2.455483
1.424245  0.564685  2.455483
1.424245  0.564685  2.455483
1.424245  0.564685  2.455483
1.424245  0.564685  2.455483
1.424245  0.564685  2.455483
1.424245  0.564685  2.455483
1.424245  0.564685  2.455483
1.424245  0.564685  2.455483
1.424245  0.564685  2.455483
1.424245  0.564685  2.455483
1.424245  0.564685  2.455483
1.424245  0.564685  2.455483
1.424245  0.564685  2.455483
1.424245  0.564685  2.455483
1.424245  0.564685  2.455483
1.424245  0.564685  2.455483
1.424245  0.564685  2.455483
1.424245  0.564685  2.455483
1.424245  0.564685  2.455483
1.424245  0.564685  2.455483
1.424245  0.564685  2.455483
1.424245  0.564685  2.455483
1.424245  0.564685  2.455483
1.424245  0.564685  2.455483
1.424245  0.564685  2.455483
1.424245  0.564685  2.455483
1.424245  0.564685  2.455483
1.424245  0.564685  2.455483
1.424245  0.564685  2.455483
1.424245  0.564685  2.455483
1.424245  0.564685  2.455483
1.424245  0.564685  2.455483
1.424245  0.564685  2.455483
1.424245  0.564685  2.455483
1.424245  0.564685  2.455483
1.424245  0.564685  2.455483
1.424245  0.564685  2.455483
1.424245  0.564685  2.455483
1.424245  0.564685  2.455483
1.424245  0.564685  2.455483
1.424245  0.564685  2.455483
1.424245  0.564685  2.455483
1.424245  0.564685  2.455483
1.424245  0.564685  2.455483
1.424245  0.564685  2.455483
1.424245  0.564685  2.455483
1.424245  0.564685  2.455483
1.424245  0.564685  2.455483
1.424245  0.564685  2.455483
1.424245  0.564685  2.455483
1.424245  0.564685  2.455483
1.424245  0.564685  2.455483
1.424245  0.564685  2.455483
1.424245  0.564685  2.455483
1.424245  0.564685  2.455483
1.415639  0.568774  2.453085
1.416791  0.568902  2.452507
1.416791  0.568902  2.452507
1.416791  0.568902  2.452507
1.416791  0.568902  2.452507
1.416791  0.568902  2.452507
1.416791  0.568902  2.452507
1.416791  0.568902  2.452507
1.416791  0.568902  2.452507
1.416791  0.568902  2.452507
1.416791  0.568902  2.452507
1.416791  0.568902  2.452507
1.416791  0.568902  2.452507
1.416791  0.568902  2.452507
1.416791  0.568902  2.452507
1.416791  0.568902  2.452507
1.416791  0.568902  2.452507
1.416791  0.568902  2.452507
1.416791  0.568902  2.452507
1.416791  0.568902  2.452507
1.416791  0.568902  2.452507
1.416791  0.568902  2.452507
1.416791  0.568902  2.452507
1.416791  0.568902  2.452507
1.416791  0.568902  2.452507
1.416791  0.568902  2.452507
1.413385  0.575754  2.458682
1.414436  0.572851  2.453299
1.416237  0.573289  2.452417
1.416358  0.573517  2.457913
1.416348  0.573772  2.452862
1.414751  0.573482  2.458993
1.414751  0.573482  2.453714
1.414640  0.574114  2.459872
1.414831  0.574441  2.453902
1.414610  0.574591  2.453602
1.414587  0.574823  2.459785
1.414587  0.574823  2.454175
1.414473  0.575605  2.460370
1.414758  0.576483  2.454271
1.414389  0.575480  2.453943
1.414427  0.575819  2.453835
1.414217  0.577397  2.459964
1.413262  0.577528  2.454452
1.413262  0.577528  2.454452
1.413262  0.577528  2.454452
1.413262  0.577528  2.454452
1.415154  0.577131  2.453054
1.414991  0.577327  2.452959
1.414991  0.577327  2.452959
1.414991  0.577327  2.452959
1.414991  0.577327  2.452959
1.414991  0.577327  2.452959
1.414991  0.577327  2.452959
1.414991  0.577327  2.452959
1.414991  0.577327  2.452959
1.414991  0.577327  2.452959
1.384599  0.657911  2.459058
1.384599  0.657911  2.453091
1.384599  0.657911  2.453091
1.384599  0.657911  2.453091
1.384599  0.657911  2.453091
1.384599  0.657911  2.453091
1.384599  0.657911  2.453091
1.384599  0.657911  2.453091
1.384599  0.657911  2.453091
1.415437  0.589106  2.459227
1.415360  0.589740  2.453744
1.415138  0.590280  2.459891
1.415138  0.590280  2.453997
1.415138  0.590280  2.453997
1.415138  0.590280  2.453997
1.415138  0.590280  2.453997
1.415138  0.590280  2.453997
1.415138  0.590280  2.453997
1.415138  0.590280  2.453997
1.415138  0.590280  2.453997
1.415138  0.590280  2.453997
1.415138  0.590280  2.453997
1.415138  0.590280  2.453997
1.415138  0.590280  2.453997
1.415138  0.590280  2.453997
1.415138  0.590280  2.453997
1.415138  0.590280  2.453997
1.415138  0.590280  2.453997
1.415138  0.590280  2.453997
1.415138  0.590280  2.453997
1.415138  0.590280  2.453997
1.415138  0.590280  2.453997
1.415138  0.590280  2.453997
1.415138  0.590280  2.453997
1.415138  0.590280  2.453997
1.415138  0.590280  2.453997
1.415138  0.590280  2.453997
1.415138  0.590280  2.453997
1.415138  0.590280  2.453997
1.415138  0.590280  2.453997
1.415138  0.590280  2.453997
1.415138  0.590280  2.453997
1.415138  0.590280  2.453997
1.415138  0.590280  2.453997
1.415138  0.590280  2.453997
1.415138  0.590280  2.453997
1.415138  0.590280  2.453997
1.415138  0.590280  2.453997
1.415138  0.590280  2.453997
1.415138  0.590280  2.453997
1.415138  0.590280  2.453997
1.415138  0.590280  2.453997
1.415138  0.590280  2.453997
1.415138  0.590280  2.453997
1.415138  0.590280  2.453997
1.415138  0.590280  2.453997
1.415138  0.590280  2.453997
1.415138  0.590280  2.453997
1.415138  0.590280  2.453997
1.415138  0.590280  2.453997
1.415138  0.590280  2.453997
1.415138  0.590280  2.453997
1.415138  0.590280  2.453997
1.415138  0.590280  2.453997
1.415138  0.590280  2.453997
1.415138  0.590280  2.453997
1.415138  0.590280  2.453997
1.415138  0.590280  2.453997
1.415138  0.590280  2.453997
1.415138  0.590280  2.453997
1.415138  0.590280  2.453997
1.415138  0.590280  2.453997
1.415138  0.590280  2.453997
1.415138  0.590280  2.453997
1.415138  0.590280  2.453997
1.310834  0.614670  2.453092
1.310834  0.614670  2.453092
1.310834  0.614670  2.453092
1.298564  0.632120  2.449577
1.298270  0.631499  2.455781
1.298270  0.631499  2.449874
1.298270  0.631499  2.449874
1.298270  0.631499  2.449874
1.298270  0.631499  2.449874
1.298270  0.631499  2.449874
1.298270  0.631499  2.449874
1.298270  0.631499  2.449874
1.298270  0.631499  2.449874
1.298270  0.631499  2.449874
1.298270  0.631499  2.449874
1.298270  0.631499  2.449874
1.298270  0.631499  2.449874
1.298270  0.631499  2.449874
1.298270  0.631499  2.449874
1.298270  0.631499  2.449874
1.298270  0.631499  2.449874
1.298270  0.631499  2.449874
1.298270  0.631499  2.449874
1.298270  0.631499  2.449874
1.298270  0.631499  2.449874
1.298270  0.631499  2.449874
1.298270  0.631499  2.449874
1.298270  0.631499  2.449874
1.298270  0.631499  2.449874
1.298270  0.631499  2.449874
1.298270  0.631499  2.449874
1.298270  0.631499  2.449874
1.298270  0.631499  2.449874
1.298270  0.631499  2.449874
1.298270  0.631499  2.449874
1.298270  0.631499  2.449874
1.298270  0.631499  2.449874
1.298270  0.631499  2.449874
1.335940  0.705662  2.456046
1.334325  0.702968  2.454764
1.336105  0.704699  2.454660
1.333223  0.704423  2.454439
1.333223  0.704423  2.454439
1.385784  0.695757  2.450048
1.333861  0.704538  2.455599
1.333861  0.704538  2.454633
1.333861  0.704538  2.454633
1.333861  0.704538  2.454633
1.288601  0.685499  2.460193
1.288708  0.683131  2.458798
1.288671  0.684724  2.457679
1.288671  0.684724  2.457679
1.297421  0.640874  2.457663
1.297378  0.640702  2.463821
1.296359  0.643283  2.455377
1.296139  0.643168  2.455189
1.319394  0.646248  2.432348
1.297318  0.641115  2.438526
1.319928  0.656083  2.426163
1.296679  0.642273  2.432331
1.295425  0.644487  2.437873
1.295425  0.644487  2.444057
1.315286  0.639636  2.450266
1.317239  0.639071  2.455913
1.316966  0.639716  2.462142
1.316921  0.638915  2.457408
1.317276  0.638903  2.456975
1.317033  0.639487  2.456785
1.317033  0.639487  2.456785
1.317033  0.639487  2.456785
1.316195  0.640721  2.454236
1.316934  0.639744  2.460398
1.316934  0.639744  2.455841
1.316934  0.639744  2.455841
1.316741  0.640244  2.455599
1.316187  0.640665  2.454750
1.315187  0.640424  2.460918
1.315187  0.640424  2.455623
1.315187  0.640424  2.455623
1.316767  0.640060  2.461777
1.316304  0.640973  2.454655
1.316061  0.641029  2.454193
1.314561  0.641561  2.454131
1.314561  0.641561  2.454131
1.296283  0.643240  2.460310
1.295970  0.644113  2.455456
1.296078  0.643966  2.455368
1.296037  0.644209  2.455244
1.295924  0.644663  2.454822
1.295924  0.644663  2.454822
1.295843  0.644639  2.454694
1.297005  0.641835  2.460816
1.297005  0.641835  2.457476
1.296005  0.644256  2.455028
1.295850  0.643803  2.460546
1.296862  0.641632  2.457734
1.296497  0.642421  2.456983
1.296100  0.643508  2.455316
1.296100  0.643508  2.455316
1.294596  0.644995  2.453716
1.294596  0.644995  2.453716
1.294396  0.644909  2.459322
1.294396  0.644909  2.453809
1.316214  0.640007  2.459940
1.315963  0.640554  2.454729
1.315963  0.640554  2.454729
1.317482  0.639832  2.460902
1.316333  0.639626  2.456750
1.316806  0.639138  2.456718
1.316798  0.639324  2.456516
1.316131  0.640704  2.454581
1.315943  0.641033  2.454445
1.315943  0.641033  2.454445
1.316037  0.641267  2.453868
1.315996  0.641230  2.460073
1.316021  0.641019  2.454906
1.315866  0.641098  2.460416
1.316913  0.639707  2.456797
1.315847  0.641407  2.454201
1.316886  0.639843  2.460410
1.313618  0.641938  2.454955
1.313618  0.641938  2.454955
1.316993  0.639944  2.461067
1.315104  0.640661  2.456929
1.317100  0.640545  2.456607
1.317294  0.640314  2.462773
1.314005  0.642284  2.455179
1.314005  0.642284  2.455179
1.296792  0.642917  2.460757
1.295673  0.646396  2.455135
1.295527  0.646196  2.461311
1.295545  0.646198  2.455330
1.295599  0.646347  2.461515
1.295599  0.646347  2.455574
1.315967  0.642119  2.455266
1.314429  0.642882  2.454852
1.314429  0.642882  2.454852
1.314429  0.642882  2.454852
1.314468  0.642814  2.461013
1.316683  0.640713  2.456851
1.316270  0.641493  2.456537
1.315679  0.642410  2.453528
1.295783  0.646722  2.459637
1.295783  0.646722  2.453964
1.295198  0.644904  2.459540
1.295198  0.644904  2.457189
1.295686  0.646019  2.454144
1.295321  0.646656  2.459756
1.296314  0.644446  2.458216
1.295570  0.646263  2.454376
1.295515  0.646577  2.454149
1.296659  0.643917  2.459665
1.293113  0.648767  2.454981
1.296464  0.644744  2.461112
1.296326  0.645206  2.458764
1.296580  0.644931  2.464903
1.295506  0.647713  2.454569
1.295481  0.647790  2.460732
1.295553  0.647583  2.453424
1.295553  0.647583  2.453424
1.296749  0.645876  2.458963
1.295540  0.649217  2.455742
1.296384  0.647002  2.461875
1.296394  0.647138  2.458658
1.296299  0.647045  2.458377
1.296341  0.645993  2.464530
1.295373  0.648455  2.453229
1.296305  0.646024  2.459380
1.296440  0.646091  2.458436
1.295636  0.649047  2.453486
1.296363  0.647219  2.459630
1.296334  0.647220  2.458093
1.296548  0.647345  2.464220
1.296606  0.647045  2.458086
1.296606  0.647045  2.458086
1.295548  0.648463  2.455369
1.295485  0.648323  2.461553
1.295763  0.648065  2.453859
1.295521  0.648339  2.460074
1.295637  0.648455  2.454897
1.295489  0.648332  2.461061
1.295754  0.648083  2.455155
1.295704  0.648188  2.460712
1.296429  0.645828  2.457840
1.293374  0.649603  2.454547
1.313351  0.643706  2.460688
1.317312  0.641009  2.457168
1.316412  0.642629  2.453857
1.317199  0.641257  2.460006
1.316970  0.641455  2.456694
1.316342  0.642817  2.453650
1.316175  0.642946  2.459844
1.316087  0.642891  2.454543
1.316329  0.642562  2.453149
1.317186  0.640835  2.459279
1.316110  0.642951  2.454338
1.317118  0.640629  2.460454
1.316094  0.642595  2.454035
1.316568  0.641358  2.460158
1.316360  0.642380  2.454347
1.316895  0.640819  2.460496
1.316885  0.640742  2.456167
1.316692  0.640740  2.455951
1.316851  0.640295  2.462083
1.316236  0.641471  2.453154
1.316757  0.640088  2.459296
1.316834  0.640130  2.456050
1.316788  0.639813  2.456039
1.316133  0.640544  2.454430
1.316780  0.639566  2.460563
1.316594  0.639819  2.455013
1.316403  0.640588  2.452673
1.316414  0.640303  2.458823
1.316462  0.640322  2.453580
1.316423  0.639916  2.459153
1.316697  0.638996  2.455118
1.316297  0.639472  2.453471
1.315832  0.639610  2.452735
1.315832  0.639610  2.452735
1.296008  0.642123  2.458832
1.296165  0.641183  2.455138
1.296843  0.639939  2.461268
1.296709  0.639998  2.455893
1.296709  0.639998  2.455893
1.296709  0.639998  2.455893
1.316390  0.655010  2.452952
1.316390  0.655010  2.452952
1.316390  0.655010  2.452952
1.316390  0.655010  2.452952
1.316390  0.655010  2.452952
1.316390  0.655010  2.452952
1.316390  0.655010  2.452952
1.316390  0.655010  2.452952
1.296646  0.638848  2.459126
1.297096  0.638137  2.455560
1.320540  0.648080  2.461770
1.374227  0.732033  2.457025
1.374227  0.732033  2.457025
1.331302  0.699306  2.454801
1.331573  0.701384  2.453771
1.333086  0.701739  2.459910
1.333147  0.701799  2.454917
1.331661  0.701098  2.454265
1.332348  0.701331  2.453455
1.331636  0.701382  2.459619
1.330293  0.701274  2.450110
1.330293  0.701274  2.450110
1.331860  0.700177  2.456270
1.331662  0.700389  2.453593
1.333178  0.700715  2.459128
1.333719  0.702071  2.454403
1.333756  0.702325  2.453812
1.332118  0.701892  2.453297
1.332118  0.701892  2.453297
1.333630  0.702379  2.459499
1.333041  0.703108  2.454646
1.334757  0.702820  2.454361
1.333675  0.702595  2.459898
1.334800  0.702598  2.455034
1.333927  0.702740  2.454799
1.334815  0.703059  2.454386
1.334789  0.702098  2.459873
1.334952  0.702979  2.454012
1.334891  0.702200  2.460176
1.333775  0.703425  2.459578
1.333775  0.703425  2.459578
1.336098  0.703100  2.454974
1.336098  0.703100  2.454974
1.336098  0.703100  2.454974
1.336833  0.703737  2.461136
1.333661  0.701806  2.458566
1.336273  0.702665  2.458349
1.334369  0.703171  2.457260
1.334369  0.703171  2.457260
1.334120  0.701864  2.462779
1.336462  0.703063  2.457921
1.334206  0.703126  2.457427
1.333886  0.701956  2.455743
1.332807  0.703271  2.454629
1.334680  0.702815  2.460805
1.333549  0.702488  2.455086
1.334749  0.702987  2.454045
1.334749  0.702987  2.454045
1.333896  0.702442  2.460224
1.335122  0.702527  2.455425
1.333974  0.701471  2.460991
1.333935  0.702058  2.455400
1.334411  0.702405  2.455219
1.334801  0.702694  2.453951
1.334801  0.702694  2.453951
1.335085  0.702864  2.460111
1.334816  0.702562  2.454603
1.336102  0.702096  2.460076
1.336312  0.703300  2.456547
1.334577  0.702269  2.454468
1.334727  0.701100  2.460679
1.333709  0.702434  2.455208
1.334811  0.702603  2.454221
1.334451  0.701659  2.460383
1.334363  0.702238  2.454839
1.334740  0.702606  2.454607
1.334496  0.701978  2.453649
1.334772  0.702262  2.459797
1.334120  0.702076  2.455192
1.333997  0.701888  2.454918
1.334816  0.701956  2.461056
1.334709  0.702522  2.453949
1.334962  0.702699  2.459438
1.335172  0.703024  2.453816
1.334974  0.702900  2.459929
1.334813  0.702275  2.454347
1.334744  0.702875  2.454004
1.334099  0.701700  2.459554
1.333935  0.702451  2.454687
1.333933  0.702711  2.460808
1.335107  0.703035  2.454171
1.334878  0.702826  2.453971
1.335017  0.702955  2.459507
1.333851  0.702520  2.454515
1.335081  0.702129  2.460687
1.333832  0.702635  2.454689
1.334835  0.702832  2.454314
1.333661  0.701657  2.460476
1.333791  0.702314  2.455041
1.334831  0.702760  2.454396
1.334970  0.702781  2.454117
1.333618  0.702477  2.460274
1.335107  0.702403  2.455222
1.334954  0.702370  2.454191
1.334580  0.702107  2.460336
1.334484  0.701903  2.454517
1.334393  0.701943  2.454089
1.333318  0.701664  2.460258
1.332627  0.701998  2.454408
1.334718  0.701539  2.460593
1.334718  0.701539  2.455038
1.334280  0.701221  2.454833
1.334198  0.701198  2.460969
1.334198  0.701198  2.458597
1.333875  0.699878  2.454261
1.333573  0.702395  2.460429
1.334140  0.702367  2.455394
1.335006  0.702375  2.455253
1.333739  0.701782  2.454875
1.334542  0.701176  2.454678
1.335079  0.701858  2.454070
1.333192  0.700865  2.460267
1.333250  0.700893  2.454677
1.333402  0.703010  2.454150
1.333402  0.703010  2.454150
1.334554  0.701205  2.460293
1.334908  0.702060  2.457940
1.334022  0.701105  2.456230
1.334020  0.702480  2.454647
1.334760  0.701964  2.454465
1.335263  0.702727  2.460653
1.334976  0.702607  2.454587
1.333995  0.701789  2.460760
1.333994  0.701615  2.455448
1.333955  0.702610  2.454733
1.334924  0.701957  2.454484
1.335235  0.702867  2.460629
1.335025  0.702740  2.454473
1.335025  0.702740  2.454473
1.335200  0.702785  2.453668
1.335367  0.702775  2.459834
1.335367  0.702775  2.454443
1.335367  0.702775  2.454443
1.383480  0.621974  2.453210
1.384167  0.621628  2.453179
1.384263  0.621488  2.458709
1.384229  0.621650  2.453354
1.383628  0.621851  2.453319
1.383493  0.621691  2.459509
1.383710  0.621490  2.453316
1.384435  0.621299  2.459527
1.383221  0.621744  2.453335
1.383013  0.621640  2.453170
1.383234  0.621868  2.459404
1.383254  0.621648  2.453300
1.384580  0.621312  2.453263
1.383138  0.621535  2.459371
1.382211  0.620864  2.452471
1.383248  0.621794  2.458606
1.383268  0.621622  2.453457
1.383354  0.621635  2.453209
1.383222  0.621471  2.459313
1.383566  0.621842  2.453263
1.382668  0.620796  2.452325
1.382616  0.620943  2.452287
1.384629  0.621594  2.458537
1.383763  0.621719  2.452886
1.383763  0.621719  2.452886
1.381186  0.620282  2.459055
1.385365  0.622832  2.451707
1.385365  0.622832  2.451707
1.385365  0.622832  2.451707
1.380925  0.620449  2.449527
1.381660  0.621567  2.449212
1.381660  0.621567  2.449212
1.382399  0.620719  2.455340
1.383403  0.621249  2.452960
1.384205  0.621817  2.452883
1.383394  0.621851  2.458996
1.384247  0.621705  2.453016
1.384247  0.621705  2.453016
1.383369  0.621455  2.459147
1.383403  0.621804  2.453289
1.383403  0.621804  2.453289
1.383206  0.621777  2.453278
1.383349  0.621832  2.453212
1.383349  0.621832  2.453212
1.383349  0.621832  2.453212
1.383931  0.621760  2.459336
1.383931  0.621760  2.453357
1.383287  0.621882  2.453144
1.383581  0.621806  2.452881
1.383523  0.621735  2.458976
1.382685  0.621392  2.452152
1.383697  0.621793  2.457716
1.383492  0.621931  2.453264
1.383541  0.621293  2.451502
1.382917  0.621546  2.457681
1.383614  0.622080  2.453116
1.383292  0.622319  2.453060
1.383292  0.622319  2.453060
1.382617  0.621454  2.452382
1.383862  0.621987  2.458549
1.383435  0.621930  2.453192
1.383198  0.622211  2.458723
1.383771  0.621978  2.453312
1.383900  0.621806  2.453177
1.384273  0.621619  2.459340
1.384288  0.621769  2.453449
1.384288  0.621769  2.453449
1.384288  0.621769  2.453449
1.384288  0.621769  2.453449
1.384288  0.621769  2.453449
1.384288  0.621769  2.453449
1.384288  0.621769  2.453449
1.382272  0.621085  2.459630
1.382272  0.621085  2.453668
1.382272  0.621085  2.453668
1.382807  0.620805  2.453165
1.382592  0.620810  2.459316
1.382644  0.620822  2.453436
1.382924  0.621232  2.453039
1.382651  0.621539  2.459219
1.382651  0.621539  2.453190
1.382480  0.620858  2.459319
1.382707  0.620920  2.453101
1.382457  0.620874  2.459268
1.383389  0.621966  2.453201
1.383331  0.622159  2.458720
1.383216  0.622165  2.453231
1.381500  0.600695  2.459457
1.381780  0.600744  2.453181
1.373752  0.640257  2.458818
1.374086  0.640351  2.453460
1.374086  0.640351  2.453460
1.373830  0.639943  2.459006
1.373826  0.640456  2.453296
1.373926  0.640310  2.459477
1.373776  0.640593  2.453746
1.373776  0.640593  2.453746
1.373776  0.640593  2.453746
1.373776  0.640593  2.453746
1.373776  0.640593  2.453746
1.373776  0.640593  2.453746
1.373776  0.640593  2.453746
1.373776  0.640593  2.453746
1.373776  0.640593  2.453746
1.373776  0.640593  2.453746
1.373776  0.640593  2.453746
1.373776  0.640593  2.453746
1.373776  0.640593  2.453746
1.373776  0.640593  2.453746
1.380847  0.621401  2.447895
1.380847  0.621401  2.447895
1.380847  0.621401  2.447895
1.380847  0.621401  2.447895
1.380292  0.620732  2.454005
1.380292  0.620732  2.448950
1.380292  0.620732  2.448950
1.380292  0.620732  2.448950
1.381342  0.620726  2.455135
1.381296  0.620990  2.450168
1.381296  0.620990  2.450168
1.381490  0.621077  2.449827
1.381490  0.621077  2.449827
1.381490  0.621077  2.449827
1.381490  0.621077  2.449827
1.381490  0.621077  2.449827
1.381490  0.621077  2.449827
1.381490  0.621077  2.449827
1.381490  0.621077  2.449827
1.381490  0.621077  2.449827
1.381490  0.621077  2.449827
1.381490  0.621077  2.449827
1.381490  0.621077  2.449827
1.381490  0.621077  2.449827
1.381490  0.621077  2.449827
1.381490  0.621077  2.449827
1.381490  0.621077  2.449827
1.381490  0.621077  2.449827
1.381490  0.621077  2.449827
1.381490  0.621077  2.449827
1.381490  0.621077  2.449827
1.381490  0.621077  2.449827
1.381490  0.621077  2.449827
1.381490  0.621077  2.449827
1.381490  0.621077  2.449827
1.381490  0.621077  2.449827
1.381490  0.621077  2.449827
1.381490  0.621077  2.449827
1.380642  0.620762  2.449086
1.380642  0.620762  2.449086
1.380642  0.620762  2.449086
1.380642  0.620762  2.449086
1.380836  0.620922  2.455236
1.380775  0.620980  2.449804
1.380775  0.620980  2.449804
1.380775  0.620980  2.449804
1.380775  0.620980  2.449804
1.380775  0.620980  2.449804
1.380775  0.620980  2.449804
1.380775  0.620980  2.449804
1.380775  0.620980  2.449804
1.380775  0.620980  2.449804
1.380775  0.620980  2.449804
1.380775  0.620980  2.449804
1.380775  0.620980  2.449804
1.380775  0.620980  2.449804
1.380775  0.620980  2.449804
1.380775  0.620980  2.449804
1.380775  0.620980  2.449804
1.380775  0.620980  2.449804
1.380775  0.620980  2.449804
1.380775  0.620980  2.449804
1.380775  0.620980  2.449804
1.380775  0.620980  2.449804
1.380775  0.620980  2.449804
1.380775  0.620980  2.449804
1.380775  0.620980  2.449804
1.380775  0.620980  2.449804
1.380775  0.620980  2.449804
1.380775  0.620980  2.449804
1.380775  0.620980  2.449804
1.380775  0.620980  2.449804
1.380775  0.620980  2.449804
1.380775  0.620980  2.449804
1.380775  0.620980  2.449804
1.380775  0.620980  2.449804
1.380775  0.620980  2.449804
1.380775  0.620980  2.449804
1.380775  0.620980  2.449804
1.380775  0.620980  2.449804
1.380775  0.620980  2.449804
1.380775  0.620980  2.449804
1.380775  0.620980  2.449804
1.380775  0.620980  2.449804
1.380775  0.620980  2.449804
1.380775  0.620980  2.449804
1.380775  0.620980  2.449804
1.380775  0.620980  2.449804
1.380775  0.620980  2.449804
1.380775  0.620980  2.449804
1.380775  0.620980  2.449804
1.380775  0.620980  2.449804
1.380775  0.620980  2.449804
1.380775  0.620980  2.449804
1.380775  0.620980  2.449804
1.380775  0.620980  2.449804
1.380775  0.620980  2.449804
1.380775  0.620980  2.449804
1.380775  0.620980  2.449804
1.380775  0.620980  2.449804
1.380775  0.620980  2.449804
1.380775  0.620980  2.449804
1.380775  0.620980  2.449804
1.380775  0.620980  2.449804
1.380775  0.620980  2.449804
1.380775  0.620980  2.449804
1.380775  0.620980  2.449804
1.380775  0.620980  2.449804
1.380775  0.620980  2.449804
1.380775  0.620980  2.449804
1.380775  0.620980  2.449804
1.380775  0.620980  2.449804
1.380775  0.620980  2.449804
1.380775  0.620980  2.449804
1.380775  0.620980  2.449804
1.380775  0.620980  2.449804
1.380775  0.620980  2.449804
1.380775  0.620980  2.449804
1.380775  0.620980  2.449804
1.380775  0.620980  2.449804
1.380775  0.620980  2.449804
1.380775  0.620980  2.449804
1.380775  0.620980  2.449804
1.380775  0.620980  2.449804
1.380775  0.620980  2.449804
1.380775  0.620980  2.449804
1.380775  0.620980  2.449804
1.380775  0.620980  2.449804
1.380775  0.620980  2.449804
1.380775  0.620980  2.449804
1.380775  0.620980  2.449804
1.380775  0.620980  2.449804
1.380775  0.620980  2.449804
1.380775  0.620980  2.449804
1.380775  0.620980  2.449804
1.380775  0.620980  2.449804
1.380775  0.620980  2.449804
1.380775  0.620980  2.449804
1.380775  0.620980  2.449804
1.380775  0.620980  2.449804
1.380775  0.620980  2.449804
1.380775  0.620980  2.449804
1.380775  0.620980  2.449804
1.380775  0.620980  2.449804
1.380775  0.620980  2.449804
1.380775  0.620980  2.449804
1.380775  0.620980  2.449804
1.380775  0.620980  2.449804
1.380775  0.620980  2.449804
1.380775  0.620980  2.449804
1.380775  0.620980  2.449804
1.380775  0.620980  2.449804
1.380775  0.620980  2.449804
1.380775  0.620980  2.449804
1.380775  0.620980  2.449804
1.380775  0.620980  2.449804
1.380775  0.620980  2.449804
1.380775  0.620980  2.449804
1.380775  0.620980  2.449804
1.380775  0.620980  2.449804
1.380775  0.620980  2.449804
1.380775  0.620980  2.449804
1.380775  0.620980  2.449804
1.380775  0.620980  2.449804
1.380775  0.620980  2.449804
1.380775  0.620980  2.449804
1.380775  0.620980  2.449804
1.380775  0.620980  2.449804
1.380775  0.620980  2.449804
1.380775  0.620980  2.449804
1.380775  0.620980  2.449804
1.380775  0.620980  2.449804
1.380775  0.620980  2.449804
1.380775  0.620980  2.449804
1.380775  0.620980  2.449804
1.380775  0.620980  2.449804
1.380775  0.620980  2.449804
1.380775  0.620980  2.449804
1.380775  0.620980  2.449804
1.380775  0.620980  2.449804
1.380775  0.620980  2.449804
1.380775  0.620980  2.449804
1.380775  0.620980  2.449804
1.380775  0.620980  2.449804
1.380775  0.620980  2.449804
1.380775  0.620980  2.449804
1.380775  0.620980  2.449804
1.380775  0.620980  2.449804
1.380775  0.620980  2.449804
1.380775  0.620980  2.449804
1.380775  0.620980  2.449804
1.380775  0.620980  2.449804
1.380775  0.620980  2.449804
1.380775  0.620980  2.449804
1.380775  0.620980  2.449804
1.380775  0.620980  2.449804
1.380775  0.620980  2.449804
1.380775  0.620980  2.449804
1.380775  0.620980  2.449804
1.380775  0.620980  2.449804
1.380775  0.620980  2.449804
1.380775  0.620980  2.449804
1.380775  0.620980  2.449804
1.380775  0.620980  2.449804
1.380775  0.620980  2.449804
1.380775  0.620980  2.449804
1.380775  0.620980  2.449804
1.380775  0.620980  2.449804
1.380775  0.620980  2.449804
1.380775  0.620980  2.449804
1.380775  0.620980  2.449804
1.380775  0.620980  2.449804
1.380775  0.620980  2.449804
1.380775  0.620980  2.449804
1.380775  0.620980  2.449804
1.380775  0.620980  2.449804
1.380775  0.620980  2.449804
1.380775  0.620980  2.449804
1.380775  0.620980  2.449804
1.380775  0.620980  2.449804
1.380775  0.620980  2.449804
1.380775  0.620980  2.449804
1.380775  0.620980  2.449804
1.380775  0.620980  2.449804
1.380775  0.620980  2.449804
1.380775  0.620980  2.449804
1.380775  0.620980  2.449804
1.380775  0.620980  2.449804
1.380775  0.620980  2.449804
1.380775  0.620980  2.449804
1.380775  0.620980  2.449804
1.380775  0.620980  2.449804
1.380775  0.620980  2.449804
1.380775  0.620980  2.449804
1.380775  0.620980  2.449804
1.380775  0.620980  2.449804
1.380775  0.620980  2.449804
1.380775  0.620980  2.449804
1.380775  0.620980  2.449804
1.380775  0.620980  2.449804
1.380775  0.620980  2.449804
1.380775  0.620980  2.449804
1.380775  0.620980  2.449804
1.380775  0.620980  2.449804
1.380775  0.620980  2.449804
1.380775  0.620980  2.449804
1.380775  0.620980  2.449804
1.380775  0.620980  2.449804
1.380775  0.620980  2.449804
1.380775  0.620980  2.449804
1.380775  0.620980  2.449804
1.380775  0.620980  2.449804
1.380775  0.620980  2.449804
1.380775  0.620980  2.449804
1.380775  0.620980  2.449804
1.380775  0.620980  2.449804
1.380775  0.620980  2.449804
1.380775  0.620980  2.449804
1.380775  0.620980  2.449804
1.380775  0.620980  2.449804
1.380775  0.620980  2.449804
1.380775  0.620980  2.449804
1.380775  0.620980  2.449804
1.380775  0.620980  2.449804
1.380775  0.620980  2.449804
1.380775  0.620980  2.449804
1.380775  0.620980  2.449804
1.380775  0.620980  2.449804
1.380775  0.620980  2.449804
1.380775  0.620980  2.449804
1.380775  0.620980  2.449804
1.380775  0.620980  2.449804
1.380775  0.620980  2.449804
1.380775  0.620980  2.449804
1.380775  0.620980  2.449804
1.380775  0.620980  2.449804
1.380775  0.620980  2.449804
1.380775  0.620980  2.449804
1.380775  0.620980  2.449804
1.380775  0.620980  2.449804
1.380775  0.620980  2.449804
1.380775  0.620980  2.449804
1.380775  0.620980  2.449804
1.380775  0.620980  2.449804
1.380775  0.620980  2.449804
1.380775  0.620980  2.449804
1.380775  0.620980  2.449804
1.380775  0.620980  2.449804
1.380775  0.620980  2.449804
1.380775  0.620980  2.449804
1.380775  0.620980  2.449804
1.380775  0.620980  2.449804
1.380775  0.620980  2.449804
1.380775  0.620980  2.449804
1.380775  0.620980  2.449804
1.380775  0.620980  2.449804
1.380775  0.620980  2.449804
1.380775  0.620980  2.449804
1.380775  0.620980  2.449804
1.380775  0.620980  2.449804
1.380775  0.620980  2.449804
1.380775  0.620980  2.449804
1.380775  0.620980  2.449804
1.380775  0.620980  2.449804
1.380775  0.620980  2.449804
1.380775  0.620980  2.449804
1.380775  0.620980  2.449804
1.380775  0.620980  2.449804
1.380775  0.620980  2.449804
1.380775  0.620980  2.449804
1.380775  0.620980  2.449804
1.380775  0.620980  2.449804
1.380775  0.620980  2.449804
1.380775  0.620980  2.449804
1.380775  0.620980  2.449804
1.380775  0.620980  2.449804
1.380775  0.620980  2.449804
1.380775  0.620980  2.449804
1.380775  0.620980  2.449804
1.380775  0.620980  2.449804
1.380775  0.620980  2.449804
1.380775  0.620980  2.449804
1.380775  0.620980  2.449804
1.380775  0.620980  2.449804
1.380775  0.620980  2.449804
1.380775  0.620980  2.449804
1.380775  0.620980  2.449804
1.380775  0.620980  2.449804
1.380775  0.620980  2.449804
1.380775  0.620980  2.449804
1.380775  0.620980  2.449804
1.380775  0.620980  2.449804
1.380775  0.620980  2.449804
1.380775  0.620980  2.449804
1.380775  0.620980  2.449804
1.380775  0.620980  2.449804
1.380775  0.620980  2.449804
1.380775  0.620980  2.449804
1.380775  0.620980  2.449804
1.380775  0.620980  2.449804
1.380775  0.620980  2.449804
1.380775  0.620980  2.449804
1.380775  0.620980  2.449804
1.380775  0.620980  2.449804
1.380775  0.620980  2.449804
1.380775  0.620980  2.449804
1.380775  0.620980  2.449804
1.380775  0.620980  2.449804
1.380775  0.620980  2.449804
1.380775  0.620980  2.449804
1.380775  0.620980  2.449804
1.380775  0.620980  2.449804
1.380775  0.620980  2.449804
1.380775  0.620980  2.449804
1.380775  0.620980  2.449804
1.380775  0.620980  2.449804
1.380775  0.620980  2.449804
1.380775  0.620980  2.449804
1.380775  0.620980  2.449804
1.380775  0.620980  2.449804
1.380775  0.620980  2.449804
1.380775  0.620980  2.449804
1.380775  0.620980  2.449804
1.380775  0.620980  2.449804
1.380775  0.620980  2.449804
1.380775  0.620980  2.449804
1.380775  0.620980  2.449804
1.380775  0.620980  2.449804
1.380775  0.620980  2.449804
1.380775  0.620980  2.449804
1.380775  0.620980  2.449804
1.380775  0.620980  2.449804
1.380775  0.620980  2.449804
1.380775  0.620980  2.449804
1.380775  0.620980  2.449804
1.380775  0.620980  2.449804
1.380775  0.620980  2.449804
1.380775  0.620980  2.449804
1.380775  0.620980  2.449804
1.380775  0.620980  2.449804
1.380775  0.620980  2.449804
1.380775  0.620980  2.449804
1.380775  0.620980  2.449804
1.380775  0.620980  2.449804
1.380775  0.620980  2.449804
1.380775  0.620980  2.449804
1.380775  0.620980  2.449804
1.380775  0.620980  2.449804
1.380775  0.620980  2.449804
1.380775  0.620980  2.449804
1.380775  0.620980  2.449804
1.380775  0.620980  2.449804
1.380775  0.620980  2.449804
1.380775  0.620980  2.449804
1.380775  0.620980  2.449804
1.380775  0.620980  2.449804
1.380775  0.620980  2.449804
1.380775  0.620980  2.449804
1.380775  0.620980  2.449804
1.380775  0.620980  2.449804
1.380775  0.620980  2.449804
1.380775  0.620980  2.449804
1.380775  0.620980  2.449804
1.380775  0.620980  2.449804
1.380775  0.620980  2.449804
1.380775  0.620980  2.449804
1.380775  0.620980  2.449804
1.380775  0.620980  2.449804
1.380775  0.620980  2.449804
1.380775  0.620980  2.449804
1.380775  0.620980  2.449804
1.380775  0.620980  2.449804
1.380775  0.620980  2.449804
1.380775  0.620980  2.449804
1.380775  0.620980  2.449804
1.380775  0.620980  2.449804
1.380775  0.620980  2.449804
1.380775  0.620980  2.449804
1.380775  0.620980  2.449804
1.380775  0.620980  2.449804
1.380775  0.620980  2.449804
1.380775  0.620980  2.449804
1.380775  0.620980  2.449804
1.380775  0.620980  2.449804
1.380775  0.620980  2.449804
1.380775  0.620980  2.449804
1.380775  0.620980  2.449804
1.380775  0.620980  2.449804
1.380775  0.620980  2.449804
1.380775  0.620980  2.449804
1.380775  0.620980  2.449804
1.380775  0.620980  2.449804
1.380775  0.620980  2.449804
1.380775  0.620980  2.449804
1.380775  0.620980  2.449804
1.380775  0.620980  2.449804
1.380775  0.620980  2.449804
1.380775  0.620980  2.449804
1.380775  0.620980  2.449804
1.380775  0.620980  2.449804
1.380775  0.620980  2.449804
1.380775  0.620980  2.449804
1.380775  0.620980  2.449804
1.380775  0.620980  2.449804
1.380775  0.620980  2.449804
1.380775  0.620980  2.449804
1.380775  0.620980  2.449804
1.380775  0.620980  2.449804
1.380775  0.620980  2.449804
1.380775  0.620980  2.449804
1.380775  0.620980  2.449804
1.380775  0.620980  2.449804
1.380775  0.620980  2.449804
1.380775  0.620980  2.449804
1.380775  0.620980  2.449804
1.380775  0.620980  2.449804
1.380775  0.620980  2.449804
1.380775  0.620980  2.449804
1.380775  0.620980  2.449804
1.380775  0.620980  2.449804
1.380775  0.620980  2.449804
1.380775  0.620980  2.449804
1.380775  0.620980  2.449804
1.380775  0.620980  2.449804
1.380775  0.620980  2.449804
1.380775  0.620980  2.449804
1.380775  0.620980  2.449804
1.380775  0.620980  2.449804
1.380775  0.620980  2.449804
1.380775  0.620980  2.449804
1.380775  0.620980  2.449804
1.380775  0.620980  2.449804
1.380775  0.620980  2.449804
1.380775  0.620980  2.449804
1.380775  0.620980  2.449804
1.380775  0.620980  2.449804
1.380775  0.620980  2.449804
1.380775  0.620980  2.449804
1.380775  0.620980  2.449804
1.380775  0.620980  2.449804
1.380775  0.620980  2.449804
1.380775  0.620980  2.449804
1.380775  0.620980  2.449804
1.380775  0.620980  2.449804
1.380775  0.620980  2.449804
1.380775  0.620980  2.449804
1.380775  0.620980  2.449804
1.380775  0.620980  2.449804
1.380775  0.620980  2.449804
1.380775  0.620980  2.449804
1.380775  0.620980  2.449804
1.380775  0.620980  2.449804
1.380775  0.620980  2.449804
1.380775  0.620980  2.449804
1.380775  0.620980  2.449804
1.380775  0.620980  2.449804
1.380775  0.620980  2.449804
1.380775  0.620980  2.449804
1.380775  0.620980  2.449804
1.380775  0.620980  2.449804
1.380775  0.620980  2.449804
1.380775  0.620980  2.449804
1.380775  0.620980  2.449804
1.380775  0.620980  2.449804
1.380775  0.620980  2.449804
1.380775  0.620980  2.449804
1.380775  0.620980  2.449804
1.380775  0.620980  2.449804
1.380775  0.620980  2.449804
1.380775  0.620980  2.449804
1.380775  0.620980  2.449804
1.380775  0.620980  2.449804
1.380775  0.620980  2.449804
1.380775  0.620980  2.449804
1.380775  0.620980  2.449804
1.380775  0.620980  2.449804
1.380775  0.620980  2.449804
1.380775  0.620980  2.449804
1.380775  0.620980  2.449804
1.380775  0.620980  2.449804
1.380775  0.620980  2.449804
1.380775  0.620980  2.449804
1.380775  0.620980  2.449804
1.380775  0.620980  2.449804
1.380775  0.620980  2.449804
1.380775  0.620980  2.449804
1.380775  0.620980  2.449804
1.380775  0.620980  2.449804
1.380775  0.620980  2.449804
1.380775  0.620980  2.449804
1.380775  0.620980  2.449804
1.380775  0.620980  2.449804
1.380775  0.620980  2.449804
1.380775  0.620980  2.449804
1.380775  0.620980  2.449804
1.380775  0.620980  2.449804
1.380775  0.620980  2.449804
1.380775  0.620980  2.449804
1.380775  0.620980  2.449804
1.380775  0.620980  2.449804
1.380775  0.620980  2.449804
1.380775  0.620980  2.449804
1.380775  0.620980  2.449804
1.380775  0.620980  2.449804
1.380775  0.620980  2.449804
1.380775  0.620980  2.449804
1.380775  0.620980  2.449804
1.380775  0.620980  2.449804
1.380775  0.620980  2.449804
1.380775  0.620980  2.449804
1.380775  0.620980  2.449804
1.380775  0.620980  2.449804
1.380775  0.620980  2.449804
1.380775  0.620980  2.449804
1.380775  0.620980  2.449804
1.380775  0.620980  2.449804
1.380775  0.620980  2.449804
1.380775  0.620980  2.449804
1.380775  0.620980  2.449804
1.380775  0.620980  2.449804
1.380775  0.620980  2.449804
1.380775  0.620980  2.449804
1.380775  0.620980  2.449804
1.380775  0.620980  2.449804
1.380775  0.620980  2.449804
1.380775  0.620980  2.449804
1.380775  0.620980  2.449804
1.380775  0.620980  2.449804
1.380775  0.620980  2.449804
1.380775  0.620980  2.449804
1.380775  0.620980  2.449804
1.380775  0.620980  2.449804
1.380775  0.620980  2.449804
1.380775  0.620980  2.449804
1.380775  0.620980  2.449804
1.380775  0.620980  2.449804
1.380775  0.620980  2.449804
1.380775  0.620980  2.449804
1.380775  0.620980  2.449804
1.380775  0.620980  2.449804
1.380775  0.620980  2.449804
1.380775  0.620980  2.449804
1.380775  0.620980  2.449804
1.380775  0.620980  2.449804
1.380775  0.620980  2.449804
1.380775  0.620980  2.449804
1.380775  0.620980  2.449804
1.380775  0.620980  2.449804
1.380775  0.620980  2.449804
1.380775  0.620980  2.449804
1.380775  0.620980  2.449804
1.380775  0.620980  2.449804
1.380775  0.620980  2.449804
1.380775  0.620980  2.449804
1.380775  0.620980  2.449804
1.380775  0.620980  2.449804
1.380775  0.620980  2.449804
1.380775  0.620980  2.449804
1.380775  0.620980  2.449804
1.380775  0.620980  2.449804
1.380775  0.620980  2.449804
1.380775  0.620980  2.449804
1.380775  0.620980  2.449804
1.380775  0.620980  2.449804
1.380775  0.620980  2.449804
