0.000104  0.000519  0.001348
0.002249  0.003361  0.004472
0.005928  0.007112  0.008303
0.009555  0.010783  0.012014
0.011928  0.013057  0.014193
0.017119  0.018417  0.019719
0.020937  0.022255  0.023576
0.024979  0.026323  0.027668
0.029328  0.030707  0.032089
0.030276  0.031542  0.032811
0.037600  0.039024  0.040448
0.041870  0.043311  0.044753
0.042232  0.043566  0.044901
0.050623  0.052105  0.053588
0.055464  0.056974  0.058483
0.055551  0.056962  0.058374
0.066425  0.068012  0.069598
0.063904  0.065340  0.066777
0.068314  0.069769  0.071225
0.080084  0.081706  0.083326
0.084924  0.086556  0.088185
0.081876  0.083372  0.084867
0.092952  0.094578  0.096203
0.087884  0.089354  0.090824
0.101529  0.103164  0.104796
0.105970  0.107607  0.109241
0.104024  0.105567  0.107108
0.121827  0.123572  0.125313
0.114533  0.116110  0.117686
0.119427  0.121018  0.122607
0.137135  0.138902  0.140665
0.128236  0.129831  0.131423
0.146212  0.147975  0.149733
0.137577  0.139181  0.140783
0.159708  0.161518  0.163323
0.147400  0.149016  0.150629
0.152693  0.154321  0.155946
0.176312  0.178143  0.179969
0.161375  0.163001  0.164623
0.167992  0.169642  0.171287
0.191902  0.193739  0.195569
0.177451  0.179101  0.180747
0.196061  0.197839  0.199613
0.181799  0.183408  0.185013
0.202493  0.204246  0.205993
0.215209  0.217024  0.218832
0.200579  0.202227  0.203870
0.228046  0.229879  0.231704
0.210556  0.212205  0.213850
0.239925  0.241766  0.243598
0.220313  0.221962  0.223604
0.252205  0.254051  0.255891
0.230386  0.232031  0.233671
0.258189  0.259998  0.261799
0.233253  0.234848  0.236440
0.262630  0.264396  0.266154
0.270409  0.272186  0.273955
0.249923  0.251532  0.253135
0.275616  0.277359  0.279093
0.293169  0.294981  0.296784
0.270676  0.272313  0.273943
0.299512  0.301290  0.303059
0.276230  0.277834  0.279433
0.306882  0.308636  0.310380
0.315040  0.316804  0.318561
0.288797  0.290382  0.291958
0.318717  0.320436  0.322148
0.322113  0.323819  0.325516
0.328564  0.330271  0.331969
0.336726  0.338439  0.340142
0.309418  0.310960  0.312496
0.343219  0.344905  0.346583
0.348854  0.350537  0.352212
0.356193  0.357878  0.359555
0.337940  0.339509  0.341071
0.379628  0.381365  0.383090
0.347876  0.349434  0.350985
0.390783  0.392505  0.394217
0.355791  0.357329  0.358858
0.402188  0.403897  0.405598
0.356407  0.357897  0.359376
0.392134  0.393751  0.395355
0.401554  0.403174  0.404786
0.407843  0.409461  0.411071
0.372507  0.373959  0.375398
0.417398  0.418997  0.420585
0.422164  0.423752  0.425334
0.422690  0.424252  0.425805
0.402382  0.403843  0.405292
0.447394  0.448999  0.450591
0.405444  0.406870  0.408288
0.454851  0.456428  0.457995
0.453795  0.455337  0.456870
0.410559  0.411932  0.413299
0.454899  0.456403  0.457897
0.460925  0.462426  0.463917
0.468484  0.469981  0.471465
0.427888  0.429230  0.430567
0.478917  0.480407  0.481886
0.485689  0.487171  0.488635
0.455791  0.457152  0.458511
0.511811  0.513324  0.514821
0.458398  0.459726  0.461048
0.461389  0.462714  0.464030
0.515341  0.516802  0.518247
0.472406  0.473714  0.475014
0.506226  0.507610  0.508985
0.509255  0.510630  0.511987
0.520614  0.521993  0.523365
0.529561  0.530946  0.532319
0.480192  0.481422  0.482643
0.527307  0.528642  0.529964
0.555597  0.556983  0.558359
0.507760  0.509003  0.510234
0.506027  0.507245  0.508457
0.569676  0.571037  0.572379
0.513581  0.514780  0.515973
0.544679  0.545936  0.547186
0.557472  0.558740  0.559990
0.512902  0.514047  0.515180
0.563873  0.565124  0.566368
0.564533  0.565764  0.566980
0.570720  0.571944  0.573160
0.580263  0.581488  0.582698
0.523648  0.524730  0.525806
0.574170  0.575352  0.576519
0.603849  0.605066  0.606270
0.550200  0.551293  0.552387
0.610781  0.611975  0.613150
0.555505  0.556570  0.557627
0.626583  0.627771  0.628947
0.566394  0.567448  0.568488
0.624152  0.625297  0.626437
0.564960  0.565986  0.567006
0.612260  0.613363  0.614447
0.621101  0.622195  0.623284
0.629163  0.630254  0.631338
0.562149  0.563112  0.564059
0.628644  0.629704  0.630755
0.641773  0.642843  0.643901
0.584151  0.585106  0.586051
0.649904  0.650968  0.652013
0.658097  0.659147  0.660184
0.593429  0.594361  0.595286
0.643818  0.644812  0.645790
0.636886  0.637855  0.638824
0.648397  0.649373  0.650334
0.595386  0.596262  0.597129
0.649366  0.650317  0.651250
0.643765  0.644692  0.645619
0.664885  0.665832  0.666760
0.682468  0.683411  0.684354
0.623999  0.624858  0.625705
0.631447  0.632306  0.633143
0.669888  0.670784  0.671674
0.668818  0.669709  0.670588
0.668976  0.669846  0.670698
0.674454  0.675316  0.676177
0.677414  0.678264  0.679102
0.678212  0.679042  0.679854
0.682215  0.683047  0.683866
0.693287  0.694117  0.694935
0.630839  0.631575  0.632305
0.698642  0.699448  0.700254
0.695231  0.696037  0.696824
0.660351  0.661102  0.661835
0.723486  0.724300  0.725107
0.662895  0.663627  0.664341
0.727679  0.728461  0.729236
0.724851  0.725621  0.726378
0.649827  0.650509  0.651192
0.718907  0.719659  0.720406
0.713937  0.714682  0.715421
0.656889  0.657578  0.658244
0.720554  0.721289  0.722012
0.716865  0.717564  0.718263
0.736428  0.737162  0.737860
0.678625  0.679260  0.679907
0.739858  0.740580  0.741289
0.750780  0.751491  0.752190
0.674138  0.674747  0.675350
0.747887  0.748566  0.749234
0.754283  0.754960  0.755625
0.674722  0.675304  0.675865
0.743654  0.744282  0.744916
0.742628  0.743248  0.743855
0.760734  0.761386  0.762037
0.684180  0.684753  0.685287
0.759455  0.760059  0.760687
0.688185  0.688754  0.689305
0.761906  0.762522  0.763118
0.778130  0.778738  0.779321
0.706472  0.706994  0.707511
0.785534  0.786101  0.786668
0.712611  0.713141  0.713649
0.799594  0.800162  0.800730
0.716535  0.717021  0.717489
0.716469  0.716959  0.717454
0.793308  0.793862  0.794384
0.714303  0.714779  0.715243
0.786869  0.787386  0.787902
0.768720  0.769217  0.769714
0.703955  0.704426  0.704875
0.778423  0.778925  0.779402
0.785600  0.786080  0.786561
0.726170  0.726602  0.727034
0.811751  0.812240  0.812722
0.726565  0.727002  0.727421
0.808739  0.809211  0.809671
0.732765  0.733198  0.733625
0.809573  0.810050  0.810521
0.734492  0.734925  0.735334
0.812487  0.812933  0.813379
0.734288  0.734691  0.735076
0.810872  0.811316  0.811753
0.714991  0.715370  0.715739
0.791915  0.792323  0.792718
0.804392  0.804805  0.805224
0.833389  0.833810  0.834218
0.750316  0.750671  0.750993
0.735879  0.736227  0.736575
0.789803  0.790176  0.790525
0.796243  0.796607  0.796983
0.798121  0.798497  0.798849
0.799556  0.799908  0.800272
0.726545  0.726854  0.727152
0.802565  0.802918  0.803258
0.795904  0.796241  0.796566
0.803884  0.804236  0.804576
0.812986  0.813305  0.813624
0.821513  0.821860  0.822182
0.733052  0.733350  0.733636
0.833822  0.834148  0.834449
0.762399  0.762674  0.762960
0.835422  0.835748  0.836061
0.755661  0.755944  0.756216
0.812503  0.812795  0.813087
0.810564  0.810891  0.811182
0.823581  0.823864  0.824159
0.738293  0.738535  0.738766
0.816939  0.817219  0.817475
0.813058  0.813325  0.813591
0.815172  0.815426  0.815681
0.833313  0.833573  0.833820
0.749321  0.749566  0.749800
0.820005  0.820272  0.820528
0.851926  0.852179  0.852418
0.773272  0.773489  0.773706
0.754548  0.754760  0.754961
0.829973  0.830206  0.830439
0.829780  0.830013  0.830221
0.829905  0.830138  0.830358
0.754147  0.754347  0.754536
0.827773  0.827981  0.828176
0.817644  0.817824  0.817981
0.825786  0.825968  0.826150
0.820512  0.820681  0.820850
0.840802  0.841024  0.841234
0.759589  0.759789  0.759990
0.840558  0.840780  0.840989
0.761563  0.761730  0.761887
0.836576  0.836748  0.836895
0.834906  0.835077  0.835248
0.825935  0.826128  0.826310
0.823748  0.823929  0.824122
0.837944  0.838103  0.838262
0.752318  0.752482  0.752614
0.826014  0.826194  0.826375
0.833256  0.833439  0.833584
0.827696  0.827817  0.827938
0.776734  0.776881  0.777006
0.868037  0.868189  0.868341
0.850278  0.850377  0.850489
0.773142  0.773266  0.773367
0.856908  0.857057  0.857207
0.776141  0.776265  0.776378
0.845635  0.845758  0.845893
0.829552  0.829684  0.829769
0.834039  0.834136  0.834257
0.758905  0.759004  0.759071
0.836369  0.836478  0.836600
0.846601  0.846761  0.846871
0.847543  0.847641  0.847740
0.853340  0.853414  0.853513
0.778461  0.778563  0.778630
0.874816  0.874905  0.875006
0.787159  0.787239  0.787296
0.780794  0.780907  0.781009
0.841161  0.841246  0.841343
0.846949  0.847034  0.847095
0.838449  0.838546  0.838619
0.840855  0.840904  0.840976
0.841695  0.841780  0.841829
0.766578  0.766611  0.766667
0.839241  0.839338  0.839386
0.832933  0.832981  0.833029
0.869861  0.869936  0.869999
0.786006  0.786074  0.786165
0.878722  0.878849  0.878925
0.772848  0.772892  0.772948
0.855807  0.855894  0.855968
0.853494  0.853556  0.853605
0.766478  0.766522  0.766566
0.833730  0.833814  0.833886
0.846115  0.846176  0.846237
0.844652  0.844701  0.844749
0.856717  0.856766  0.856778
0.779742  0.779787  0.779832
0.869310  0.869335  0.869372
0.790281  0.790338  0.790383
0.886451  0.886515  0.886566
0.795216  0.795250  0.795273
0.791721  0.791778  0.791835
0.869371  0.869446  0.869496
0.787437  0.787483  0.787505
0.843064  0.843100  0.843161
0.849528  0.849613  0.849650
0.847130  0.847154  0.847166
0.864212  0.864237  0.864249
0.834328  0.834328  0.834340
0.789892  0.789903  0.789937
0.792583  0.792617  0.792606
0.874049  0.874087  0.874125
0.776675  0.776709  0.776731
0.855927  0.855927  0.855914
0.864315  0.864340  0.864377
0.876191  0.876254  0.876305
0.769080  0.769080  0.769080
0.849595  0.849632  0.849632
0.845574  0.845562  0.845562
0.858887  0.858875  0.858850
0.773558  0.773580  0.773602
0.852916  0.852916  0.852904
0.852711  0.852760  0.852797
0.774004  0.773993  0.773993
0.871630  0.871668  0.871655
0.796980  0.796957  0.796934
0.854652  0.854689  0.854701
0.871814  0.871789  0.871789
0.786157  0.786191  0.786202
0.848881  0.848881  0.848857
0.842684  0.842708  0.842732
0.842634  0.842610  0.842586
0.767902  0.767924  0.767902
0.858822  0.858772  0.858772
0.848733  0.848757  0.848757
0.857080  0.857080  0.857055
0.783464  0.783441  0.783419
0.855058  0.855082  0.855107
0.892296  0.892296  0.892296
0.805499  0.805499  0.805499
0.772702  0.772702  0.772658
0.866798  0.866798  0.866773
0.875920  0.875870  0.875845
0.772838  0.772816  0.772794
0.850699  0.850724  0.850724
0.840954  0.840929  0.840954
0.839398  0.839398  0.839350
0.847737  0.847712  0.847712
0.770835  0.770835  0.770791
0.846788  0.846763  0.846715
0.870842  0.870842  0.870817
0.795948  0.795902  0.795879
0.879423  0.879449  0.879449
0.793546  0.793523  0.793477
0.802224  0.802201  0.802155
0.880171  0.880044  0.879943
0.792209  0.792027  0.791777
0.872292  0.871991  0.871640
0.849560  0.849193  0.848851
0.767767  0.767369  0.766948
0.836125  0.835618  0.835063
0.844388  0.843777  0.843143
0.857608  0.856937  0.856241
0.780752  0.780026  0.779300
0.871584  0.870695  0.869781
0.762487  0.761730  0.760927
0.835751  0.834771  0.833815
0.851342  0.850314  0.849262
0.753248  0.752247  0.751224
0.828929  0.827798  0.826594
0.815570  0.814379  0.813214
0.743197  0.742063  0.740907
0.813899  0.812602  0.811282
0.815261  0.813907  0.812503
0.823312  0.821862  0.820438
0.732471  0.731152  0.729788
0.816301  0.814823  0.813295
0.741772  0.740307  0.738842
0.729506  0.728012  0.726540
0.805991  0.804355  0.802668
0.726030  0.724501  0.722950
0.788522  0.786751  0.785005
0.758472  0.756733  0.754994
0.752782  0.751044  0.749258
0.756461  0.754653  0.752846
0.678975  0.677275  0.675552
0.741476  0.739581  0.737685
0.737456  0.735556  0.733632
0.741845  0.739844  0.737869
0.661509  0.659733  0.657957
0.722979  0.720998  0.718992
0.720554  0.718563  0.716547
0.646481  0.644635  0.642767
0.707235  0.705149  0.703063
0.691782  0.689699  0.687689
0.693033  0.691025  0.688944
0.683641  0.681546  0.679426
0.609659  0.607729  0.605843
0.657631  0.655529  0.653379
0.660707  0.658550  0.656418
0.654952  0.652818  0.650684
0.644579  0.642458  0.640312
0.671078  0.668796  0.666515
0.594141  0.592078  0.590037
0.588561  0.586450  0.584271
0.653019  0.650549  0.648053
0.576761  0.574646  0.572530
0.612762  0.610391  0.608045
0.608216  0.605933  0.603651
0.545301  0.543187  0.541073
0.594045  0.591740  0.589385
0.589658  0.587244  0.584879
0.588019  0.585681  0.583319
0.520056  0.517919  0.515804
0.578313  0.575982  0.573677
0.520551  0.518404  0.516189
0.576392  0.573934  0.571553
0.505182  0.503068  0.500932
0.495429  0.493262  0.491118
0.524960  0.522731  0.520428
0.517951  0.515602  0.513276
0.514527  0.512234  0.510014
0.506966  0.504725  0.502411
0.459240  0.457160  0.455080
0.496458  0.494204  0.491973
0.485494  0.483209  0.480925
0.491540  0.489170  0.486824
0.438267  0.436168  0.434092
0.435070  0.432979  0.430819
0.479945  0.477553  0.475211
0.423627  0.421529  0.419431
0.460385  0.458071  0.455782
0.408298  0.406237  0.404131
0.437833  0.435589  0.433320
0.426116  0.423923  0.421753
0.415825  0.413699  0.411549
0.372671  0.370648  0.368647
0.400615  0.398477  0.396362
0.402719  0.400584  0.398498
0.403271  0.401124  0.398926
0.362142  0.360182  0.358268
0.392730  0.390594  0.388434
0.345884  0.344017  0.342105
0.370233  0.368078  0.366022
0.363061  0.360937  0.358812
0.322957  0.321121  0.319242
0.346798  0.344744  0.342691
0.342491  0.340499  0.338531
0.338637  0.336608  0.334580
0.333595  0.331584  0.329549
0.297973  0.296167  0.294427
0.322465  0.320598  0.318730
0.320620  0.318680  0.316691
0.288518  0.286672  0.284871
0.314396  0.312472  0.310522
0.270686  0.268954  0.267288
0.297173  0.295360  0.293546
0.262638  0.260982  0.259305
0.283004  0.281211  0.279393
0.271964  0.270182  0.268498
0.265083  0.263361  0.261566
0.262254  0.260443  0.258632
0.257517  0.255774  0.254031
0.250818  0.249110  0.247425
0.250104  0.248365  0.246626
0.220719  0.219218  0.217695
0.234739  0.233061  0.231431
0.239305  0.237583  0.235861
0.210421  0.208941  0.207460
0.226585  0.224932  0.223253
0.221199  0.219573  0.217923
0.196329  0.194809  0.193333
0.212368  0.210759  0.209250
0.206437  0.204887  0.203263
0.180704  0.179316  0.177950
0.194977  0.193444  0.191935
0.190164  0.188608  0.187076
0.187563  0.186114  0.184640
0.184926  0.183488  0.182075
0.164110  0.162826  0.161520
0.182163  0.180703  0.179320
0.156684  0.155489  0.154249
0.154333  0.153104  0.151830
0.166633  0.165224  0.163865
0.146061  0.144816  0.143572
0.156547  0.155178  0.153835
0.150817  0.149488  0.148159
0.131834  0.130685  0.129536
0.140777  0.139590  0.138379
0.137405  0.136143  0.134954
0.133087  0.131880  0.130697
0.131009  0.129861  0.128689
0.127351  0.126204  0.125058
0.111712  0.110657  0.109579
0.121393  0.120163  0.118958
0.120163  0.119008  0.117854
0.106566  0.105466  0.104389
0.114592  0.113447  0.112354
0.099645  0.098620  0.097573
0.104583  0.103498  0.102414
0.090861  0.089887  0.088848
0.096633  0.095538  0.094516
0.093399  0.092427  0.091382
0.090592  0.089593  0.088643
0.079589  0.078727  0.077864
0.085875  0.084814  0.083802
0.082350  0.081418  0.080437
0.080542  0.079522  0.078552
0.070740  0.069810  0.068925
0.068945  0.068141  0.067336
0.072516  0.071640  0.070738
0.062353  0.061571  0.060744
0.066853  0.065955  0.065133
0.064988  0.064105  0.063198
0.055604  0.054862  0.054142
0.058768  0.058001  0.057234
0.051025  0.050287  0.049594
0.053428  0.052670  0.051888
0.050247  0.049527  0.048831
0.049161  0.048450  0.047665
0.047619  0.046847  0.046076
0.040573  0.039882  0.039236
0.041829  0.041152  0.040427
0.039833  0.039081  0.038402
0.038274  0.037560  0.036796
0.032259  0.031598  0.030937
0.033066  0.032368  0.031743
0.031242  0.030639  0.030011
0.029677  0.029044  0.028484
0.028454  0.027882  0.027235
0.023698  0.023167  0.022658
0.024500  0.023888  0.023301
0.022668  0.022056  0.021420
0.018909  0.018375  0.017775
0.019432  0.018804  0.018252
0.015973  0.015497  0.015021
0.015888  0.015318  0.014724
0.014513  0.013927  0.013444
0.011697  0.011261  0.010755
0.010133  0.009659  0.009230
0.009269  0.008741  0.008212
0.007730  0.007223  0.006715
0.006305  0.005792  0.005230
0.004722  0.004333  0.003944
0.003219  0.002800  0.002381
0.002197  0.001782  0.001416
0.000995  0.000534  0.000097
-0.000342  -0.000783  -0.001223
-0.001654  -0.002030  -0.002406
-0.002566  -0.002887  -0.003208
-0.003500  -0.003841  -0.004205
-0.005020  -0.005397  -0.005698
-0.005506  -0.005756  -0.006075
-0.007033  -0.007362  -0.007691
-0.007697  -0.008015  -0.008283
-0.007776  -0.008062  -0.008371
-0.009528  -0.009843  -0.010157
-0.010467  -0.010710  -0.010954
-0.011175  -0.011490  -0.011732
-0.012255  -0.012477  -0.012748
-0.011783  -0.011984  -0.012231
-0.013437  -0.013703  -0.013944
-0.014293  -0.014561  -0.014804
-0.013763  -0.013985  -0.014164
-0.015634  -0.015877  -0.016120
-0.016443  -0.016663  -0.016931
-0.017196  -0.017415  -0.017611
-0.018138  -0.018362  -0.018586
-0.016713  -0.016868  -0.017044
-0.018980  -0.019199  -0.019370
-0.019651  -0.019822  -0.020091
-0.018593  -0.018861  -0.019085
-0.020996  -0.021239  -0.021482
-0.021982  -0.022228  -0.022498
-0.023414  -0.023693  -0.023870
-0.021847  -0.022007  -0.022236
-0.022388  -0.022549  -0.022778
-0.024767  -0.025038  -0.025162
-0.025685  -0.025861  -0.026111
-0.023605  -0.023807  -0.023986
-0.026569  -0.026742  -0.026865
-0.024467  -0.024556  -0.024713
-0.027361  -0.027533  -0.027656
-0.027966  -0.028139  -0.028337
-0.025681  -0.025837  -0.025993
-0.029208  -0.029382  -0.029556
-0.030056  -0.030208  -0.030334
-0.027219  -0.027310  -0.027400
-0.030433  -0.030532  -0.030607
-0.028270  -0.028362  -0.028500
-0.028653  -0.028814  -0.028929
-0.031980  -0.032006  -0.032031
-0.029178  -0.029270  -0.029385
-0.032896  -0.033050  -0.033204
-0.029893  -0.029939  -0.029962
-0.029884  -0.029976  -0.030090
-0.032200  -0.032273  -0.032297
-0.032197  -0.032221  -0.032294
-0.029373  -0.029439  -0.029483
-0.032707  -0.032756  -0.032780
-0.032721  -0.032770  -0.032843
-0.033127  -0.033151  -0.033176
-0.033159  -0.033184  -0.033184
-0.030820  -0.030866  -0.030934
-0.030905  -0.030928  -0.030950
-0.033982  -0.033982  -0.033982
-0.033015  -0.033087  -0.033160
-0.033520  -0.033520  -0.033495
-0.029952  -0.029908  -0.029886
-0.033040  -0.033040  -0.033088
-0.032825  -0.032944  -0.032992
-0.033449  -0.033449  -0.033473
-0.033513  -0.033513  -0.033489
-0.033407  -0.033455  -0.033552
-0.034235  -0.034284  -0.034309
-0.030632  -0.030676  -0.030698
-0.034182  -0.034207  -0.034207
-0.035433  -0.035407  -0.035407
-0.031652  -0.031606  -0.031561
-0.035158  -0.035183  -0.035259
-0.031860  -0.031905  -0.031928
-0.031782  -0.031782  -0.031805
-0.035277  -0.035252  -0.035202
-0.031707  -0.031707  -0.031684
-0.035053  -0.035053  -0.035003
-0.034406  -0.034382  -0.034456
-0.031029  -0.031029  -0.031029
-0.034292  -0.034292  -0.034219
-0.033319  -0.033247  -0.033199
-0.034081  -0.033983  -0.033909
-0.031288  -0.031310  -0.031288
-0.035113  -0.035062  -0.035037
-0.031239  -0.031170  -0.031101
-0.030996  -0.031042  -0.031087
-0.033100  -0.033076  -0.033003
-0.033110  -0.033037  -0.032988
-0.032816  -0.032792  -0.032767
-0.033319  -0.033269  -0.033220
-0.030000  -0.029933  -0.029866
-0.032193  -0.032217  -0.032289
-0.032841  -0.032841  -0.032865
-0.030538  -0.030538  -0.030469
-0.033478  -0.033478  -0.033478
-0.029780  -0.029757  -0.029757
-0.032709  -0.032733  -0.032758
-0.032692  -0.032716  -0.032741
-0.032692  -0.032643  -0.032594
-0.033009  -0.033009  -0.033034
-0.029500  -0.029478  -0.029434
-0.032865  -0.032791  -0.032717
-0.032727  -0.032776  -0.032776
-0.029628  -0.029561  -0.029561
-0.032766  -0.032791  -0.032741
-0.030432  -0.030386  -0.030386
-0.033224  -0.033224  -0.033249
-0.030140  -0.030094  -0.030025
-0.033810  -0.033759  -0.033733
-0.029940  -0.029940  -0.029872
-0.032442  -0.032367  -0.032318
-0.028832  -0.028765  -0.028721
-0.031634  -0.031634  -0.031585
-0.031952  -0.031853  -0.031828
-0.028361  -0.028383  -0.028338
-0.031026  -0.030904  -0.030807
-0.030811  -0.030762  -0.030714
-0.030424  -0.030448  -0.030400
-0.027413  -0.027239  -0.027151
-0.031146  -0.031096  -0.031096
-0.028287  -0.028333  -0.028287
-0.030956  -0.030881  -0.030881
-0.028164  -0.028141  -0.028095
-0.030912  -0.030887  -0.030862
-0.027140  -0.027140  -0.027095
-0.029702  -0.029678  -0.029678
-0.029647  -0.029550  -0.029477
-0.029659  -0.029610  -0.029537
-0.029668  -0.029643  -0.029668
-0.026570  -0.026592  -0.026592
-0.029496  -0.029496  -0.029472
-0.027186  -0.027141  -0.027096
-0.029002  -0.028929  -0.028880
-0.029571  -0.029522  -0.029472
-0.026660  -0.026638  -0.026525
-0.029310  -0.029134  -0.029084
-0.028089  -0.028041  -0.027944
-0.025590  -0.025523  -0.025411
-0.027478  -0.027405  -0.027405
-0.027796  -0.027746  -0.027673
-0.027510  -0.027412  -0.027290
-0.024737  -0.024715  -0.024670
-0.027095  -0.027046  -0.027022
-0.026948  -0.026899  -0.026826
-0.026325  -0.026180  -0.026084
-0.024584  -0.024516  -0.024470
-0.027202  -0.027202  -0.027151
-0.024575  -0.024483  -0.024414
-0.026943  -0.026892  -0.026892
-0.024396  -0.024420  -0.024396
-0.024313  -0.024290  -0.024267
-0.027112  -0.027060  -0.027060
-0.024288  -0.024288  -0.024265
-0.023877  -0.023877  -0.023854
-0.026088  -0.026088  -0.026088
-0.026009  -0.026009  -0.026009
-0.023299  -0.023255  -0.023232
-0.025964  -0.025964  -0.025939
-0.023696  -0.023651  -0.023674
-0.026161  -0.026186  -0.026136
-0.023580  -0.023512  -0.023443
-0.025753  -0.025728  -0.025728
-0.023481  -0.023481  -0.023458
-0.024729  -0.024681  -0.024681
-0.024870  -0.024870  -0.024821
-0.025006  -0.024981  -0.024932
-0.022391  -0.022347  -0.022303
-0.024598  -0.024549  -0.024525
-0.024414  -0.024365  -0.024317
-0.024268  -0.024219  -0.024171
-0.024589  -0.024540  -0.024466
-0.021858  -0.021769  -0.021702
-0.024515  -0.024465  -0.024415
-0.021915  -0.021847  -0.021756
-0.023642  -0.023568  -0.023469
-0.021385  -0.021340  -0.021362
-0.022947  -0.022971  -0.022971
-0.023027  -0.023076  -0.023052
-0.022789  -0.022741  -0.022789
-0.022911  -0.022959  -0.022959
-0.023231  -0.023183  -0.023134
-0.023239  -0.023190  -0.023165
-0.020724  -0.020724  -0.020702
-0.022976  -0.022928  -0.022903
-0.022496  -0.022496  -0.022448
-0.022598  -0.022573  -0.022598
-0.023549  -0.023574  -0.023574
-0.021065  -0.020997  -0.020975
-0.022758  -0.022734  -0.022709
-0.020639  -0.020617  -0.020550
-0.022441  -0.022368  -0.022270
-0.022637  -0.022587  -0.022612
-0.020434  -0.020434  -0.020411
-0.022586  -0.022586  -0.022611
-0.022674  -0.022624  -0.022474
-0.020206  -0.020139  -0.020093
-0.021678  -0.021581  -0.021581
-0.019829  -0.019851  -0.019762
-0.022041  -0.021990  -0.022015
-0.019962  -0.019939  -0.019871
-0.021203  -0.021154  -0.021154
-0.021071  -0.021046  -0.021022
-0.020822  -0.020774  -0.020774
-0.020905  -0.020880  -0.020832
-0.018972  -0.018994  -0.018972
-0.020992  -0.020968  -0.020943
-0.020742  -0.020693  -0.020645
-0.020504  -0.020431  -0.020359
-0.020346  -0.020346  -0.020394
-0.020589  -0.020638  -0.020686
-0.019375  -0.019466  -0.019512
-0.021849  -0.021798  -0.021798
-0.019505  -0.019482  -0.019437
-0.019336  -0.019314  -0.019291
-0.021345  -0.021370  -0.021319
-0.019246  -0.019178  -0.019155
-0.021136  -0.021086  -0.021086
-0.020625  -0.020625  -0.020601
-0.018565  -0.018542  -0.018476
-0.020373  -0.020324  -0.020324
-0.020212  -0.020261  -0.020261
-0.018353  -0.018309  -0.018309
-0.020576  -0.020551  -0.020501
-0.020849  -0.020824  -0.020773
-0.018044  -0.017978  -0.017934
-0.019634  -0.019586  -0.019562
-0.019393  -0.019393  -0.019369
-0.019437  -0.019364  -0.019340
-0.017784  -0.017761  -0.017717
-0.019396  -0.019347  -0.019323
-0.019195  -0.019195  -0.019170
-0.019321  -0.019272  -0.019223
-0.019412  -0.019388  -0.019313
-0.017715  -0.017692  -0.017647
-0.017442  -0.017352  -0.017375
-0.019431  -0.019481  -0.019431
-0.017475  -0.017475  -0.017520
-0.019338  -0.019364  -0.019389
-0.017556  -0.017533  -0.017488
-0.019383  -0.019383  -0.019409
-0.017576  -0.017553  -0.017553
-0.019152  -0.019127  -0.019077
-0.017261  -0.017261  -0.017283
-0.018789  -0.018764  -0.018715
-0.018670  -0.018646  -0.018597
-0.018358  -0.018382  -0.018430
-0.016924  -0.016901  -0.016901
-0.018993  -0.019018  -0.019018
-0.017297  -0.017252  -0.017207
-0.018953  -0.018978  -0.019003
-0.018670  -0.018670  -0.018670
-0.016711  -0.016689  -0.016623
-0.018262  -0.018238  -0.018262
-0.018291  -0.018267  -0.018267
-0.018190  -0.018190  -0.018141
-0.018423  -0.018349  -0.018349
-0.016675  -0.016652  -0.016540
-0.018057  -0.018008  -0.018032
-0.018191  -0.018141  -0.018042
-0.016391  -0.016369  -0.016346
-0.016367  -0.016299  -0.016254
-0.017863  -0.017837  -0.017812
-0.016269  -0.016269  -0.016269
-0.017840  -0.017790  -0.017715
-0.015945  -0.015922  -0.015922
-0.017594  -0.017569  -0.017494
-0.015356  -0.015334  -0.015312
-0.016753  -0.016705  -0.016656
-0.016807  -0.016807  -0.016831
-0.016924  -0.016899  -0.016948
-0.017043  -0.017068  -0.017043
-0.015690  -0.015712  -0.015780
-0.015950  -0.015996  -0.016019
-0.017284  -0.017309  -0.017333
-0.017773  -0.017823  -0.017798
-0.015976  -0.015931  -0.015931
-0.017680  -0.017731  -0.017756
-0.015886  -0.015886  -0.015864
-0.017653  -0.017628  -0.017628
-0.015591  -0.015569  -0.015613
-0.017073  -0.017097  -0.017073
-0.017085  -0.017085  -0.017085
-0.017317  -0.017317  -0.017268
-0.015609  -0.015631  -0.015698
-0.018688  -0.018662  -0.018609
-0.015831  -0.015786  -0.015786
-0.017489  -0.017514  -0.017489
-0.015659  -0.015637  -0.015637
-0.017545  -0.017595  -0.017620
-0.015879  -0.015857  -0.015811
-0.016932  -0.016908  -0.016908
-0.016946  -0.016922  -0.016849
-0.017033  -0.016983  -0.016983
-0.015155  -0.015155  -0.015155
-0.016711  -0.016662  -0.016564
-0.016651  -0.016577  -0.016577
-0.016324  -0.016324  -0.016275
-0.015036  -0.014968  -0.014901
-0.016703  -0.016652  -0.016678
-0.015049  -0.015072  -0.015049
-0.016785  -0.016759  -0.016785
-0.014607  -0.014585  -0.014519
-0.015858  -0.015834  -0.015810
-0.015673  -0.015673  -0.015697
-0.015829  -0.015780  -0.015707
-0.015654  -0.015605  -0.015581
-0.015870  -0.015919  -0.015919
-0.014276  -0.014298  -0.014364
-0.015738  -0.015762  -0.015811
-0.016550  -0.016524  -0.016474
-0.014484  -0.014484  -0.014439
-0.015721  -0.015721  -0.015794
-0.015911  -0.015936  -0.015960
-0.015793  -0.015769  -0.015720
-0.015906  -0.015906  -0.015857
-0.014217  -0.014217  -0.014283
-0.015641  -0.015665  -0.015689
-0.016188  -0.016164  -0.016114
-0.016059  -0.016059  -0.016009
-0.015766  -0.015766  -0.015839
-0.014736  -0.014759  -0.014782
-0.016637  -0.016612  -0.016561
-0.014966  -0.014966  -0.014920
-0.014723  -0.014723  -0.014791
-0.015775  -0.015799  -0.015824
-0.015906  -0.015882  -0.015833
-0.015768  -0.015744  -0.015672
-0.015901  -0.015901  -0.015975
-0.014368  -0.014391  -0.014324
-0.015705  -0.015631  -0.015534
-0.015392  -0.015295  -0.015271
-0.015438  -0.015388  -0.015339
-0.013801  -0.013801  -0.013801
-0.015210  -0.015234  -0.015283
-0.014935  -0.014935  -0.014864
-0.015435  -0.015361  -0.015336
-0.014040  -0.013995  -0.013949
-0.015470  -0.015419  -0.015368
-0.013481  -0.013437  -0.013369
-0.014712  -0.014687  -0.014663
-0.013249  -0.013204  -0.013182
-0.014482  -0.014457  -0.014433
-0.014442  -0.014417  -0.014343
-0.012891  -0.012847  -0.012824
-0.013966  -0.013942  -0.013942
-0.014003  -0.013954  -0.013905
-0.013841  -0.013841  -0.013817
-0.013788  -0.013715  -0.013642
-0.012339  -0.012273  -0.012228
-0.013664  -0.013589  -0.013539
-0.013409  -0.013359  -0.013260
-0.012018  -0.011950  -0.011905
-0.013238  -0.013263  -0.013263
-0.012054  -0.012031  -0.012031
-0.013462  -0.013385  -0.013308
-0.011370  -0.011304  -0.011304
-0.012482  -0.012482  -0.012458
-0.012439  -0.012487  -0.012536
-0.012650  -0.012698  -0.012698
-0.011529  -0.011529  -0.011551
-0.012643  -0.012619  -0.012595
-0.012774  -0.012823  -0.012873
-0.012831  -0.012880  -0.012904
-0.011771  -0.011794  -0.011816
-0.013006  -0.013006  -0.013006
-0.013449  -0.013449  -0.013424
-0.012131  -0.012085  -0.012063
-0.011992  -0.012038  -0.012106
-0.013503  -0.013553  -0.013578
-0.013179  -0.013179  -0.013179
-0.011892  -0.011936  -0.011936
-0.013142  -0.013094  -0.013045
-0.012922  -0.012825  -0.012801
-0.012947  -0.012922  -0.012922
-0.013154  -0.013204  -0.013229
-0.011777  -0.011800  -0.011800
-0.012973  -0.012924  -0.012875
-0.012799  -0.012775  -0.012775
-0.012678  -0.012654  -0.012654
-0.011930  -0.011930  -0.011907
-0.013062  -0.013087  -0.013087
-0.011832  -0.011855  -0.011855
-0.012962  -0.012912  -0.012863
-0.012888  -0.012789  -0.012764
-0.011461  -0.011528  -0.011551
-0.012588  -0.012612  -0.012588
-0.012620  -0.012572  -0.012523
-0.011276  -0.011232  -0.011210
-0.012445  -0.012347  -0.012298
-0.012263  -0.012263  -0.012238
-0.012266  -0.012241  -0.012216
-0.011057  -0.010989  -0.010921
-0.012340  -0.012365  -0.012416
-0.011115  -0.011093  -0.011024
-0.010946  -0.010878  -0.010833
-0.011524  -0.011572  -0.011621
-0.011583  -0.011559  -0.011511
-0.011442  -0.011321  -0.011224
-0.011137  -0.011137  -0.011089
-0.011120  -0.011096  -0.011144
-0.011350  -0.011375  -0.011399
-0.010298  -0.010276  -0.010232
-0.011265  -0.011167  -0.011045
-0.011211  -0.011186  -0.011136
-0.010005  -0.009914  -0.009822
-0.010922  -0.010846  -0.010744
-0.009551  -0.009459  -0.009413
-0.009294  -0.009271  -0.009271
-0.009841  -0.009865  -0.009865
-0.009999  -0.009999  -0.009999
-0.010037  -0.010062  -0.010086
-0.010053  -0.009930  -0.009857
-0.008870  -0.008848  -0.008760
-0.009515  -0.009442  -0.009418
-0.009529  -0.009529  -0.009504
-0.009427  -0.009329  -0.009280
-0.009029  -0.009005  -0.008933
-0.008360  -0.008293  -0.008202
-0.009071  -0.009021  -0.009071
-0.008091  -0.008091  -0.008001
-0.008750  -0.008676  -0.008676
-0.008455  -0.008358  -0.008261
-0.008210  -0.008186  -0.008138
-0.008211  -0.008236  -0.008236
-0.007470  -0.007493  -0.007559
-0.008368  -0.008490  -0.008538
-0.008668  -0.008619  -0.008668
-0.008554  -0.008602  -0.008602
-0.008590  -0.008614  -0.008686
-0.008216  -0.008239  -0.008239
-0.009141  -0.009141  -0.009166
-0.008278  -0.008301  -0.008278
-0.009140  -0.009140  -0.009190
-0.008325  -0.008392  -0.008415
-0.009013  -0.008941  -0.008892
-0.008927  -0.008976  -0.009000
-0.009041  -0.009041  -0.009066
-0.009207  -0.009232  -0.009207
-0.008257  -0.008213  -0.008190
-0.008988  -0.009013  -0.009037
-0.009154  -0.009154  -0.009179
-0.008537  -0.008583  -0.008583
-0.008659  -0.008612  -0.008589
-0.009432  -0.009457  -0.009559
-0.008752  -0.008843  -0.008889
-0.009348  -0.009300  -0.009275
-0.009375  -0.009449  -0.009497
-0.009647  -0.009745  -0.009795
-0.008696  -0.008674  -0.008653
-0.009562  -0.009562  -0.009538
-0.009465  -0.009441  -0.009489
-0.009487  -0.009463  -0.009391
-0.009526  -0.009526  -0.009550
-0.009506  -0.009482  -0.009434
-0.009345  -0.009321  -0.009297
-0.008692  -0.008692  -0.008692
-0.009545  -0.009495  -0.009445
-0.008587  -0.008519  -0.008473
-0.009324  -0.009349  -0.009349
-0.008498  -0.008452  -0.008429
-0.009271  -0.009245  -0.009220
-0.008285  -0.008285  -0.008331
-0.008978  -0.009027  -0.009002
-0.009058  -0.009033  -0.009033
-0.008163  -0.008141  -0.008118
-0.008998  -0.008998  -0.009023
-0.009061  -0.009110  -0.009086
-0.008839  -0.008743  -0.008719
-0.007959  -0.007959  -0.007914
-0.008817  -0.008842  -0.008892
-0.009101  -0.009101  -0.009076
-0.008166  -0.008099  -0.008053
-0.008592  -0.008543  -0.008519
-0.008604  -0.008580  -0.008530
-0.007715  -0.007737  -0.007737
-0.008532  -0.008482  -0.008482
-0.007621  -0.007621  -0.007554
-0.008321  -0.008247  -0.008198
-0.008008  -0.007935  -0.007911
-0.007936  -0.007936  -0.007912
-0.007106  -0.007128  -0.007150
-0.008042  -0.008042  -0.008042
-0.007998  -0.007973  -0.007924
-0.007238  -0.007193  -0.007148
-0.007632  -0.007584  -0.007559
-0.007511  -0.007463  -0.007390
-0.007394  -0.007320  -0.007247
-0.007217  -0.007143  -0.007119
-0.006358  -0.006336  -0.006247
-0.006784  -0.006688  -0.006639
-0.006658  -0.006658  -0.006658
-0.006635  -0.006586  -0.006562
-0.006468  -0.006468  -0.006395
-0.006020  -0.005974  -0.005974
-0.005927  -0.005904  -0.005927
-0.006541  -0.006591  -0.006591
-0.006032  -0.006032  -0.006010
-0.006598  -0.006598  -0.006548
-0.005838  -0.005724  -0.005655
-0.006195  -0.006145  -0.006044
-0.005196  -0.005152  -0.005152
-0.005659  -0.005659  -0.005707
-0.005699  -0.005723  -0.005723
-0.005814  -0.005838  -0.005838
-0.005884  -0.005835  -0.005786
-0.005677  -0.005628  -0.005604
-0.005061  -0.004995  -0.004928
-0.005453  -0.005453  -0.005428
-0.005009  -0.004963  -0.004918
-0.005349  -0.005299  -0.005223
-0.004628  -0.004583  -0.004560
-0.004890  -0.004890  -0.004890
-0.004818  -0.004770  -0.004746
-0.004695  -0.004646  -0.004574
-0.004535  -0.004487  -0.004463
-0.004444  -0.004420  -0.004372
-0.004326  -0.004230  -0.004206
-0.004221  -0.004270  -0.004221
-0.004176  -0.004127  -0.004103
-0.003820  -0.003797  -0.003842
-0.004301  -0.004276  -0.004200
-0.003729  -0.003752  -0.003774
-0.004025  -0.004001  -0.003952
-0.003871  -0.003847  -0.003798
-0.003890  -0.003841  -0.003865
-0.003429  -0.003429  -0.003341
-0.003621  -0.003572  -0.003572
-0.003616  -0.003616  -0.003591
-0.003611  -0.003561  -0.003561
-0.003164  -0.003142  -0.003120
-0.003478  -0.003478  -0.003429
-0.003459  -0.003434  -0.003434
-0.003079  -0.003079  -0.003057
-0.003341  -0.003316  -0.003341
-0.003035  -0.003035  -0.002966
-0.002932  -0.002863  -0.002863
-0.003149  -0.003098  -0.003022
-0.002697  -0.002697  -0.002743
-0.003042  -0.003042  -0.003017
-0.002614  -0.002592  -0.002526
-0.002719  -0.002671  -0.002671
-0.002678  -0.002678  -0.002653
-0.002635  -0.002610  -0.002610
-0.002717  -0.002742  -0.002742
-0.002516  -0.002493  -0.002470
-0.002386  -0.002340  -0.002317
-0.002512  -0.002512  -0.002486
-0.002266  -0.002220  -0.002175
-0.002265  -0.002215  -0.002191
-0.002022  -0.002022  -0.002022
-0.002226  -0.002226  -0.002226
-0.002009  -0.002032  -0.002032
-0.002213  -0.002188  -0.002188
-0.002201  -0.002201  -0.002176
-0.002146  -0.002121  -0.002121
-0.001903  -0.001881  -0.001859
-0.002064  -0.002088  -0.002112
-0.002114  -0.002114  -0.002114
-0.001897  -0.001852  -0.001806
-0.002062  -0.002062  -0.002062
-0.001865  -0.001888  -0.001888
-0.002041  -0.002016  -0.001990
-0.001736  -0.001714  -0.001714
-0.001930  -0.001930  -0.001955
-0.001921  -0.001946  -0.001897
-0.001718  -0.001674  -0.001696
-0.001841  -0.001865  -0.001865
-0.001858  -0.001834  -0.001785
-0.001725  -0.001677  -0.001653
-0.001659  -0.001683  -0.001683
-0.001706  -0.001731  -0.001731
-0.001582  -0.001560  -0.001582
-0.001707  -0.001731  -0.001707
-0.001771  -0.001720  -0.001746
-0.001590  -0.001613  -0.001613
-0.001642  -0.001642  -0.001619
-0.001775  -0.001775  -0.001775
-0.001575  -0.001552  -0.001506
-0.001485  -0.001485  -0.001508
-0.001690  -0.001665  -0.001665
-0.001505  -0.001528  -0.001505
-0.001631  -0.001556  -0.001531
-0.001326  -0.001281  -0.001258
-0.001389  -0.001389  -0.001389
-0.001232  -0.001232  -0.001232
-0.001243  -0.001266  -0.001221
-0.001288  -0.001263  -0.001238
-0.001269  -0.001244  -0.001269
-0.001140  -0.001163  -0.001163
-0.001163  -0.001163  -0.001141
-0.001257  -0.001257  -0.001307
-0.001294  -0.001269  -0.001244
-0.001106  -0.001106  -0.001061
-0.001135  -0.001135  -0.001135
-0.001075  -0.001052  -0.001075
-0.001074  -0.001051  -0.001051
-0.001161  -0.001186  -0.001211
-0.001092  -0.001092  -0.001046
-0.001154  -0.001104  -0.001079
-0.000931  -0.000931  -0.000931
-0.000980  -0.000956  -0.000956
-0.000929  -0.000953  -0.000904
-0.000865  -0.000865  -0.000887
-0.000951  -0.000951  -0.000976
-0.000972  -0.000924  -0.000901
-0.000900  -0.000925  -0.000875
-0.000799  -0.000731  -0.000708
-0.000759  -0.000784  -0.000759
-0.000709  -0.000686  -0.000732
-0.000763  -0.000788  -0.000788
-0.000707  -0.000707  -0.000707
-0.000703  -0.000681  -0.000681
-0.000762  -0.000786  -0.000835
-0.000811  -0.000811  -0.000738
-0.000649  -0.000627  -0.000582
-0.000660  -0.000611  -0.000611
-0.000541  -0.000491  -0.000467
-0.000440  -0.000440  -0.000440
-0.000378  -0.000378  -0.000311
-0.000365  -0.000365  -0.000389
-0.000387  -0.000338  -0.000363
-0.000342  -0.000391  -0.000391
-0.000392  -0.000392  -0.000368
-0.000361  -0.000339  -0.000361
-0.000380  -0.000405  -0.000405
-0.000367  -0.000344  -0.000344
-0.000341  -0.000409  -0.000432
-0.000505  -0.000505  -0.000505
-0.000457  -0.000457  -0.000434
-0.000451  -0.000401  -0.000376
-0.000372  -0.000348  -0.000298
-0.000226  -0.000181  -0.000181
-0.000177  -0.000151  -0.000101
-0.000046  -0.000023  0.000023
0.000000  0.000068  0.000068
0.000150  0.000150  0.000175
0.000202  0.000225  0.000292
0.000316  0.000341  0.000365
0.000387  0.000435  0.000483
0.000540  0.000540  0.000491
0.000438  0.000389  0.000316
0.000288  0.000240  0.000216
0.000159  0.000137  0.000114
0.000102  0.000102  0.000102
0.000091  0.000091  0.000091
0.000091  0.000091  0.000091
0.000100  0.000100  0.000100
0.000091  0.000091  0.000091
0.000100  0.000075  0.000075
0.000075  0.000100  0.000100
0.000089  0.000089  0.000089
0.000099  0.000099  0.000099
0.000100  0.000100  0.000100
0.000089  0.000089  0.000089
0.000099  0.000099  0.000099
0.000089  0.000089  0.000089
0.000072  0.000072  0.000072
0.000097  0.000097  0.000097
0.000097  0.000097  0.000097
0.000097  0.000097  0.000097
0.000090  0.000090  0.000090
0.000100  0.000100  0.000100
0.000101  0.000101  0.000101
0.000068  0.000090  0.000090
0.000100  0.000050  0.000050
0.000089  0.000133  0.000133
0.000095  0.000048  0.000048
0.000097  0.000145  0.000145
0.000098  0.000049  0.000049
0.000099  0.000148  0.000148
0.000089  0.000045  0.000045
0.000075  0.000101  0.000101
0.000092  0.000092  0.000092
0.000103  0.000103  0.000103
0.000092  0.000092  0.000092
0.000092  0.000092  0.000115
0.000127  0.000152  0.000127
0.000115  0.000092  0.000115
0.000115  0.000115  0.000115
0.000150  0.000175  0.000200
0.000194  0.000243  0.000267
0.000287  0.000310  0.000354
0.000416  0.000440  0.000464
0.000516  0.000541  0.000590
0.000610  0.000635  0.000659
0.000684  0.000635  0.000562
0.000407  0.000362  0.000294
0.000274  0.000251  0.000206
0.000201  0.000176  0.000201
0.000183  0.000183  0.000160
0.000203  0.000203  0.000203
0.000183  0.000183  0.000183
0.000206  0.000206  0.000206
0.000185  0.000162  0.000162
0.000160  0.000183  0.000183
0.000176  0.000176  0.000201
0.000184  0.000184  0.000184
0.000204  0.000204  0.000178
0.000161  0.000161  0.000184
0.000182  0.000182  0.000159
0.000202  0.000202  0.000202
0.000182  0.000182  0.000182
0.000200  0.000200  0.000200
0.000156  0.000156  0.000156
0.000119  0.000071  0.000048
0.000049  0.000049  0.000024
0.000024  0.000024  0.000024
0.000049  0.000024  0.000049
0.000000  0.000024  0.000000
0.000045  0.000045  0.000022
0.000000  0.000024  0.000048
0.000048  0.000024  0.000048
0.000024  0.000024  0.000000
0.000072  0.000048  0.000048
0.000000  0.000025  0.000025
0.000022  0.000044  0.000022
0.000072  0.000048  0.000097
0.000097  0.000146  0.000219
0.000241  0.000265  0.000265
0.000290  0.000338  0.000387
0.000355  0.000399  0.000399
0.000506  0.000530  0.000579
0.000608  0.000608  0.000632
0.000678  0.000630  0.000581
0.000457  0.000385  0.000313
0.000264  0.000264  0.000216
0.000218  0.000194  0.000194
0.000176  0.000176  0.000176
0.000168  0.000168  0.000168
0.000195  0.000195  0.000195
0.000193  0.000193  0.000193
0.000146  0.000171  0.000195
0.000181  0.000181  0.000159
0.000203  0.000203  0.000203
0.000182  0.000160  0.000182
0.000202  0.000202  0.000202
0.000182  0.000182  0.000159
0.000200  0.000200  0.000200
0.000159  0.000182  0.000182
0.000201  0.000176  0.000176
0.000181  0.000181  0.000181
0.000173  0.000197  0.000197
0.000173  0.000124  0.000124
0.000110  0.000110  0.000110
0.000120  0.000120  0.000096
0.000122  0.000194  0.000219
0.000243  0.000243  0.000268
0.000268  0.000290  0.000357
0.000413  0.000437  0.000437
0.000514  0.000563  0.000588
0.000621  0.000645  0.000695
0.000609  0.000587  0.000519
0.000485  0.000388  0.000315
0.000269  0.000220  0.000220
0.000197  0.000197  0.000172
0.000176  0.000176  0.000176
0.000193  0.000193  0.000193
0.000170  0.000170  0.000170
0.000197  0.000197  0.000197
0.000177  0.000177  0.000177
0.000195  0.000195  0.000195
0.000149  0.000174  0.000199
0.000182  0.000182  0.000159
0.000203  0.000203  0.000203
0.000183  0.000160  0.000183
0.000202  0.000202  0.000202
0.000183  0.000183  0.000160
0.000178  0.000204  0.000229
0.000249  0.000294  0.000316
0.000364  0.000388  0.000437
0.000491  0.000565  0.000639
0.000685  0.000751  0.000862
0.001008  0.001104  0.001224
0.001309  0.001357  0.001333
0.001391  0.001440  0.001489
0.001579  0.001653  0.001727
0.001572  0.001638  0.001727
0.001979  0.002004  0.001955
0.001952  0.001976  0.002072
0.002169  0.002218  0.002292
0.002172  0.002263  0.002330
0.002647  0.002647  0.002647
0.002429  0.002521  0.002613
0.002650  0.002650  0.002627
0.002840  0.002889  0.002913
0.002942  0.002991  0.003040
0.003097  0.003122  0.003146
0.002830  0.002808  0.002852
0.003172  0.003220  0.003220
0.003296  0.003345  0.003443
0.003443  0.003492  0.003516
0.003245  0.003312  0.003356
0.003872  0.003897  0.003922
0.003577  0.003554  0.003554
0.003986  0.004011  0.004036
0.003638  0.003661  0.003638
0.004039  0.004013  0.004013
0.003587  0.003633  0.003633
0.003649  0.003649  0.003694
0.004115  0.004090  0.004065
0.003929  0.003977  0.004026
0.004083  0.004108  0.004108
0.003677  0.003655  0.003699
0.004125  0.004173  0.004149
0.004100  0.004100  0.004124
0.004153  0.004177  0.004201
0.004275  0.004251  0.004226
0.003865  0.003932  0.003999
0.004416  0.004416  0.004416
0.004514  0.004514  0.004539
0.004154  0.004221  0.004244
0.004758  0.004783  0.004809
0.004338  0.004338  0.004361
0.004820  0.004820  0.004820
0.004709  0.004709  0.004709
0.004659  0.004659  0.004635
0.004668  0.004668  0.004692
0.004265  0.004287  0.004287
0.004635  0.004611  0.004588
0.004710  0.004710  0.004735
0.004758  0.004758  0.004758
0.004324  0.004302  0.004279
0.004727  0.004727  0.004776
0.004812  0.004837  0.004812
0.004316  0.004316  0.004316
0.004767  0.004791  0.004791
0.004700  0.004676  0.004676
0.004710  0.004686  0.004686
0.004179  0.004222  0.004222
0.004749  0.004724  0.004724
0.004658  0.004658  0.004634
0.004631  0.004631  0.004679
0.004722  0.004722  0.004722
0.004383  0.004383  0.004360
0.004843  0.004843  0.004843
0.004429  0.004429  0.004429
0.004838  0.004838  0.004838
0.004385  0.004385  0.004385
0.004859  0.004884  0.004884
0.004418  0.004395  0.004395
0.004791  0.004791  0.004791
0.004378  0.004378  0.004378
0.004803  0.004803  0.004778
0.004838  0.004838  0.004864
0.004391  0.004414  0.004414
0.004868  0.004843  0.004818
0.004328  0.004328  0.004350
0.004699  0.004699  0.004699
0.004701  0.004677  0.004653
0.004723  0.004723  0.004772
0.004261  0.004283  0.004239
0.004764  0.004713  0.004713
0.004250  0.004250  0.004272
0.004826  0.004851  0.004800
0.004283  0.004237  0.004215
0.004642  0.004617  0.004617
0.004153  0.004107  0.004062
0.004472  0.004548  0.004598
0.004207  0.004184  0.004161
0.004164  0.004118  0.004049
0.004411  0.004411  0.004436
0.003975  0.003930  0.003861
0.004285  0.004234  0.004259
0.003773  0.003819  0.003796
0.003768  0.003745  0.003723
0.004033  0.004008  0.003984
0.003937  0.003888  0.003791
0.003741  0.003741  0.003766
0.003836  0.003787  0.003787
0.003278  0.003256  0.003256
0.003642  0.003642  0.003618
0.003673  0.003648  0.003648
0.003234  0.003212  0.003146
0.003396  0.003420  0.003444
0.003422  0.003398  0.003350
0.003404  0.003380  0.003404
0.003318  0.003294  0.003246
0.003254  0.003229  0.003254
0.003271  0.003222  0.003173
0.002788  0.002788  0.002744
0.003012  0.002988  0.002964
0.003075  0.003000  0.002975
0.002674  0.002674  0.002651
0.002883  0.002883  0.002833
0.002514  0.002491  0.002491
0.002778  0.002753  0.002753
0.002528  0.002551  0.002574
0.002852  0.002877  0.002927
0.002602  0.002579  0.002466
0.002719  0.002669  0.002669
0.002391  0.002368  0.002368
0.002368  0.002368  0.002368
0.002503  0.002478  0.002454
0.002477  0.002502  0.002502
0.002500  0.002475  0.002450
0.002206  0.002183  0.002183
0.002324  0.002324  0.002324
0.002374  0.002374  0.002374
0.002354  0.002330  0.002281
0.002101  0.002078  0.002123
0.002371  0.002396  0.002320
0.002088  0.002065  0.002088
0.002261  0.002236  0.002211
0.002036  0.002036  0.002036
0.002237  0.002212  0.002186
0.001929  0.001929  0.001929
0.002098  0.002073  0.001973
0.001746  0.001678  0.001678
0.001648  0.001625  0.001602
0.001708  0.001708  0.001708
0.001710  0.001685  0.001661
0.001624  0.001624  0.001600
0.001562  0.001538  0.001490
0.001355  0.001355  0.001399
0.001540  0.001516  0.001491
0.001516  0.001540  0.001516
0.001499  0.001425  0.001425
0.001284  0.001284  0.001261
0.001366  0.001366  0.001366
0.001240  0.001240  0.001240
0.001399  0.001399  0.001374
0.001212  0.001189  0.001143
0.001115  0.001092  0.001115
0.001229  0.001279  0.001329
0.001240  0.001217  0.001217
0.001290  0.001339  0.001315
0.001287  0.001214  0.001214
0.001193  0.001169  0.001096
0.001097  0.001073  0.001073
0.001020  0.001042  0.001108
0.001208  0.001232  0.001232
0.001209  0.001209  0.001160
0.001196  0.001172  0.001147
0.001110  0.001085  0.001036
0.000912  0.000890  0.000890
0.001002  0.001075  0.001148
0.001186  0.001161  0.001161
0.001048  0.001048  0.001048
0.001105  0.001105  0.001082
0.001140  0.001089  0.001064
0.000949  0.000926  0.000903
0.000849  0.000849  0.000849
0.000940  0.000989  0.001014
0.001064  0.001064  0.001089
0.000981  0.000981  0.000981
0.001056  0.001056  0.001032
0.000902  0.000880  0.000858
0.000914  0.000866  0.000818
0.000801  0.000801  0.000801
0.000827  0.000852  0.000925
0.000953  0.000953  0.000953
0.000842  0.000865  0.000842
0.000944  0.000920  0.000944
0.000908  0.000908  0.000835
0.000858  0.000782  0.000757
0.000663  0.000640  0.000640
0.000597  0.000574  0.000528
0.000555  0.000530  0.000530
0.000502  0.000570  0.000593
0.000682  0.000682  0.000682
0.000611  0.000589  0.000611
0.000692  0.000718  0.000692
0.000600  0.000600  0.000622
0.000684  0.000659  0.000610
0.000537  0.000488  0.000464
0.000400  0.000377  0.000333
0.000361  0.000313  0.000265
0.000219  0.000195  0.000219
0.000144  0.000144  0.000096
0.000098  0.000049  -0.000024
-0.000050  -0.000099  -0.000074
-0.000089  -0.000112  -0.000179
-0.000251  -0.000276  -0.000301
-0.000273  -0.000319  -0.000342
-0.000433  -0.000484  -0.000509
-0.000480  -0.000480  -0.000525
-0.000549  -0.000549  -0.000503
-0.000484  -0.000433  -0.000407
0.000094  0.000471  0.001222
0.001047  0.001565  0.002079
0.005387  0.006437  0.007477
0.009312  0.010430  0.011537
0.012692  0.013784  0.014866
0.016064  0.017134  0.018194
0.017251  0.018183  0.019106
0.022198  0.023202  0.024195
0.025011  0.025979  0.026937
0.027893  0.028833  0.029763
0.027750  0.028574  0.029390
0.033544  0.034431  0.035310
0.035966  0.036822  0.037668
0.038637  0.039468  0.040290
0.040983  0.041785  0.042579
0.039363  0.040068  0.040764
0.045546  0.046295  0.047035
0.047995  0.048722  0.049440
0.049968  0.050667  0.051358
0.052204  0.052881  0.053549
0.053931  0.054580  0.055222
0.050951  0.051522  0.052086
0.057590  0.058191  0.058785
0.059859  0.060442  0.061018
0.061583  0.062144  0.062698
0.063656  0.064199  0.064734
0.058827  0.059296  0.059759
0.066596  0.067093  0.067583
0.067741  0.068214  0.068681
0.069111  0.069564  0.070011
0.071911  0.072353  0.072788
0.065458  0.065836  0.066207
0.073018  0.073412  0.073800
0.074637  0.075015  0.075386
0.068484  0.068809  0.069127
0.076350  0.076688  0.077020
0.077852  0.078175  0.078491
0.078325  0.078627  0.078924
0.080247  0.080536  0.080819
0.073716  0.073963  0.074206
0.081616  0.081870  0.082119
0.081453  0.081688  0.081919
0.074591  0.074791  0.074986
0.082989  0.083194  0.083393
0.083213  0.083402  0.083586
0.084042  0.084217  0.084386
0.083955  0.084114  0.084269
0.085841  0.085989  0.086132
0.077931  0.078051  0.078168
0.086066  0.086185  0.086300
0.087109  0.087215  0.087317
0.078529  0.078613  0.078692
0.086743  0.086822  0.086898
0.087363  0.087430  0.087494
0.086929  0.086985  0.087036
0.088409  0.088454  0.088494
0.079654  0.079684  0.079710
0.087482  0.087504  0.087521
0.088308  0.088320  0.088327
0.087481  0.087482  0.087479
0.079310  0.079301  0.079290
0.087269  0.087249  0.087226
0.087600  0.087571  0.087537
0.088023  0.087983  0.087940
0.088344  0.088295  0.088243
0.078785  0.078734  0.078680
0.086873  0.086808  0.086740
0.087105  0.087033  0.086958
0.087460  0.087378  0.087292
0.078549  0.078467  0.078383
0.086485  0.086386  0.086286
0.086048  0.085942  0.085835
0.085614  0.085503  0.085389
0.077627  0.077519  0.077407
0.084698  0.084572  0.084443
0.084416  0.084283  0.084148
0.084274  0.084135  0.083994
0.075806  0.075674  0.075540
0.083001  0.082850  0.082697
0.082805  0.082647  0.082488
0.082151  0.081988  0.081824
0.082788  0.082619  0.082448
0.074135  0.073977  0.073818
0.080355  0.080177  0.079998
0.080520  0.080336  0.080150
0.080317  0.080128  0.079937
0.071447  0.071274  0.071100
0.078244  0.078049  0.077851
0.077713  0.077513  0.077313
0.077749  0.077545  0.077339
0.069741  0.069553  0.069363
0.075736  0.075525  0.075314
0.075641  0.075426  0.075210
0.074909  0.074691  0.074472
0.067553  0.067352  0.067150
0.073318  0.073096  0.072873
0.072894  0.072667  0.072441
0.071913  0.071686  0.071457
0.065044  0.064834  0.064623
0.070396  0.070164  0.069930
0.069994  0.069757  0.069523
0.069186  0.068950  0.068713
0.068487  0.068248  0.068009
0.061630  0.061412  0.061193
0.067060  0.066819  0.066577
0.066220  0.065977  0.065732
0.065916  0.065670  0.065424
0.065638  0.065389  0.065139
0.058357  0.058132  0.057906
0.063531  0.063281  0.063032
0.063386  0.063134  0.062882
0.055868  0.055643  0.055418
0.060963  0.060712  0.060461
0.060547  0.060296  0.060046
0.059938  0.059687  0.059434
0.059787  0.059531  0.059276
0.052597  0.052368  0.052140
0.057330  0.057078  0.056825
0.056544  0.056292  0.056040
0.056179  0.055926  0.055674
0.050445  0.050214  0.049982
0.054403  0.054150  0.053898
0.053431  0.053180  0.052930
0.052796  0.052545  0.052294
0.047215  0.046988  0.046760
0.051264  0.051013  0.050765
0.050893  0.050642  0.050390
0.049806  0.049556  0.049307
0.049610  0.049360  0.049112
0.043740  0.043519  0.043297
0.047613  0.047367  0.047122
0.046819  0.046576  0.046332
0.045839  0.045595  0.045353
0.046302  0.046054  0.045807
0.040441  0.040222  0.040002
0.044281  0.044038  0.043796
0.043435  0.043195  0.042954
0.042855  0.042614  0.042374
0.037636  0.037423  0.037210
0.040829  0.040594  0.040358
0.039930  0.039696  0.039465
0.039063  0.038834  0.038606
0.038835  0.038603  0.038375
0.038571  0.038342  0.038111
0.034119  0.033912  0.033707
0.037315  0.037088  0.036860
0.036183  0.035959  0.035735
0.036146  0.035919  0.035695
0.031788  0.031587  0.031385
0.034340  0.034120  0.033900
0.033928  0.033709  0.033488
0.029842  0.029646  0.029453
0.032613  0.032397  0.032181
0.031988  0.031774  0.031561
0.031392  0.031180  0.030969
0.027693  0.027504  0.027316
0.029903  0.029697  0.029491
0.029386  0.029182  0.028978
0.025834  0.025652  0.025469
0.028174  0.027972  0.027770
0.027543  0.027343  0.027146
0.026914  0.026718  0.026522
0.023839  0.023664  0.023487
0.025544  0.025352  0.025161
0.025405  0.025209  0.025017
0.024644  0.024455  0.024266
0.021639  0.021470  0.021302
0.023307  0.023124  0.022938
0.023024  0.022838  0.022654
0.022212  0.022031  0.021851
0.019677  0.019515  0.019355
0.021155  0.020980  0.020805
0.020611  0.020440  0.020270
0.020121  0.019950  0.019778
0.019592  0.019420  0.019251
0.019269  0.019101  0.018933
0.016852  0.016703  0.016555
0.018123  0.017961  0.017800
0.017629  0.017468  0.017309
0.017414  0.017254  0.017096
0.015161  0.015019  0.014876
0.016233  0.016078  0.015928
0.015772  0.015622  0.015472
0.015491  0.015341  0.015193
0.013499  0.013367  0.013235
0.014523  0.014379  0.014234
0.014031  0.013888  0.013746
0.013729  0.013587  0.013447
0.011948  0.011822  0.011698
0.012736  0.012602  0.012467
0.012396  0.012262  0.012127
0.012084  0.011949  0.011816
0.010439  0.010321  0.010203
0.011128  0.010999  0.010873
0.010777  0.010653  0.010529
0.010451  0.010327  0.010201
0.009113  0.009002  0.008893
0.009688  0.009569  0.009450
0.009330  0.009214  0.009098
0.008964  0.008849  0.008736
0.008711  0.008595  0.008479
0.007479  0.007379  0.007278
0.007966  0.007855  0.007746
0.007616  0.007508  0.007401
0.007377  0.007272  0.007168
0.006337  0.006245  0.006152
0.006713  0.006611  0.006509
0.006455  0.006354  0.006254
0.006153  0.006053  0.005955
0.005245  0.005159  0.005071
0.005534  0.005438  0.005344
0.005251  0.005158  0.005066
0.004520  0.004436  0.004352
0.004710  0.004621  0.004533
0.004472  0.004385  0.004299
0.004242  0.004155  0.004067
0.003548  0.003472  0.003397
0.003695  0.003612  0.003531
0.003466  0.003387  0.003309
0.002879  0.002808  0.002739
0.002955  0.002880  0.002806
0.002718  0.002644  0.002569
0.002533  0.002459  0.002385
0.002075  0.002012  0.001948
0.002064  0.001993  0.001922
0.001883  0.001816  0.001748
0.001699  0.001631  0.001564
0.001323  0.001264  0.001208
0.001281  0.001219  0.001156
0.001085  0.001021  0.000958
0.000914  0.000852  0.000791
0.000653  0.000601  0.000550
0.000549  0.000492  0.000435
0.000376  0.000318  0.000262
0.000209  0.000153  0.000097
0.000037  -0.000013  -0.000062
-0.000120  -0.000172  -0.000224
-0.000275  -0.000324  -0.000372
-0.000421  -0.000470  -0.000517
-0.000570  -0.000615  -0.000661
-0.000633  -0.000672  -0.000712
-0.000828  -0.000874  -0.000920
-0.000966  -0.001011  -0.001055
-0.001114  -0.001158  -0.001200
-0.001111  -0.001148  -0.001186
-0.001349  -0.001391  -0.001429
-0.001461  -0.001497  -0.001536
-0.001589  -0.001627  -0.001663
-0.001560  -0.001594  -0.001628
-0.001821  -0.001857  -0.001893
-0.001931  -0.001964  -0.001998
-0.001836  -0.001867  -0.001896
-0.002123  -0.002153  -0.002184
-0.002220  -0.002251  -0.002280
-0.002337  -0.002368  -0.002400
-0.002177  -0.002205  -0.002230
-0.002492  -0.002519  -0.002546
-0.002582  -0.002612  -0.002639
-0.002389  -0.002412  -0.002437
-0.002697  -0.002721  -0.002743
-0.002792  -0.002815  -0.002839
-0.002577  -0.002599  -0.002619
-0.002897  -0.002917  -0.002938
-0.002974  -0.002995  -0.003014
-0.003019  -0.003037  -0.003057
-0.003105  -0.003125  -0.003144
-0.002852  -0.002868  -0.002885
-0.003198  -0.003216  -0.003232
-0.003260  -0.003277  -0.003292
-0.003290  -0.003304  -0.003318
-0.003353  -0.003367  -0.003382
-0.003072  -0.003086  -0.003099
-0.003417  -0.003430  -0.003442
-0.003463  -0.003476  -0.003486
-0.003523  -0.003534  -0.003546
-0.003598  -0.003610  -0.003622
-0.003242  -0.003252  -0.003261
-0.003599  -0.003607  -0.003616
-0.003640  -0.003650  -0.003661
-0.003702  -0.003712  -0.003719
-0.003352  -0.003359  -0.003365
-0.003717  -0.003723  -0.003729
-0.003714  -0.003721  -0.003728
-0.003784  -0.003789  -0.003795
-0.003421  -0.003427  -0.003432
-0.003775  -0.003780  -0.003784
-0.003817  -0.003820  -0.003825
-0.003444  -0.003448  -0.003451
-0.003794  -0.003797  -0.003800
-0.003817  -0.003819  -0.003820
-0.003821  -0.003823  -0.003825
-0.003849  -0.003850  -0.003851
-0.003470  -0.003470  -0.003472
-0.003826  -0.003828  -0.003828
-0.003834  -0.003834  -0.003834
-0.003832  -0.003831  -0.003830
-0.003816  -0.003816  -0.003816
-0.003880  -0.003878  -0.003876
-0.003478  -0.003477  -0.003475
-0.003819  -0.003815  -0.003814
-0.003818  -0.003815  -0.003811
-0.003867  -0.003865  -0.003861
-0.003430  -0.003427  -0.003424
-0.003781  -0.003777  -0.003773
-0.003810  -0.003807  -0.003802
-0.003807  -0.003802  -0.003799
-0.003391  -0.003389  -0.003384
-0.003756  -0.003750  -0.003747
-0.003729  -0.003723  -0.003717
-0.003718  -0.003713  -0.003707
-0.003337  -0.003331  -0.003326
-0.003699  -0.003695  -0.003689
-0.003656  -0.003650  -0.003643
-0.003639  -0.003630  -0.003624
-0.003297  -0.003292  -0.003286
-0.003622  -0.003616  -0.003607
-0.003584  -0.003577  -0.003571
-0.003563  -0.003555  -0.003547
-0.003222  -0.003214  -0.003208
-0.003527  -0.003519  -0.003511
-0.003493  -0.003486  -0.003477
-0.003463  -0.003454  -0.003445
-0.003492  -0.003483  -0.003473
-0.003114  -0.003105  -0.003097
-0.003402  -0.003395  -0.003386
-0.003390  -0.003383  -0.003377
-0.003046  -0.003037  -0.003026
-0.003295  -0.003284  -0.003275
-0.003267  -0.003260  -0.003251
-0.003315  -0.003304  -0.003295
-0.002935  -0.002925  -0.002915
-0.003198  -0.003190  -0.003181
-0.003170  -0.003160  -0.003149
-0.002831  -0.002820  -0.002811
-0.003070  -0.003060  -0.003048
-0.003084  -0.003074  -0.003065
-0.003029  -0.003019  -0.003009
-0.003050  -0.003039  -0.003029
-0.002707  -0.002698  -0.002688
-0.002938  -0.002927  -0.002916
-0.002911  -0.002900  -0.002891
-0.002911  -0.002899  -0.002887
-0.002576  -0.002567  -0.002558
-0.002812  -0.002801  -0.002789
-0.002777  -0.002765  -0.002755
-0.002747  -0.002736  -0.002724
-0.002456  -0.002446  -0.002435
-0.002670  -0.002658  -0.002646
-0.002643  -0.002630  -0.002618
-0.002614  -0.002601  -0.002589
-0.002595  -0.002585  -0.002576
-0.002299  -0.002288  -0.002277
-0.002497  -0.002487  -0.002476
-0.002460  -0.002448  -0.002438
-0.002437  -0.002427  -0.002416
-0.002181  -0.002170  -0.002161
-0.002386  -0.002376  -0.002364
-0.002337  -0.002323  -0.002311
-0.002318  -0.002306  -0.002294
-0.002052  -0.002043  -0.002033
-0.002204  -0.002193  -0.002183
-0.002206  -0.002194  -0.002182
-0.002156  -0.002144  -0.002134
-0.002140  -0.002127  -0.002116
-0.001901  -0.001892  -0.001884
-0.002075  -0.002064  -0.002050
-0.002031  -0.002019  -0.002008
-0.001994  -0.001982  -0.001969
-0.001791  -0.001781  -0.001770
-0.001922  -0.001911  -0.001901
-0.001900  -0.001890  -0.001881
-0.001876  -0.001866  -0.001855
-0.001668  -0.001661  -0.001651
-0.001807  -0.001796  -0.001785
-0.001773  -0.001763  -0.001754
-0.001748  -0.001738  -0.001728
-0.001754  -0.001744  -0.001736
-0.001506  -0.001497  -0.001487
-0.001657  -0.001646  -0.001636
-0.001628  -0.001619  -0.001608
-0.001593  -0.001583  -0.001573
-0.001422  -0.001414  -0.001405
-0.001541  -0.001532  -0.001524
-0.001508  -0.001499  -0.001491
-0.001494  -0.001484  -0.001474
-0.001334  -0.001326  -0.001317
-0.001429  -0.001419  -0.001410
-0.001411  -0.001403  -0.001395
-0.001399  -0.001389  -0.001378
-0.001216  -0.001205  -0.001195
-0.001310  -0.001299  -0.001287
-0.001271  -0.001262  -0.001254
-0.001247  -0.001238  -0.001229
-0.001115  -0.001107  -0.001099
-0.001212  -0.001206  -0.001196
-0.001177  -0.001167  -0.001159
-0.001161  -0.001151  -0.001143
-0.001016  -0.001009  -0.001000
-0.001089  -0.001081  -0.001071
-0.001065  -0.001057  -0.001050
-0.001045  -0.001036  -0.001027
-0.000926  -0.000919  -0.000912
-0.000996  -0.000990  -0.000982
-0.000972  -0.000965  -0.000957
-0.000949  -0.000940  -0.000933
-0.000927  -0.000920  -0.000912
-0.000821  -0.000815  -0.000807
-0.000885  -0.000878  -0.000869
-0.000857  -0.000849  -0.000844
-0.000837  -0.000830  -0.000826
-0.000831  -0.000825  -0.000818
-0.000728  -0.000724  -0.000718
-0.000781  -0.000772  -0.000764
-0.000761  -0.000756  -0.000750
-0.000741  -0.000733  -0.000727
-0.000652  -0.000646  -0.000640
-0.000707  -0.000701  -0.000695
-0.000684  -0.000680  -0.000672
-0.000661  -0.000655  -0.000649
-0.000588  -0.000583  -0.000579
-0.000631  -0.000625  -0.000618
-0.000610  -0.000605  -0.000598
-0.000590  -0.000583  -0.000578
-0.000577  -0.000571  -0.000565
-0.000506  -0.000502  -0.000495
-0.000538  -0.000534  -0.000529
-0.000529  -0.000523  -0.000517
-0.000510  -0.000505  -0.000499
-0.000499  -0.000493  -0.000488
-0.000431  -0.000427  -0.000423
-0.000463  -0.000457  -0.000450
-0.000439  -0.000432  -0.000428
-0.000426  -0.000421  -0.000415
-0.000414  -0.000409  -0.000404
-0.000360  -0.000355  -0.000351
-0.000384  -0.000377  -0.000373
-0.000364  -0.000359  -0.000354
-0.000317  -0.000314  -0.000310
-0.000341  -0.000336  -0.000331
-0.000329  -0.000324  -0.000320
-0.000313  -0.000309  -0.000305
-0.000270  -0.000265  -0.000261
-0.000285  -0.000282  -0.000278
-0.000273  -0.000269  -0.000264
-0.000260  -0.000255  -0.000249
-0.000248  -0.000243  -0.000240
-0.000212  -0.000210  -0.000206
-0.000225  -0.000222  -0.000219
-0.000217  -0.000213  -0.000211
-0.000209  -0.000205  -0.000201
-0.000177  -0.000174  -0.000169
-0.000181  -0.000176  -0.000173
-0.000169  -0.000166  -0.000160
-0.000157  -0.000153  -0.000149
-0.000130  -0.000126  -0.000123
-0.000132  -0.000129  -0.000124
-0.000122  -0.000118  -0.000116
-0.000112  -0.000108  -0.000105
-0.000091  -0.000089  -0.000087
-0.000094  -0.000091  -0.000087
-0.000082  -0.000079  -0.000076
-0.000074  -0.000073  -0.000071
-0.000068  -0.000064  -0.000059
-0.000050  -0.000048  -0.000045
-0.000048  -0.000046  -0.000045
-0.000044  -0.000044  -0.000043
-0.000042  -0.000038  -0.000033
-0.000025  -0.000021  -0.000018
-0.000018  -0.000014  -0.000012
-0.000009  -0.000006  -0.000003
0.000001  0.000003  0.000006
0.000008  0.000012  0.000015
0.000017  0.000019  0.000022
0.000027  0.000030  0.000033
0.000038  0.000041  0.000044
0.000044  0.000045  0.000045
0.000041  0.000040  0.000042
0.000049  0.000054  0.000057
0.000059  0.000061  0.000062
0.000065  0.000065  0.000065
0.000059  0.000060  0.000062
0.000070  0.000074  0.000076
0.000080  0.000079  0.000080
0.000079  0.000080  0.000083
0.000087  0.000089  0.000091
0.000082  0.000083  0.000083
0.000092  0.000094  0.000096
0.000099  0.000101  0.000101
0.000101  0.000102  0.000105
0.000095  0.000097  0.000098
0.000109  0.000110  0.000112
0.000114  0.000116  0.000117
0.000118  0.000120  0.000121
0.000110  0.000109  0.000109
0.000121  0.000123  0.000124
0.000124  0.000123  0.000124
0.000127  0.000128  0.000129
0.000130  0.000132  0.000132
0.000120  0.000121  0.000122
0.000136  0.000138  0.000139
0.000140  0.000140  0.000141
0.000142  0.000142  0.000142
0.000128  0.000130  0.000131
0.000146  0.000146  0.000146
0.000146  0.000148  0.000149
0.000150  0.000150  0.000150
0.000138  0.000137  0.000137
0.000151  0.000151  0.000151
0.000149  0.000150  0.000152
0.000155  0.000156  0.000154
0.000155  0.000155  0.000155
0.000139  0.000139  0.000141
0.000155  0.000155  0.000155
0.000155  0.000156  0.000156
0.000158  0.000158  0.000158
0.000142  0.000142  0.000142
0.000157  0.000156  0.000156
0.000158  0.000159  0.000158
0.000159  0.000159  0.000161
0.000145  0.000146  0.000148
0.000163  0.000163  0.000163
0.000164  0.000164  0.000163
0.000148  0.000148  0.000149
0.000164  0.000163  0.000162
0.000164  0.000164  0.000164
0.000163  0.000164  0.000164
0.000148  0.000146  0.000148
0.000162  0.000163  0.000163
0.000163  0.000163  0.000162
0.000164  0.000164  0.000164
0.000147  0.000148  0.000148
0.000162  0.000162  0.000162
0.000165  0.000165  0.000164
0.000163  0.000164  0.000165
0.000149  0.000147  0.000146
0.000159  0.000160  0.000159
0.000159  0.000159  0.000160
0.000160  0.000160  0.000160
0.000146  0.000146  0.000146
0.000160  0.000160  0.000161
0.000160  0.000160  0.000160
0.000161  0.000161  0.000161
0.000146  0.000145  0.000145
0.000159  0.000158  0.000156
0.000154  0.000154  0.000154
0.000157  0.000155  0.000156
0.000140  0.000141  0.000140
0.000152  0.000152  0.000151
0.000149  0.000147  0.000146
0.000148  0.000149  0.000149
0.000134  0.000134  0.000134
0.000148  0.000146  0.000145
0.000145  0.000145  0.000145
0.000145  0.000145  0.000142
0.000128  0.000126  0.000126
0.000139  0.000139  0.000139
0.000137  0.000137  0.000136
0.000136  0.000135  0.000135
0.000135  0.000135  0.000135
0.000120  0.000120  0.000120
0.000133  0.000134  0.000134
0.000133  0.000132  0.000132
0.000135  0.000135  0.000135
0.000121  0.000121  0.000121
0.000133  0.000132  0.000132
0.000134  0.000134  0.000134
0.000135  0.000135  0.000135
0.000120  0.000120  0.000120
0.000132  0.000132  0.000132
0.000130  0.000128  0.000127
0.000115  0.000115  0.000114
0.000125  0.000123  0.000125
0.000125  0.000123  0.000121
0.000120  0.000121  0.000121
0.000123  0.000122  0.000121
0.000107  0.000108  0.000108
0.000117  0.000116  0.000115
0.000115  0.000116  0.000115
0.000115  0.000115  0.000113
0.000102  0.000101  0.000102
0.000111  0.000110  0.000108
0.000108  0.000109  0.000109
0.000109  0.000107  0.000107
0.000109  0.000109  0.000109
0.000097  0.000096  0.000095
0.000105  0.000106  0.000108
0.000097  0.000097  0.000095
0.000106  0.000105  0.000105
0.000105  0.000103  0.000102
0.000091  0.000093  0.000093
0.000103  0.000100  0.000099
0.000095  0.000095  0.000095
0.000087  0.000087  0.000086
0.000093  0.000090  0.000089
0.000089  0.000091  0.000092
0.000084  0.000083  0.000082
0.000089  0.000089  0.000089
0.000089  0.000090  0.000089
0.000087  0.000086  0.000086
0.000078  0.000078  0.000080
0.000089  0.000089  0.000087
0.000086  0.000086  0.000086
0.000086  0.000086  0.000084
0.000074  0.000072  0.000072
0.000079  0.000079  0.000081
0.000082  0.000083  0.000082
0.000081  0.000079  0.000079
0.000080  0.000081  0.000082
0.000075  0.000075  0.000075
0.000080  0.000079  0.000079
0.000079  0.000081  0.000079
0.000079  0.000076  0.000075
0.000074  0.000074  0.000073
0.000068  0.000070  0.000070
0.000076  0.000073  0.000072
0.000072  0.000072  0.000073
0.000073  0.000075  0.000076
0.000066  0.000064  0.000062
0.000069  0.000068  0.000068
0.000067  0.000068  0.000068
0.000067  0.000065  0.000062
0.000055  0.000054  0.000054
0.000059  0.000060  0.000061
0.000062  0.000062  0.000061
0.000059  0.000058  0.000055
0.000048  0.000048  0.000048
0.000053  0.000053  0.000054
0.000056  0.000056  0.000055
0.000053  0.000050  0.000048
0.000044  0.000043  0.000043
0.000046  0.000047  0.000047
0.000048  0.000049  0.000051
0.000050  0.000047  0.000044
0.000042  0.000041  0.000038
0.000035  0.000034  0.000035
0.000038  0.000039  0.000038
0.000040  0.000041  0.000041
0.000039  0.000040  0.000040
0.000041  0.000038  0.000035
0.000034  0.000032  0.000033
0.000033  0.000033  0.000032
0.000032  0.000033  0.000033
0.000030  0.000030  0.000032
0.000038  0.000039  0.000038
0.000036  0.000033  0.000030
0.000024  0.000022  0.000022
0.000024  0.000025  0.000024
0.000024  0.000023  0.000023
0.000022  0.000022  0.000022
0.000024  0.000024  0.000024
0.000024  0.000025  0.000027
0.000030  0.000033  0.000033
0.000029  0.000027  0.000024
0.000024  0.000022  0.000018
0.000014  0.000012  0.000011
0.000012  0.000012  0.000012
0.000011  0.000011  0.000012
0.000011  0.000011  0.000011
0.000012  0.000012  0.000012
0.000012  0.000012  0.000012
0.000012  0.000012  0.000011
0.000011  0.000011  0.000011
0.000011  0.000012  0.000012
0.000012  0.000012  0.000012
0.000012  0.000014  0.000016
0.000020  0.000023  0.000027
0.000030  0.000030  0.000029
0.000026  0.000025  0.000020
0.000017  0.000013  0.000011
0.000008  0.000006  0.000005
0.000006  0.000006  0.000006
0.000006  0.000006  0.000006
0.000006  0.000006  0.000006
0.000005  0.000005  0.000005
0.000005  0.000006  0.000006
0.000006  0.000006  0.000006
0.000006  0.000006  0.000006
0.000006  0.000006  0.000006
0.000006  0.000005  0.000006
0.000006  0.000006  0.000005
0.000005  0.000006  0.000006
0.000006  0.000006  0.000006
0.000006  0.000005  0.000006
0.000006  0.000006  0.000005
0.000005  0.000005  0.000006
0.000006  0.000006  0.000006
0.000006  0.000006  0.000006
0.000006  0.000006  0.000006
0.000007  0.000009  0.000011
0.000015  0.000018  0.000022
0.000021  0.000023  0.000023
0.000026  0.000024  0.000021
0.000017  0.000015  0.000011
0.000009  0.000005  0.000003
0.000000  -0.000001  -0.000005
-0.000008  -0.000012  -0.000015
-0.000018  -0.000021  -0.000024
-0.000025  -0.000027  -0.000026
-0.000022  -0.000019  -0.000016
-0.000014  -0.000012  -0.000008
-0.000006  -0.000002  0.000000
0.000003  0.000006  0.000008
0.000012  0.000015  0.000019
0.000019  0.000021  0.000023
0.000026  0.000026  0.000024
0.000022  0.000018  0.000015
0.000012  0.000009  0.000005
0.000003  0.000000  -0.000001
-0.000005  -0.000008  -0.000012
-0.000015  -0.000018  -0.000021
-0.000024  -0.000026  -0.000028
-0.000023  -0.000022  -0.000019
-0.000018  -0.000015  -0.000012
-0.000008  -0.000006  -0.000002
0.000000  0.000003  0.000006
0.000008  0.000010  0.000013
0.000018  0.000021  0.000024
0.000025  0.000026  0.000026
0.000024  0.000022  0.000018
0.000014  0.000010  0.000008
0.000005  0.000003  0.000000
-0.000002  -0.000005  -0.000008
-0.000012  -0.000015  -0.000018
-0.000019  -0.000021  -0.000023
-0.000027  -0.000026  -0.000024
-0.000021  -0.000017  -0.000014
-0.000012  -0.000008  -0.000006
-0.000002  0.000000  0.000003
0.000006  0.000008  0.000010
0.000014  0.000018  0.000021
0.000024  0.000025  0.000026
0.000026  0.000024  0.000021
0.000018  0.000015  0.000012
0.000008  0.000004  0.000003
0.000000  -0.000002  -0.000005
-0.000008  -0.000011  -0.000014
-0.000018  -0.000020  -0.000023
-0.000025  -0.000027  -0.000026
-0.000024  -0.000021  -0.000017
-0.000014  -0.000012  -0.000008
-0.000006  -0.000002  0.000000
0.000003  0.000006  0.000008
0.000011  0.000014  0.000018
0.000021  0.000024  0.000025
0.000026  0.000026  0.000024
0.000019  0.000016  0.000014
0.000011  0.000009  0.000005
0.000003  0.000000  -0.000002
-0.000005  -0.000008  -0.000012
-0.000015  -0.000018  -0.000020
-0.000024  -0.000025  -0.000028
-0.000023  -0.000022  -0.000018
-0.000017  -0.000014  -0.000012
-0.000008  -0.000006  -0.000002
0.000000  0.000003  0.000006
0.000008  0.000011  0.000014
0.000018  0.000021  0.000023
0.000023  0.000024  0.000024
0.000024  0.000021  0.000018
0.000015  0.000012  0.000009
0.000005  0.000003  0.000000
-0.000001  -0.000005  -0.000008
-0.000012  -0.000015  -0.000018
-0.000019  -0.000022  -0.000023
-0.000028  -0.000026  -0.000025
-0.000021  -0.000018  -0.000015
-0.000011  -0.000008  -0.000006
-0.000002  0.000000  0.000003
0.000006  0.000008  0.000011
0.000014  0.000018  0.000021
0.000024  0.000025  0.000026
0.000026  0.000024  0.000022
0.000016  0.000014  0.000010
0.000009  0.000005  0.000003
0.000000  -0.000002  -0.000005
-0.000008  -0.000011  -0.000014
-0.000018  -0.000021  -0.000024
-0.000025  -0.000027  -0.000026
-0.000025  -0.000021  -0.000018
-0.000013  -0.000011  -0.000008
-0.000006  -0.000002  0.000000
0.000003  0.000006  0.000008
0.000010  0.000013  0.000017
0.000021  0.000024  0.000025
0.000026  0.000026  0.000024
0.000022  0.000018  0.000015
0.000010  0.000008  0.000004
0.000003  0.000000  -0.000002
-0.000005  -0.000008  -0.000012
-0.000014  -0.000017  -0.000019
-0.000024  -0.000025  -0.000028
-0.000026  -0.000025  -0.000021
-0.000018  -0.000015  -0.000012
-0.000008  -0.000006  -0.000002
0.000000  0.000003  0.000006
0.000008  0.000012  0.000015
0.000017  0.000019  0.000022
0.000025  0.000026  0.000026
0.000024  0.000021  0.000018
0.000015  0.000012  0.000009
0.000004  0.000003  0.000000
-0.000002  -0.000005  -0.000008
-0.000012  -0.000015  -0.000018
-0.000021  -0.000024  -0.000025
-0.000025  -0.000023  -0.000022
-0.000021  -0.000017  -0.000014
-0.000012  -0.000008  -0.000006
-0.000002  0.000000  0.000003
0.000006  0.000008  0.000010
0.000014  0.000018  0.000021
0.000024  0.000025  0.000026
0.000026  0.000024  0.000021
0.000016  0.000014  0.000010
0.000009  0.000005  0.000003
0.000000  -0.000002  -0.000005
-0.000008  -0.000012  -0.000015
-0.000019  -0.000021  -0.000024
-0.000023  -0.000025  -0.000023
-0.000024  -0.000021  -0.000018
-0.000014  -0.000012  -0.000008
-0.000006  -0.000002  0.000000
0.000003  0.000006  0.000008
0.000012  0.000015  0.000019
0.000022  0.000024  0.000026
0.000024  0.000024  0.000022
0.000022  0.000018  0.000015
0.000012  0.000009  0.000005
0.000003  0.000000  -0.000001
-0.000005  -0.000008  -0.000012
-0.000015  -0.000018  -0.000021
-0.000022  -0.000023  -0.000025
-0.000026  -0.000025  -0.000021
-0.000018  -0.000015  -0.000012
-0.000009  -0.000006  -0.000002
0.000000  0.000003  0.000006
0.000008  0.000011  0.000014
0.000018  0.000021  0.000024
0.000025  0.000026  0.000026
0.000021  0.000019  0.000016
0.000015  0.000011  0.000009
0.000005  0.000003  0.000000
-0.000002  -0.000005  -0.000008
-0.000011  -0.000014  -0.000017
-0.000021  -0.000024  -0.000025
-0.000027  -0.000026  -0.000024
-0.000021  -0.000018  -0.000015
-0.000011  -0.000008  -0.000006
-0.000002  0.000000  0.000003
0.000006  0.000008  0.000011
0.000015  0.000018  0.000022
0.000021  0.000023  0.000023
0.000026  0.000024  0.000021
0.000018  0.000015  0.000011
0.000009  0.000005  0.000003
0.000000  -0.000001  -0.000005
-0.000008  -0.000012  -0.000015
-0.000018  -0.000021  -0.000024
-0.000025  -0.000027  -0.000026
-0.000025  -0.000021  -0.000018
-0.000015  -0.000012  -0.000008
-0.000006  -0.000002  0.000000
0.000003  0.000006  0.000008
0.000011  0.000014  0.000018
0.000022  0.000024  0.000025
0.000024  0.000024  0.000021
0.000021  0.000017  0.000015
0.000011  0.000009  0.000005
0.000003  0.000000  -0.000002
-0.000005  -0.000008  -0.000011
-0.000015  -0.000018  -0.000021
-0.000024  -0.000025  -0.000027
-0.000026  -0.000025  -0.000021
-0.000016  -0.000013  -0.000011
-0.000008  -0.000006  -0.000002
0.000000  0.000003  0.000006
0.000008  0.000011  0.000014
0.000017  0.000019  0.000022
0.000025  0.000026  0.000026
0.000024  0.000021  0.000018
0.000015  0.000011  0.000009
0.000005  0.000003  0.000000
-0.000001  -0.000005  -0.000008
-0.000012  -0.000015  -0.000018
-0.000021  -0.000024  -0.000025
-0.000028  -0.000026  -0.000025
-0.000019  -0.000016  -0.000013
-0.000012  -0.000008  -0.000006
-0.000002  0.000000  0.000003
0.000006  0.000008  0.000010
0.000014  0.000018  0.000021
0.000024  0.000025  0.000026
0.000026  0.000024  0.000021
0.000018  0.000016  0.000012
0.000008  0.000004  0.000003
0.000000  -0.000002  -0.000005
-0.000008  -0.000011  -0.000014
-0.000019  -0.000021  -0.000024
-0.000025  -0.000028  -0.000026
-0.000025  -0.000021  -0.000018
-0.000013  -0.000011  -0.000008
-0.000006  -0.000002  0.000000
0.000003  0.000006  0.000008
0.000010  0.000013  0.000017
0.000021  0.000024  0.000025
0.000026  0.000026  0.000024
0.000019  0.000016  0.000014
0.000011  0.000009  0.000005
0.000003  0.000000  -0.000002
-0.000005  -0.000008  -0.000012
-0.000015  -0.000019  -0.000021
-0.000021  -0.000023  -0.000025
-0.000026  -0.000025  -0.000021
-0.000018  -0.000015  -0.000012
-0.000008  -0.000006  -0.000002
0.000000  0.000003  0.000006
0.000008  0.000011  0.000014
0.000018  0.000021  0.000024
0.000025  0.000026  0.000026
0.000024  0.000022  0.000018
0.000014  0.000010  0.000008
0.000005  0.000003  0.000000
-0.000002  -0.000005  -0.000008
-0.000012  -0.000015  -0.000018
-0.000019  -0.000021  -0.000023
-0.000027  -0.000026  -0.000024
-0.000021  -0.000017  -0.000014
-0.000012  -0.000008  -0.000006
-0.000002  0.000000  0.000003
0.000006  0.000008  0.000011
0.000014  0.000018  0.000021
0.000024  0.000025  0.000026
0.000026  0.000024  0.000022
0.000016  0.000014  0.000010
0.000009  0.000005  0.000003
0.000000  -0.000002  -0.000005
-0.000008  -0.000012  -0.000015
-0.000017  -0.000019  -0.000021
-0.000025  -0.000027  -0.000026
-0.000024  -0.000021  -0.000018
-0.000014  -0.000012  -0.000008
-0.000006  -0.000002  0.000000
0.000003  0.000006  0.000008
0.000011  0.000015  0.000018
0.000021  0.000024  0.000025
0.000026  0.000026  0.000024
0.000019  0.000016  0.000014
0.000011  0.000009  0.000005
0.000003  0.000000  -0.000002
-0.000005  -0.000008  -0.000012
-0.000014  -0.000017  -0.000019
-0.000024  -0.000025  -0.000028
-0.000026  -0.000025  -0.000021
-0.000017  -0.000014  -0.000012
-0.000008  -0.000006  -0.000002
0.000000  0.000003  0.000006
0.000008  0.000011  0.000014
0.000018  0.000021  0.000024
0.000025  0.000026  0.000026
0.000022  0.000019  0.000016
0.000015  0.000011  0.000009
0.000005  0.000003  0.000000
-0.000002  -0.000005  -0.000008
-0.000012  -0.000016  -0.000019
-0.000019  -0.000021  -0.000023
-0.000027  -0.000026  -0.000024
-0.000021  -0.000018  -0.000014
-0.000011  -0.000008  -0.000006
-0.000002  0.000000  0.000003
0.000006  0.000008  0.000011
0.000015  0.000018  0.000021
0.000024  0.000026  0.000026
0.000023  0.000021  0.000019
0.000018  0.000015  0.000011
0.000009  0.000005  0.000003
0.000000  -0.000001  -0.000005
-0.000008  -0.000012  -0.000015
-0.000018  -0.000021  -0.000024
-0.000025  -0.000028  -0.000026
-0.000022  -0.000019  -0.000016
-0.000014  -0.000012  -0.000008
-0.000006  -0.000002  0.000000
0.000003  0.000006  0.000008
0.000011  0.000014  0.000018
0.000021  0.000024  0.000025
0.000026  0.000026  0.000024
0.000022  0.000018  0.000015
0.000010  0.000008  0.000004
0.000003  0.000000  -0.000002
-0.000005  -0.000008  -0.000012
-0.000015  -0.000019  -0.000021
-0.000021  -0.000023  -0.000025
-0.000026  -0.000024  -0.000021
-0.000017  -0.000014  -0.000012
-0.000008  -0.000006  -0.000002
0.000000  0.000003  0.000006
0.000008  0.000011  0.000015
0.000018  0.000021  0.000024
0.000025  0.000026  0.000026
0.000021  0.000019  0.000016
0.000015  0.000011  0.000009
0.000005  0.000003  0.000000
-0.000002  -0.000005  -0.000008
-0.000012  -0.000015  -0.000018
-0.000019  -0.000021  -0.000023
-0.000027  -0.000026  -0.000024
-0.000021  -0.000017  -0.000014
-0.000012  -0.000008  -0.000006
-0.000002  0.000000  0.000003
0.000006  0.000008  0.000011
0.000015  0.000018  0.000021
0.000024  0.000025  0.000026
0.000026  0.000024  0.000022
0.000016  0.000014  0.000011
0.000009  0.000005  0.000003
0.000000  -0.000001  -0.000005
-0.000008  -0.000012  -0.000015
-0.000018  -0.000021  -0.000024
-0.000026  -0.000028  -0.000027
