10.607749  10.607749  10.607749
0.000000  0.000000  962.486877
0.000000  0.000000  -915.969666
0.000000  0.000000  -87.662758
0.000000  0.000000  103.476120
0.000000  0.000000  -34.169506
0.000000  0.000000  -12.328835
0.000000  0.000000  -12.967718
0.000000  0.000000  -6.770497
0.000000  0.000000  97.807518
0.000000  0.000000  -117.618256
0.000000  0.000000  89.410820
0.000000  0.000000  -7.248146
0.000000  0.000000  -78.341843
0.000000  0.000000  69.777077
0.000000  0.000000  43.927166
0.000000  0.000000  111.957596
0.000000  0.000000  -205.776489
0.000000  0.000000  247.695969
0.000000  0.000000  -164.092270
0.000000  0.000000  -38.915443
0.000000  0.000000  47.903774
0.000000  0.000000  -3.425016
0.000000  0.000000  86.641983
0.000000  0.000000  -116.718758
0.000000  0.000000  67.958229
0.000000  0.000000  2.962583
0.000000  0.000000  -12.322331
0.000000  0.000000  -21.950567
0.000000  0.000000  57.496063
0.000000  0.000000  45.923328
0.000000  0.000000  -122.507263
0.000000  0.000000  53.769791
0.000000  0.000000  83.005119
0.000000  0.000000  -131.497467
0.000000  0.000000  144.442276
0.000000  0.000000  -143.946259
0.000000  0.000000  104.353188
0.000000  0.000000  39.397758
0.000000  0.000000  -36.117992
0.000000  0.000000  -84.491104
0.000000  0.000000  73.071716
0.000000  0.000000  8.798679
0.000000  0.000000  64.220116
0.000000  0.000000  -190.239990
0.000000  0.000000  299.050720
0.000000  0.000000  -205.098206
0.000000  0.000000  92.512177
0.000000  0.000000  24.993076
0.000000  0.000000  -75.480980
0.000000  0.000000  -9.699268
0.000000  0.000000  72.853241
0.000000  0.000000  -50.830479
0.000000  0.000000  79.753159
0.000000  0.000000  -64.019142
0.000000  0.000000  40.376144
0.000000  0.000000  -100.736786
0.000000  0.000000  99.646988
0.000000  0.000000  67.984230
0.000000  0.000000  -204.430130
0.000000  0.000000  288.700745
0.000000  0.000000  -200.968887
0.000000  0.000000  182.420685
0.000000  0.000000  -191.468811
0.000000  0.000000  156.703568
0.000000  0.000000  -59.089565
0.000000  0.000000  -107.247849
0.000000  0.000000  244.392960
0.000000  0.000000  -140.411652
0.000000  0.000000  78.381981
0.000000  0.000000  -154.046356
0.000000  0.000000  238.705170
0.000000  0.000000  -140.702225
0.000000  0.000000  105.702965
0.000000  0.000000  -164.223999
0.000000  0.000000  236.643433
0.000000  0.000000  -103.520271
0.000000  0.000000  -71.133308
0.000000  0.000000  65.310486
0.000000  0.000000  65.416229
0.000000  0.000000  -44.654171
0.000000  0.000000  -121.481537
0.000000  0.000000  212.248718
0.000000  0.000000  -49.336246
0.000000  0.000000  -169.940079
0.000000  0.000000  321.669250
0.000000  0.000000  -190.554901
0.000000  0.000000  88.362434
0.000000  0.000000  -138.437210
0.000000  0.000000  260.802460
0.000000  0.000000  -205.967178
0.000000  0.000000  190.026474
0.000000  0.000000  -140.587494
0.000000  0.000000  -6.519423
0.000000  0.000000  223.076996
0.000000  0.000000  -202.183304
0.000000  0.000000  145.660141
0.000000  0.000000  -145.533920
0.000000  0.000000  164.212372
0.000000  0.000000  -124.349991
0.000000  0.000000  138.666702
0.000000  0.000000  -157.166901
0.000000  0.000000  89.665192
0.000000  0.000000  73.179283
0.000000  0.000000  -125.828888
0.000000  0.000000  -27.143843
0.000000  0.000000  216.799088
0.000000  0.000000  -151.060806
0.000000  0.000000  22.174047
0.000000  0.000000  67.594086
0.000000  0.000000  -11.191336
0.000000  0.000000  -35.524353
0.000000  0.000000  -98.789459
0.000000  0.000000  300.248962
0.000000  0.000000  -204.479416
0.000000  0.000000  94.043999
0.000000  0.000000  -58.273102
0.000000  0.000000  1.852357
0.000000  0.000000  128.655685
0.000000  0.000000  -141.723373
0.000000  0.000000  132.817093
0.000000  0.000000  -123.941422
0.000000  0.000000  144.519348
0.000000  0.000000  -58.930420
0.000000  0.000000  -75.675331
0.000000  0.000000  132.750214
0.000000  0.000000  -92.232376
0.000000  0.000000  108.481483
0.000000  0.000000  -124.696220
0.000000  0.000000  149.956100
0.000000  0.000000  -114.411606
0.000000  0.000000  36.105175
0.000000  0.000000  9.553243
0.000000  0.000000  97.024612
0.000000  0.000000  -127.560913
0.000000  0.000000  25.843142
0.000000  0.000000  140.141632
0.000000  0.000000  -135.108765
0.000000  0.000000  -56.944225
0.000000  0.000000  263.766022
0.000000  0.000000  -182.722656
0.000000  0.000000  -23.811916
0.000000  0.000000  71.161751
0.000000  0.000000  -30.673849
0.000000  0.000000  126.270157
0.000000  0.000000  -161.155487
0.000000  0.000000  54.928074
0.000000  0.000000  47.483051
0.000000  0.000000  -19.304403
0.000000  0.000000  44.759857
0.000000  0.000000  -123.786690
0.000000  0.000000  173.453247
0.000000  0.000000  -103.345634
0.000000  0.000000  -15.908620
0.000000  0.000000  126.954865
0.000000  0.000000  -62.307404
0.000000  0.000000  -38.878746
0.000000  0.000000  -8.409569
0.000000  0.000000  62.452709
0.000000  0.000000  73.308762
0.000000  0.000000  -182.438492
0.000000  0.000000  176.623230
0.000000  0.000000  -69.074219
0.000000  0.000000  89.589561
0.000000  0.000000  -119.039673
0.000000  0.000000  83.053139
0.000000  0.000000  30.735870
0.000000  0.000000  8.330210
0.000000  0.000000  -128.465240
0.000000  0.000000  113.463394
0.000000  0.000000  24.735582
0.000000  0.000000  -158.548126
0.000000  0.000000  274.521851
0.000000  0.000000  -175.562363
0.000000  0.000000  121.689911
0.000000  0.000000  -116.796143
0.000000  0.000000  -2.789501
0.000000  0.000000  212.721085
0.000000  0.000000  -137.970139
0.000000  0.000000  22.730942
0.000000  0.000000  -76.551682
0.000000  0.000000  41.062233
0.000000  0.000000  95.194290
0.000000  0.000000  -48.876537
0.000000  0.000000  -87.602043
0.000000  0.000000  150.961960
0.000000  0.000000  -77.985779
0.000000  0.000000  -45.184010
0.000000  0.000000  32.602455
0.000000  0.000000  100.307312
0.000000  0.000000  -133.346970
0.000000  0.000000  122.336411
0.000000  0.000000  -49.894600
0.000000  0.000000  -46.172962
0.000000  0.000000  35.088394
0.000000  0.000000  35.153042
0.000000  0.000000  44.642952
0.000000  0.000000  -87.821854
0.000000  0.000000  16.331104
0.000000  0.000000  101.076080
0.000000  0.000000  -148.408508
0.000000  0.000000  172.133209
0.000000  0.000000  -143.779938
0.000000  0.000000  153.161407
0.000000  0.000000  -136.263916
0.000000  0.000000  141.664932
0.000000  0.000000  -82.083641
0.000000  0.000000  -68.693550
0.000000  0.000000  249.551529
0.000000  0.000000  -185.932449
0.000000  0.000000  127.837578
0.000000  0.000000  -112.025581
0.000000  0.000000  41.856232
0.000000  0.000000  121.091774
0.000000  0.000000  -178.784714
0.000000  0.000000  107.314606
0.000000  0.000000  -13.325740
0.000000  0.000000  76.888260
0.000000  0.000000  -169.371094
0.000000  0.000000  277.044098
0.000000  0.000000  -204.909027
0.000000  0.000000  120.118355
0.000000  0.000000  -122.982780
0.000000  0.000000  103.935020
0.000000  0.000000  -7.823301
0.000000  0.000000  91.854538
0.000000  0.000000  -165.454590
0.000000  0.000000  51.287064
0.000000  0.000000  137.748993
0.000000  0.000000  -70.782234
0.000000  0.000000  3.366692
0.000000  0.000000  -88.624130
0.000000  0.000000  110.452148
0.000000  0.000000  44.615231
0.000000  0.000000  -97.338326
0.000000  0.000000  42.135838
0.000000  0.000000  5.645538
0.000000  0.000000  90.305634
0.000000  0.000000  -137.870880
0.000000  0.000000  130.264069
0.000000  0.000000  -112.536880
0.000000  0.000000  125.533142
0.000000  0.000000  -63.307117
0.000000  0.000000  42.774673
0.000000  0.000000  -114.972275
0.000000  0.000000  184.561966
0.000000  0.000000  -132.850952
0.000000  0.000000  29.060734
0.000000  0.000000  34.145687
0.000000  0.000000  6.732379
0.000000  0.000000  42.449997
0.000000  0.000000  -17.494373
0.000000  0.000000  -149.463989
0.000000  0.000000  171.403061
0.000000  0.000000  46.093796
0.000000  0.000000  -147.800629
0.000000  0.000000  158.686218
0.000000  0.000000  -148.669861
0.000000  0.000000  59.457031
0.000000  0.000000  26.091900
0.000000  0.000000  134.450470
0.000000  0.000000  -234.317245
0.000000  0.000000  94.943497
0.000000  0.000000  12.281919
0.000000  0.000000  -8.101019
0.000000  0.000000  95.938477
0.000000  0.000000  -141.711960
0.000000  0.000000  60.856289
0.000000  0.000000  50.451431
0.000000  0.000000  28.645346
0.000000  0.000000  -96.693672
0.000000  0.000000  42.143574
0.000000  0.000000  3.090813
0.000000  0.000000  20.141336
0.000000  0.000000  19.802578
0.000000  0.000000  13.356251
0.000000  0.000000  -134.179199
0.000000  0.000000  208.228424
0.000000  0.000000  -135.865845
0.000000  0.000000  47.005898
0.000000  0.000000  12.807338
0.000000  0.000000  82.545952
0.000000  0.000000  -204.218613
0.000000  0.000000  257.119537
0.000000  0.000000  -163.380920
0.000000  0.000000  174.607178
0.000000  0.000000  -161.736130
0.000000  0.000000  66.842590
0.000000  0.000000  9.852628
0.000000  0.000000  52.265884
0.000000  0.000000  -11.046366
0.000000  0.000000  -233.119949
0.000000  0.000000  231.094528
0.000000  0.000000  42.509937
0.000000  0.000000  -232.509109
0.000000  0.000000  256.353668
0.000000  0.000000  -72.681656
0.000000  0.000000  -103.602058
0.000000  0.000000  85.808907
0.000000  0.000000  -23.964296
0.000000  0.000000  22.152739
0.000000  0.000000  70.406548
0.000000  0.000000  -93.352242
0.000000  0.000000  48.636593
0.000000  0.000000  -156.193115
0.000000  0.000000  239.267731
0.000000  0.000000  -106.707611
0.000000  0.000000  -72.794312
0.000000  0.000000  190.554626
0.000000  0.000000  -186.758499
0.000000  0.000000  206.670319
0.000000  0.000000  -131.334335
0.000000  0.000000  25.704666
0.000000  0.000000  19.882032
0.000000  0.000000  60.490891
0.000000  0.000000  -39.024136
0.000000  0.000000  -86.781837
0.000000  0.000000  128.401901
0.000000  0.000000  -103.293953
0.000000  0.000000  80.705635
0.000000  0.000000  -23.859201
0.000000  0.000000  57.816349
0.000000  0.000000  -79.588127
0.000000  0.000000  22.615936
0.000000  0.000000  0.228284
0.000000  0.000000  82.234390
0.000000  0.000000  -50.028866
0.000000  0.000000  -107.237221
0.000000  0.000000  172.298874
0.000000  0.000000  -111.108971
0.000000  0.000000  35.381397
0.000000  0.000000  15.656642
0.000000  0.000000  46.442802
0.000000  0.000000  -99.896889
0.000000  0.000000  59.309517
0.000000  0.000000  -24.440304
0.000000  0.000000  107.695961
0.000000  0.000000  -135.089340
0.000000  0.000000  131.520493
0.000000  0.000000  -139.904800
0.000000  0.000000  149.404709
0.000000  0.000000  -58.227360
0.000000  0.000000  -129.967667
0.000000  0.000000  214.412277
0.000000  0.000000  -80.014526
0.000000  0.000000  -951.523376
0.000000  0.000000  952.900879
0.000000  0.000000  -956.368530
0.000000  0.000000  1052.136230
0.000000  0.000000  -936.186340
0.000000  0.000000  1031.847534
0.000000  0.000000  -1047.755737
0.000000  0.000000  941.898804
0.000000  0.000000  0.000000
0.000000  0.000000  -1001.727478
0.000000  0.000000  1004.878967
0.000000  0.000000  -177.143753
0.000000  0.000000  183.866623
0.000000  0.000000  -946.773865
0.000000  0.000000  952.616699
0.000000  0.000000  -1034.237671
0.163222  0.000000  934.038330
-0.181273  0.000000  -1037.338135
0.000000  0.000000  1009.447144
0.000000  0.000000  -932.884216
0.000000  0.000000  1030.234619
0.000000  0.000000  -1027.862915
0.000000  0.000000  932.486145
0.000000  0.000000  -1016.415161
0.000000  0.000000  1018.359497
0.000000  0.000000  -940.022339
0.000000  0.000000  1042.835083
0.000000  0.000000  -940.575989
0.000000  0.000000  1036.561279
0.000000  0.000000  0.000000
0.000000  0.000000  -1052.536255
0.000000  0.000000  946.622803
0.000000  0.000000  -1043.883789
0.000000  0.000000  956.258362
0.000000  0.000000  -1055.962402
0.000000  0.000000  934.353577
0.000000  0.000000  -1046.672974
0.000000  0.000000  944.276367
0.000000  0.000000  -906.646790
0.000000  0.000000  807.253845
0.000000  0.000000  175.613754
0.000000  0.000000  -1035.449829
0.000000  0.000000  946.536438
0.000000  0.000000  -1053.096802
0.000000  0.000000  1016.340515
0.000000  0.000000  -903.374451
0.000000  0.000000  1007.047974
0.000000  0.000000  -1012.326477
0.000000  0.000000  1014.750916
0.000000  0.000000  -996.152222
0.000000  0.000000  1000.110962
0.000000  0.000000  -1008.319580
0.000000  0.000000  934.690125
0.000000  0.000000  -1054.380371
0.000000  0.000000  943.311035
0.000000  0.000000  -946.320740
0.000000  0.000000  1044.987061
0.000000  0.000000  -948.785767
0.000000  0.000000  1046.646484
0.000000  0.000000  -731.956360
0.000000  0.000000  804.964844
0.000000  0.000000  -96.390938
0.000000  0.000000  -939.543579
2.141532  0.000000  947.162598
-2.389291  0.000000  0.000000
0.000000  0.000000  -568.859375
0.000000  0.000000  14.945481
0.000000  0.000000  605.134155
0.000000  0.000000  -62.346462
0.000000  0.000000  -60.563587
0.000000  0.000000  -18.743273
0.000000  0.000000  -893.747009
0.000000  0.000000  950.784424
0.141740  0.000000  -198.221848
-0.125637  0.000000  22.008133
0.000000  0.000000  140.196915
0.000000  0.000000  -212.329483
0.000000  0.000000  172.684387
0.000000  0.000000  -882.321899
0.000000  0.000000  923.301392
0.000000  0.000000  -89.202812
0.000000  0.000000  50.071289
0.000000  0.000000  -13.307674
6.055754  0.000000  -357.489716
-6.105014  0.000000  408.781708
0.000000  0.000000  -916.595459
0.000000  0.000000  1010.331360
0.000000  0.000000  -235.266266
0.000000  0.000000  -683.634277
0.000000  0.000000  837.082520
0.000000  0.000000  -52.937412
0.000000  0.000000  -959.527527
0.000000  0.000000  1034.108887
0.010966  0.000000  -937.941467
-0.012134  0.000000  1037.830688
0.000000  0.000000  -945.609558
0.000000  0.000000  1032.720093
3.051382  0.000000  -928.815125
-3.363374  0.000000  1023.782837
0.000000  0.000000  -1016.166382
0.000000  0.000000  1032.771484
0.000000  0.000000  -927.901855
0.000000  0.000000  1028.856201
0.000000  0.000000  -234.015747
0.000000  0.000000  0.146804
0.000000  0.000000  177.750305
0.000000  0.000000  -184.949707
0.000000  0.000000  -96.480606
0.000000  0.000000  328.474396
0.000000  0.000000  -944.745178
0.000000  0.000000  854.900757
0.000000  0.000000  -446.291077
0.000000  0.000000  -166.494049
0.000000  0.000000  557.068787
0.000000  0.000000  -1017.461182
0.000000  0.000000  968.329346
0.000000  0.000000  -212.825165
0.000000  0.000000  93.618385
0.000000  0.000000  -199.832748
0.000000  0.000000  318.883881
0.000000  0.000000  -234.232193
0.000000  0.000000  43.916336
0.000000  0.000000  217.179703
0.000000  0.000000  -642.282715
0.000000  0.000000  618.347046
0.000000  0.000000  -511.048798
0.000000  0.000000  461.424408
0.000000  0.000000  -610.411926
0.000000  0.000000  473.637268
0.000000  0.000000  -596.228333
0.000000  0.000000  517.205017
0.000000  0.000000  -220.090073
0.000000  0.000000  203.409653
37.717476  91.421219  107.780678
-37.436413  -90.739967  -998.139648
0.000000  84.780991  932.590881
95.089767  -95.089767  -1045.987427
-86.770721  0.000000  954.477905
93.713501  0.000000  -943.476868
-84.606171  84.606171  851.787231
0.000000  -91.558693  -73.417061
0.000000  0.000000  -925.774109
0.000000  0.000000  791.578796
0.000000  0.000000  -69.918663
0.000000  0.000000  -1.862625
92.559975  92.559975  288.059326
-91.890785  -91.890785  -1010.798645
0.000000  0.000000  1021.817749
0.000000  0.000000  -180.792465
0.000000  0.000000  197.964783
0.000000  0.000000  -276.103638
0.000000  0.000000  -1.839723
0.000000  0.000000  -1.836206
0.000000  0.000000  -1.835261
0.000000  91.235611  300.755341
90.096748  -90.096748  -991.064209
-90.524544  0.000000  995.769958
0.000000  0.000000  -309.725922
0.000000  0.000000  -0.439834
0.000000  0.000000  -0.447372
86.115509  86.115509  300.902557
-85.629105  -85.629105  -941.920166
12.523068  94.334106  1037.675171
-11.364624  -85.607742  -941.685181
0.000000  0.000000  1043.280518
0.000000  0.000000  -945.588074
0.000000  0.000000  1049.503540
0.000000  0.000000  -303.223999
0.000000  0.000000  -1.779640
0.000000  0.000000  -1.776375
0.000000  0.000000  -1.772828
0.000000  0.000000  -1.770241
0.000000  0.000000  -1.763741
0.000000  0.000000  -1.762439
0.000000  0.000000  -1.755316
0.000000  0.000000  4.107184
0.000000  0.000000  -0.920056
0.000000  0.000000  -0.916437
0.000000  0.000000  -1.787805
0.000000  0.000000  -1.021265
0.000000  0.000000  -1.017650
0.000000  0.000000  -1.013159
0.000000  0.000000  -0.436276
0.000000  0.000000  -0.651437
0.000000  0.000000  -0.889574
0.000000  0.000000  -0.882696
0.000000  0.000000  -0.753579
0.000000  0.000000  -0.857731
0.000000  0.000000  -3.058639
0.000000  0.000000  1.861672
0.000000  0.000000  22.794867
0.000000  0.000000  2.254206
0.000000  0.000000  2.259564
0.000000  0.000000  2.262307
0.000000  0.000000  2.264533
0.302284  0.000000  2.267447
5.200758  0.000000  2.267666
5.232378  0.000000  2.272036
5.263682  0.000000  2.274287
5.297607  0.000000  2.274853
0.166796  0.000000  -29.914728
0.164653  0.000000  -1.698846
0.162566  0.000000  -1.693680
0.160431  0.000000  -1.692496
0.158353  0.000000  -1.687537
0.156229  0.000000  -1.686387
0.154164  0.000000  -1.681220
0.152083  0.000000  -1.678635
0.150019  0.000000  -1.675288
0.147953  0.000000  -1.672074
0.338206  0.000000  7.662202
0.337430  0.000000  -0.455961
0.336627  0.000000  -0.452213
0.335854  0.000000  -0.450178
