-2.553473  12.331185  -4.907378
-2.770036  10.202652  -6.924023
-2.890621  8.257328  -8.140306
-2.952599  7.126112  -9.058579
-2.824781  5.144242  -12.090943
-2.776242  3.876338  -13.987177
-2.743392  3.464877  -14.653787
-2.705400  3.074596  -15.322240
-2.516316  2.302186  -16.713228
-2.257543  1.354059  -18.315926
-1.657139  0.268699  -17.223078
-1.321987  0.016872  -19.803635
-2.066745  -1.058987  -22.507086
-1.078787  -0.187782  -19.114288
-0.413221  -0.513909  -15.609066
-0.204484  -0.505580  -13.544705
-0.099987  -0.505344  -11.486963
-0.915004  -1.319569  -10.630642
-0.016271  -0.449852  -9.567360
0.075613  -0.328465  -6.213455
0.073992  -0.248155  -5.048629
0.029281  -0.216544  -4.018724
-0.751777  -0.970478  -4.006759
0.031102  -0.119391  -1.817827
0.038989  -0.121885  -1.721082
0.028123  -0.097051  -1.478770
0.027087  -0.108537  -1.251525
0.036660  -0.076210  -1.009216
0.018534  -0.038729  -0.814649
-0.000646  -0.063771  -0.659344
0.000412  -0.043156  -0.977244
-0.002049  -0.007159  -0.901207
-0.001405  -0.008477  -0.729524
0.017388  -0.010820  -0.588832
0.010605  -0.032226  -0.474895
-0.689141  -0.888065  -1.261247
-0.015013  -0.005190  -0.207322
-0.016172  -0.020624  -0.193917
-0.036095  -0.020080  -0.172483
-0.006058  0.022893  -0.137530
0.008370  0.030717  -0.384880
0.013212  -0.013081  -0.350177
-0.002298  -0.032540  -0.298537
-0.017710  -0.032753  -0.239587
-0.001965  -0.001637  -0.191941
0.002393  -0.015712  -0.154209
-0.012381  0.001041  -0.123857
0.003705  -0.006387  -0.098577
0.002688  0.003828  -0.080336
0.002088  0.002989  -0.064861
-0.012556  0.038472  -0.116810
0.002315  -0.015434  -0.119596
0.008348  -0.034456  -0.105123
0.003001  0.011338  -0.081869
-0.002241  0.024306  -0.068408
-0.000957  0.021916  -0.056018
0.019667  0.012809  -0.045031
0.010210  -0.021865  -0.036176
-0.001282  -0.039511  -0.027834
-0.001698  0.001322  -0.021900
0.008765  0.040559  -0.180964
-0.751954  -0.907816  -1.346582
0.003608  -0.035674  -0.102906
-0.015058  -0.023043  -0.097089
-0.032944  -0.010572  -0.085133
-0.006137  -0.015399  -0.066883
0.004079  0.025696  -0.056763
0.019472  0.028765  -0.043327
-0.009230  -0.010504  -0.034770
-0.007457  -0.000838  -0.025299
0.003091  0.024175  -0.021235
-0.008516  0.026275  -0.016946
-0.013394  -0.002593  -0.016698
-0.021006  -0.008821  -0.010089
-0.012315  0.003323  -0.009006
0.002063  -0.019384  -0.005549
0.030466  -0.002496  -0.005209
-0.004100  0.005499  -0.005672
0.007904  0.010887  -0.004873
0.022431  -0.005687  -0.002291
-0.033141  0.009451  -0.120406
-0.000005  0.003417  -0.108284
-0.025464  0.019194  -0.087736
-0.001886  -0.011383  -0.071878
0.020481  -0.019353  -0.056487
0.002217  -0.023625  -0.046316
-0.037878  -0.007821  -0.036158
-0.011135  -0.001699  -0.027837
0.029649  0.020740  -0.022403
0.018950  0.028379  -0.013130
-0.002006  0.011101  -0.003180
-0.007359  -0.023147  -0.003922
-0.017155  -0.003605  -0.001071
-0.005847  0.011214  -0.001933
-0.002014  0.020172  -0.000448
0.025944  0.017181  -0.001113
0.053577  0.002455  0.000341
0.015517  -0.021929  -0.001408
0.001282  0.005139  -0.000974
-0.005722  0.002099  -0.001537
-0.044162  0.013393  0.366256
-0.021605  0.005554  0.343811
-0.001207  0.007226  0.249991
0.002726  -0.018948  0.220208
-0.005888  -0.014024  0.184238
-0.009339  -0.034236  0.147937
0.019268  -0.021732  0.120292
0.011552  -0.000245  0.099198
-0.005129  0.012468  0.077343
-0.006618  0.011977  0.059184
-0.043618  0.009787  -0.056074
-0.029254  -0.008938  -0.051603
0.009699  -0.021503  -0.042679
0.017585  0.005119  -0.030500
-0.926170  -1.238364  -1.375616
-0.027239  0.022308  -0.014779
0.005444  -0.003893  -0.016796
0.024082  0.011213  -0.012667
0.001582  -0.006663  -0.010789
0.027931  -0.021262  -0.007120
0.010101  0.041307  0.522384
0.017889  -0.028012  0.488642
-0.025682  -0.009101  0.416507
-0.028493  -0.002472  0.328658
-0.036275  -0.005545  0.266643
0.016556  0.001481  0.211060
0.010543  0.016843  0.172268
-1.003192  -1.305950  -1.289907
0.013216  -0.022576  0.077765
0.026023  0.006235  0.075165
0.004249  0.036715  -0.555231
-0.025083  -0.045049  -0.500780
-0.745524  -1.466697  -1.757622
-0.034107  0.017341  -0.404740
-0.488946  -0.168033  -0.799937
-1.884462  -1.695575  -2.602871
-4.047695  -4.314019  -5.552373
-6.523338  -7.824965  -9.282483
-9.595470  -12.091931  -13.840995
-13.172986  -17.002247  -19.104067
-17.186678  -22.470270  -24.977625
-21.264704  -28.430643  -31.230091
-25.750309  -34.841690  -38.004673
-30.600368  -41.667233  -45.254730
-35.787048  -48.887501  -52.952797
-40.965477  -56.480072  -60.910549
-46.503242  -64.441940  -69.310379
-52.376484  -72.767250  -78.136452
-58.572796  -81.460388  -87.385880
-65.081474  -90.522324  -97.054153
-71.896545  -99.957344  -107.141472
-79.014450  -109.769882  -117.649315
-86.109955  -119.958656  -128.413834
-93.571732  -130.544907  -139.645004
-101.070183  -141.537170  -151.183823
-108.982048  -152.951981  -163.230881
-116.968445  -164.794846  -175.620270
-125.402847  -177.085236  -188.553116
-134.266632  -189.836151  -202.029358
-143.225174  -203.055908  -215.887207
-152.655365  -216.766525  -230.331284
-162.541687  -230.983536  -245.364914
-0.429573  0.258354  4.894375
128.655975  184.422577  204.313538
231.454483  331.666321  364.191437
314.898346  451.222717  494.116638
382.677917  548.926636  600.733398
438.435852  629.887329  689.512024
485.032684  698.121643  764.755615
525.522034  757.385010  830.166504
560.562744  809.230225  887.787170
591.536560  855.579102  939.665527
619.490906  897.885925  987.350159
645.241882  937.285583  1032.050659
670.315796  975.386658  1075.168091
695.044189  1012.746765  1117.356201
718.817627  1049.112793  1158.707764
742.875854  1085.653442  1200.130493
766.488770  1121.943359  1241.530518
790.793640  1159.002686  1283.653809
814.963989  1196.264038  1326.250977
840.097229  1234.693481  1370.011108
865.321106  1273.657227  1414.612427
890.802979  1313.340576  1460.223999
916.700439  1353.932861  1507.029907
943.125488  1395.563232  1555.152954
970.171753  1438.343872  1604.702515
997.914734  1482.366699  1655.769043
1027.316650  1528.448486  1708.906616
1057.399048  1575.837036  1763.684814
1089.147217  1625.364502  1820.664307
1.348965  -1.856232  -15.577974
-869.668518  -1304.854980  -1485.635620
-1574.580566  -2359.426270  -2675.097168
-2151.777832  -3223.103271  -3649.146484
-2631.633057  -3941.293945  -4459.018555
-3037.372070  -4548.606445  -5143.548340
-4.686039  0.954562  19.313869
2421.571045  3641.216064  4150.502930
4381.056152  6581.604492  7487.636719
5984.007324  8986.863281  10217.868164
7313.646484  10982.463867  12483.283203
8435.457031  12666.013672  14394.873047
2.417443  0.813533  7.884861
-0.019659  -0.588115  -1.007430
-0.070721  1.134754  -4.633840
1.281198  5.179006  -4.310205
4.258768  11.289663  -0.605842
8.558070  19.098738  5.828156
13.442121  28.133366  14.262650
19.328386  38.402916  24.586401
25.555857  49.546001  36.267948
32.602028  61.660152  49.351894
39.851326  74.450714  63.425053
47.817680  88.068863  78.626251
55.913158  102.260582  94.613838
64.675468  117.212784  111.587166
74.035980  132.884567  129.476181
83.442207  149.060806  148.004028
92.947258  165.754013  167.173553
102.603035  182.992233  187.008347
-0.468588  -0.559388  -0.951371
-81.109047  -144.684189  -147.938660
-144.909790  -258.484863  -263.581604
-195.747528  -348.927277  -355.065826
-236.154480  -421.322632  -427.678162
-268.570435  -479.913483  -485.827759
-294.851837  -527.926697  -532.869446
-316.904663  -567.941833  -571.674866
-335.288147  -601.801941  -603.932495
-350.882904  -631.007446  -631.208618
-364.837799  -656.797852  -654.987244
1.025631  1.247914  -5.039228
295.260376  529.920715  517.667480
534.638855  959.491333  942.927429
731.949280  1313.041626  1293.457520
897.447327  1608.729614  1587.224976
1038.790283  1860.438721  1837.878174
1161.734009  2078.953857  2055.928467
1270.906982  2272.600586  2249.578613
1370.004028  2448.021484  2425.376953
1461.811523  2610.227783  2588.261963
1548.505981  2763.132080  2742.091064
1631.786987  2909.789551  2889.876709
1713.157837  3052.554443  3034.033936
1793.510376  3193.437256  3176.438965
1873.672729  3333.910645  3318.549561
1954.467896  3475.092529  3461.565918
2036.254028  3618.025391  3606.413574
2119.710449  3763.555176  3754.031006
-1.365774  -1.751975  4.394152
-1696.769775  -3010.817871  -2991.718018
-3064.223633  -5438.185547  -5407.912598
-4181.679688  -7421.173340  -7381.348633
-5107.887695  -9064.175781  -9016.022461
3.794490  3.173521  -10.539889
4093.968506  7258.476074  7195.646484
7399.269531  13121.500000  13019.364258
10102.185547  17915.960938  17782.064453
12346.626953  21896.570312  21736.851562
14241.322266  25256.882812  25075.712891
15872.400391  28149.660156  27950.355469
17305.271484  30690.914062  30475.984375
18590.748047  32970.765625  32742.097656
19768.441406  35059.476562  34818.468750
20869.224609  37011.804688  36759.476562
21917.363281  38870.226562  38607.472656
22932.476562  40669.644531  40397.093750
23928.865234  42436.074219  42153.976562
24918.076172  44189.960938  43898.441406
25909.349609  45947.660156  45646.738281
26910.611328  47723.207031  47412.816406
27927.394531  49526.406250  49206.425781
28964.410156  51365.597656  51035.863281
30026.386719  53249.160156  52909.449219
31116.431641  55182.605469  54832.660156
32238.123047  57172.285156  56811.808594
33394.128906  59222.371094  58851.222656
-1.243899  0.428960  -0.852705
-26712.835938  -47369.140625  -47073.968750
-48309.152344  -85667.257812  -85131.906250
-65983.109375  -117009.406250  -116277.007812
-80656.585938  -143030.406250  -142133.937500
-93043.664062  -164996.640625  -163961.187500
-103697.226562  -183888.578125  -182733.171875
-113054.148438  -200480.984375  -199219.796875
-121444.242188  -215358.750000  -214002.328125
-129130.843750  -228989.359375  -227545.265625
-136319.546875  -241737.328125  -240210.875000
2.688886  -3.353697  0.833400
109026.351562  193323.593750  192110.843750
197069.468750  349446.906250  347251.906250
269019.531250  477033.312500  474036.062500
-4.082466  2.887155  -1.296791
-215460.781250  -382043.343750  -379649.812500
-389760.531250  -691109.875000  -686776.312500
-1.401090  0.322978  -0.645352
-0.782968  -0.050534  -0.485720
-0.711479  -0.144376  -0.441756
-356.047058  -630.157349  -625.917175
-0.615332  -0.163228  -0.384658
-71.589088  -126.580338  -125.780022
-0.410897  -0.160511  -0.310627
-0.379055  -0.227379  -0.276578
-0.294683  -0.163700  -0.242934
-0.294962  -0.160043  -0.229348
-0.273801  -0.179748  -0.192216
-355.715729  -630.392395  -625.932007
-998.529785  -1770.098022  -1757.594727
-0.190183  -0.075612  -0.118238
-0.143840  -0.108664  -0.099781
-0.060285  -0.110039  -0.076456
-354.899597  -629.414124  -624.942566
-996.631287  -1767.415283  -1754.938965
-1872.755981  -3321.041504  -3297.646484
-2943.759033  -5220.243164  -5183.507812
-4178.750000  -7410.830078  -7358.553711
0.088836  0.059265  0.072156
0.030494  0.123174  0.095702
0.076857  0.071983  0.120661
-355.215790  -630.156494  -625.628418
-997.746826  -1769.806885  -1757.240112
0.140974  0.187760  0.192339
442.391998  784.654602  779.033752
443.936707  787.427856  781.682190
92.947197  164.886169  163.413788
-542.747986  -962.674133  -956.323059
-1411.009033  -2502.781982  -2485.708740
-2472.806152  -4386.219238  -4356.012695
-3697.719971  -6559.036133  -6513.666016
0.376768  0.422875  0.374130
0.426226  0.324746  0.424697
0.409688  0.391179  0.440018
-356.007233  -631.864502  -627.434265
0.471102  0.438867  0.489877
-70.426163  -125.486061  -124.522125
-483.745270  -858.935364  -852.819092
-1174.429321  -2084.503418  -2069.801270
-2092.358643  -3713.281494  -3687.180908
-3199.064453  -5677.029785  -5637.194824
-4465.802734  -7925.333496  -7869.621582
-5870.794434  -10418.882812  -10345.614258
-7397.453613  -13128.283203  -13035.977539
0.673655  0.678057  0.714102
0.729273  0.739721  0.730141
0.799781  0.756310  0.758783
-349.708344  -621.404541  -617.052490
-983.377136  -1746.113403  -1733.909058
0.814749  0.859607  0.837810
0.865832  0.873975  0.862321
-350.015045  -621.994263  -617.656006
-984.516541  -1748.290039  -1736.094971
-1851.353394  -3286.999512  -3264.075928
-2910.687012  -5167.422852  -5131.392090
-4132.037109  -7335.470703  -7284.331055
-5493.156738  -9752.237305  -9684.099609
-6977.032715  -12386.852539  -12300.231445
-8570.821289  -15216.553711  -15110.115234
1.092031  1.126069  1.097940
6506.577637  11550.223633  11469.375977
11415.044922  20264.072266  20122.224609
15084.445312  26778.138672  26590.664062
17790.617188  31582.113281  31360.962891
1.216410  1.153160  1.234772
1.229066  1.244925  1.257042
1.251611  1.304734  1.281660
-339.499207  -604.367920  -600.051392
-955.746277  -1699.187500  -1687.158569
1.283444  1.334935  1.351977
425.414886  755.268799  749.887451
1.268789  1.424381  1.404826
-679.847107  -1208.712036  -1200.229248
-1571.572266  -2793.417969  -2773.693604
1.562842  1.394068  1.476321
1.523367  1.571542  1.502935
1.698679  1.551340  1.529536
-340.127899  -605.927856  -601.697021
-958.460266  -1704.553101  -1692.669312
1.547292  1.618452  1.605436
427.219208  758.392578  753.079651
429.421021  762.164734  756.943420
1.617479  1.701233  1.536022
1.701362  1.677655  1.626128
-340.170471  -605.881165  -601.631104
-957.926270  -1704.178955  -1692.084106
-1801.151733  -3203.556396  -3180.721191
-2831.165527  -5035.220703  -4999.247070
-4019.702393  -7148.333008  -7097.350586
1.969335  1.724732  1.816676
2879.607422  5117.521973  5081.250000
1.730789  2.246409  1.884280
-2638.111816  -4689.856934  -4657.336426
1.193595  4.371009  1.879175
1.342715  4.700730  1.959836
1.089414  2.881345  1.990652
1.335499  1.237866  1.902794
1.617785  1.792524  1.940213
1.874139  1.628774  2.051313
-337.160217  -601.569275  -596.720459
-950.261108  -1691.898438  -1679.268311
-1787.006226  -3180.310547  -3157.032471
-2809.832764  -4999.958496  -4963.647949
3.586552  -0.618324  2.219756
2.515319  2.201025  2.106062
-337.916870  -599.839539  -597.932373
-952.460083  -1690.426880  -1682.553589
-1791.108643  -3180.420654  -3163.362549
-2815.876221  -5001.518066  -4972.825684
-3997.540283  -7101.734375  -7059.357910
-5314.976562  -9443.491211  -9385.673828
-6751.531250  -11997.161133  -11922.375000
-8294.666992  -14740.443359  -14647.333984
0.745506  3.609693  2.557614
5.312451  1.500841  2.464911
-331.288361  -605.311218  -598.561890
4.816153  2.013808  2.566855
4.750941  1.784256  2.654265
-335.162262  -603.498901  -598.033447
3.796125  2.213702  2.634784
-65.391693  -118.645180  -118.078964
-461.283752  -821.670715  -816.647217
-1121.908325  -1996.435303  -1983.466431
2.188581  3.808001  2.770961
561.186462  998.074280  990.159241
672.090271  1195.187500  1185.907837
3.229102  1.977096  2.869036
-872.261658  -1558.247803  -1545.027588
-1920.347778  -3425.095947  -3397.720703
4.154239  1.092619  2.887985
2.922046  2.787012  2.863484
-337.369537  -599.616516  -596.762512
-951.564453  -1690.018311  -1680.768799
2.751892  3.451724  3.069822
426.918854  754.450989  750.515564
2.556899  3.370911  2.988606
-676.140076  -1201.738403  -1194.961914
3.492248  2.846362  3.069981
207.762466  362.376953  361.514130
3.048691  3.364311  3.140046
3.019295  3.295727  3.177849
-336.539093  -601.117371  -596.997375
3.011454  3.358818  3.233736
-64.539078  -116.846039  -116.219101
-458.259155  -817.684937  -812.303345
-1116.208862  -1988.912354  -1975.535156
3.199119  3.387337  3.348538
559.795105  993.255371  986.791260
670.232849  1189.006226  1181.497437
424.724548  751.182556  746.923401
3.412372  3.484745  3.459370
-672.345459  -1198.331421  -1190.666870
3.514128  3.484611  3.169590
3.503572  3.528077  3.216268
-334.643951  -599.156250  -595.171082
-946.143860  -1689.112793  -1677.358765
3.590006  3.584896  3.319674
3.621419  3.628014  3.525065
-334.929138  -599.359070  -595.196655
3.728238  3.703728  3.605325
3.709532  3.736850  3.669197
3.716343  3.761790  3.719646
3.778029  3.743199  3.748469
3.796551  3.799045  3.780004
-334.631836  -599.073730  -594.977966
-946.073975  -1688.890137  -1677.176147
3.842921  3.864776  3.862002
3.912179  3.911004  3.906075
3.929521  3.930810  3.934912
3.937210  3.959893  3.964321
3.939337  4.004900  3.992811
3.982352  4.019432  3.538241
4.083567  4.005515  3.593786
4.103823  4.062364  3.712049
4.102504  4.045387  3.810385
-334.628265  -599.639832  -595.650635
4.141733  4.161997  3.922491
-63.567959  -116.508011  -115.998627
4.205637  4.190662  4.130675
4.202161  4.195802  4.163841
4.229792  4.258151  4.197884
4.254626  4.301099  4.652940
4.303998  4.288149  4.683123
4.318666  4.306433  4.635967
4.338361  4.353514  4.608803
4.383627  4.383387  4.584524
4.400699  4.403674  4.575143
4.406390  4.418769  4.574348
4.454281  4.485653  4.574805
4.499952  4.500986  4.583185
-333.937195  -598.998718  -594.796265
4.532598  4.561256  4.364277
4.575970  4.564155  4.376211
4.604987  4.629362  4.418808
4.622549  4.645616  4.484651
4.650771  4.647322  4.541759
4.661416  4.685981  4.592537
4.682145  4.704375  4.638749
4.751509  4.707652  4.682952
4.807700  4.745153  4.717096
4.792745  4.778351  4.756087
4.786353  4.847660  4.496404
4.836535  4.858207  4.545961
-333.025726  -597.900208  -594.072388
4.900567  4.905942  4.760133
4.899326  4.914163  4.796124
4.954174  4.937064  4.842916
4.963617  4.979296  4.886731
4.972978  4.990818  4.931812
5.009500  5.010299  4.977435
5.026070  5.013083  5.014285
5.057912  5.101048  5.687158
5.089116  5.096487  5.681300
5.094632  5.136856  5.627199
5.149319  5.152979  5.558277
5.203815  5.205025  5.497802
5.219485  5.198556  5.464859
5.250469  5.225509  5.406470
-331.963104  -597.191711  -592.810791
5.277328  5.285750  5.443457
5.311376  5.301742  5.423712
5.320454  5.366007  5.413697
5.370073  5.400476  5.438496
5.421298  5.416604  5.455024
5.459607  5.445913  5.472283
5.441388  5.449705  5.491154
5.468017  5.470337  5.512768
5.492296  5.510683  5.534773
5.513040  5.537452  5.555532
-331.494354  -596.711060  -592.438538
5.598216  5.563483  5.603156
5.597515  5.613831  5.570129
5.629878  5.627947  5.595664
5.672418  5.658557  5.630799
5.680358  5.704980  5.664201
5.698296  5.739188  5.697843
5.719578  5.753470  5.730731
5.732601  5.753314  5.760952
5.763437  5.785493  5.789640
5.821605  5.803078  5.820209
5.850379  5.827891  5.848333
5.856375  5.905273  5.748557
5.904880  5.875169  5.774624
5.897319  5.904353  5.848324
5.933469  5.944036  5.879331
5.972046  5.975451  5.922641
5.983506  6.046785  5.963380
6.041139  6.038224  5.999316
6.080312  6.073934  6.032218
6.080897  6.120721  6.065048
6.099909  6.136023  6.097708
6.102371  6.185030  6.450231
6.140886  6.175949  6.456660
6.187522  6.184206  6.440562
-330.517212  -595.482544  -591.168762
6.231145  6.244357  6.364759
6.262073  6.246053  6.380527
6.299831  6.306506  6.395842
6.298233  6.346385  6.402202
-330.315125  -595.322021  -591.043457
6.340566  6.362017  6.442815
6.400483  6.425026  6.217970
6.419466  6.414295  6.258598
6.439663  6.428198  6.317883
6.470961  6.470241  6.372067
6.488803  6.519816  6.420717
6.544854  6.535014  6.464718
-329.534454  -594.919006  -590.727478
6.570969  6.561493  6.555818
6.614362  6.604571  6.584669
6.631941  6.654201  6.613700
6.598263  6.708084  6.955773
6.709187  6.663439  6.972179
6.731148  6.695825  6.954153
6.723031  6.764537  6.936758
6.764979  6.751023  6.924450
6.788970  6.801415  6.917102
6.814282  6.803310  6.919592
6.835129  6.845714  6.929830
6.859322  6.856067  6.935196
6.878073  6.902693  6.949192
-329.164307  -594.700562  -590.435608
6.931484  6.948980  6.978094
7.000254  7.002952  7.004779
7.005220  7.004785  7.027544
7.014136  7.018405  7.049122
7.051912  7.033375  7.071819
7.055324  7.070235  7.095200
7.060800  7.097548  7.117518
7.122076  7.123258  7.141113
7.151105  7.155660  7.165125
7.173079  7.232748  7.068390
7.216116  7.200007  7.100513
-328.856140  -594.245178  -590.209595
7.253035  7.268718  7.172680
7.256693  7.293007  7.243522
7.312427  7.284240  7.271379
7.331893  7.289834  7.306858
7.335299  7.322289  7.339450
7.399299  7.343131  7.372301
7.442343  7.413619  7.401166
7.414848  7.457532  7.565035
7.460929  7.437624  7.591962
7.485073  7.474694  7.592562
7.517330  7.528787  7.600346
7.537399  7.568169  7.609205
7.562407  7.574391  7.622108
-328.137787  -594.018921  -589.719482
7.577561  7.604931  7.648483
7.602901  7.645847  7.671316
7.647671  7.688396  7.696414
7.669703  7.733761  7.487411
7.736660  7.715662  7.523081
7.765943  7.726999  7.576517
7.743822  7.737688  7.640125
7.751245  7.781293  7.693660
7.789480  7.834131  7.740359
7.824156  7.848871  7.783772
7.869986  7.860270  7.824968
7.897667  7.882716  7.858122
-327.999359  -593.758789  -589.692444
7.923820  8.006030  8.087795
8.003997  7.978435  8.118032
8.000942  7.997662  8.136857
8.012173  8.018427  8.143491
8.033703  8.090595  8.146823
8.061344  8.089251  8.153805
8.093249  8.079600  8.165177
8.143628  8.141892  8.181743
8.145285  8.146363  8.198914
8.164605  8.180566  8.214783
8.186037  8.263919  8.020430
8.244514  8.215056  8.050278
-327.609955  -593.712402  -589.735046
8.266780  8.255887  8.141857
8.278258  8.295932  8.236834
8.324750  8.313744  8.268882
8.388769  8.346073  8.309871
8.382186  8.373521  8.345758
8.407211  8.441060  8.379682
8.427165  8.447146  8.411928
8.411652  8.449985  9.047313
8.464296  8.458812  9.042078
8.479506  8.491058  8.988301
8.531079  8.510949  8.922132
8.567792  8.554375  8.872335
8.576484  8.586324  8.839133
8.595088  8.618610  8.813586
8.650356  8.643391  8.770037
8.670472  8.697461  8.785615
8.672774  8.699665  8.786179
8.695143  8.758329  7.755158
8.749275  8.721654  7.833220
8.781779  8.734138  7.992282
8.790438  8.755296  8.170398
8.826521  8.792440  8.329856
8.824836  8.825330  8.456014
8.841837  8.859899  8.559177
8.858953  8.884498  8.642776
8.900401  8.921893  8.720062
8.913247  8.925535  8.786953
8.921534  8.966377  9.595351
8.975183  8.971627  9.635650
-326.473236  -592.812012  -588.041504
9.026866  9.014495  9.618910
9.058860  9.073773  9.421405
9.110292  9.130660  9.379025
9.125659  9.145379  9.348555
-326.535339  -593.033447  -588.790955
9.156470  9.170245  9.353362
9.162337  9.181149  9.307392
9.182453  9.224608  9.196358
9.258301  9.243075  9.227649
-325.614777  -592.275757  -588.051575
9.243258  9.285898  9.286614
9.278482  9.319472  9.311258
9.322903  9.345466  9.338726
9.355247  9.367044  9.365315
9.353839  9.341483  9.393945
9.408710  9.359930  9.420225
9.440966  9.426665  9.444505
9.407068  9.535077  10.073550
9.465107  9.527587  10.075420
9.525114  9.498455  9.986690
-324.801849  -591.271851  -586.604980
9.556516  9.511814  9.943213
-57.548351  -111.032425  -109.761337
9.652732  9.645576  9.753084
9.656751  9.660754  9.769694
9.677328  9.699680  9.780959
9.679170  9.684373  9.783670
9.695570  9.736904  8.901636
9.727900  9.743109  8.964514
9.746807  9.753723  9.105963
9.779854  9.783051  9.272118
9.805679  9.813299  9.395324
9.805297  9.842017  9.500033
-324.545288  -591.104614  -587.168213
9.887288  9.863550  9.619802
-57.407158  -110.690742  -110.218864
-446.267578  -809.378235  -804.107727
9.960845  9.983992  10.402078
10.043140  9.973611  10.225732
9.966440  10.004477  10.209653
10.004449  10.028307  10.193808
10.027199  10.045554  10.188082
10.064545  10.060217  10.190003
10.127371  10.087796  10.197332
10.140696  10.115794  10.202368
10.185487  10.171542  10.217763
10.208072  10.208370  10.231420
10.219698  10.254525  9.809451
-323.649353  -590.134033  -586.739990
10.218239  10.256178  10.028775
10.276924  10.277541  10.066017
10.287796  10.290010  10.116133
10.304302  10.350129  10.179409
10.327079  10.351775  10.236455
10.356283  10.387379  10.286072
10.430487  10.401359  10.333195
10.433511  10.423061  10.372916
10.405265  10.502748  10.755693
10.449139  10.454243  10.769680
10.503094  10.503345  10.752297
10.517934  10.512969  10.733203
-323.011688  -589.579773  -585.164124
10.563668  10.576767  10.673120
10.580988  10.604607  10.688874
10.605577  10.623373  10.707528
10.633556  10.662857  10.715312
10.688187  10.668063  10.730941
10.689317  10.706459  10.833596
10.687266  10.701877  10.854413
10.714849  10.732512  10.852473
10.736376  10.781732  10.861690
10.778940  10.798841  10.868250
10.805706  10.813566  10.881007
10.826355  10.813472  10.893366
-322.122070  -588.513000  -584.210999
10.909760  10.905005  10.919903
10.924198  10.914464  10.941928
10.915287  10.951819  10.107563
10.970291  10.947261  10.195277
10.997344  10.986362  10.346938
11.000606  11.022354  10.502432
11.038003  11.026512  10.627429
11.049155  11.065027  10.737030
11.069496  11.095842  10.825756
11.152870  11.122613  10.899590
-321.829681  -588.011230  -584.151489
11.141237  11.173009  10.992418
-55.426903  -109.046974  -108.250595
11.205393  11.246981  11.888067
11.253694  11.235658  11.668361
11.307450  11.243411  11.659472
11.285514  11.241513  11.607007
11.284403  11.279554  11.567450
11.325592  11.320469  11.541247
11.347194  11.369442  11.525708
11.365044  11.401380  11.517237
11.389869  11.372002  11.519937
11.411088  11.434101  11.127164
11.442826  11.439399  11.172355
11.468103  11.464652  11.238556
11.514115  11.469759  11.310993
11.530744  11.514668  11.375625
11.515898  11.553606  11.455491
11.547979  11.563765  11.488480
11.588683  11.626416  11.525240
11.607086  11.636115  11.564272
11.632632  11.650278  11.601445
11.647058  11.654469  11.330718
11.681390  11.660380  11.367073
11.675062  11.692364  11.462636
11.718422  11.750164  11.536455
11.749467  11.784446  11.605267
11.785421  11.801871  11.660643
-320.510254  -587.161804  -583.067078
11.835223  11.866620  11.782917
11.877251  11.884444  11.805190
11.898273  11.882727  11.840337
11.881880  11.887467  11.870323
11.916855  11.933203  11.902774
11.947180  11.953471  11.936010
11.953695  11.962600  11.963355
12.001779  11.992908  11.991510
12.014941  12.015201  12.016481
12.018803  12.032349  12.046780
12.056896  12.052780  12.072555
12.100714  12.100065  12.099963
12.115888  12.131586  12.122135
-319.620758  -586.065369  -581.882812
12.162985  12.175800  12.345615
12.213172  12.189482  12.358950
12.225273  12.205523  12.371392
12.245877  12.217976  12.366792
12.242966  12.256719  12.364435
12.300992  12.263389  12.374479
12.335317  12.295539  12.379107
12.338000  12.343922  12.392470
12.324017  12.392905  12.405278
12.353159  12.382785  12.430717
12.391429  12.377748  12.453411
12.420169  12.434374  12.470382
-319.062592  -585.556152  -581.354248
12.473748  12.475136  12.500551
12.498162  12.491941  12.522745
12.529032  12.487532  12.543451
12.570579  12.515618  12.564371
12.554439  12.585587  12.584991
12.586192  12.628645  12.609098
12.580607  12.649738  13.054462
12.641388  12.618465  13.054366
12.663336  12.650979  13.013710
12.691746  12.696516  12.969320
12.711077  12.693254  12.941588
-318.492096  -585.053528  -580.628357
12.718112  12.772040  12.865149
12.776720  12.789124  12.881882
12.791894  12.829984  12.892580
12.827530  12.828546  12.903552
12.799528  12.890733  12.840499
12.883747  12.864348  12.864618
-318.691498  -585.217957  -581.143127
12.943690  12.927355  12.918259
12.970206  12.954682  12.942792
12.942918  12.992115  12.970279
12.960356  12.975225  12.995097
12.991040  13.035518  13.020004
-317.901184  -584.358582  -580.214294
13.079168  13.039775  13.066452
13.081400  13.088062  12.647471
13.142332  13.087417  12.652414
13.146525  13.133622  12.744150
13.140072  13.162648  12.848293
13.154936  13.175818  12.940028
13.217140  13.214810  13.011081
13.234105  13.254090  13.072843
13.260650  13.222631  13.126380
13.258578  13.274859  13.177733
13.252036  13.306301  13.221985
13.278521  13.316652  13.488600
-317.349487  -583.914307  -579.346313
13.354851  13.358419  13.525675
13.369621  13.385081  13.473700
13.399676  13.420299  13.490098
13.425009  13.424613  13.502355
13.449702  13.440445  13.514367
13.520297  13.468648  13.526241
13.535300  13.536031  13.542364
13.547562  13.537653  13.559055
13.530029  13.554634  13.731575
13.540071  13.546765  13.740165
13.574064  13.592752  13.736226
13.593796  13.603623  13.732638
-316.507233  -582.901245  -578.601746
13.675058  13.652144  13.720597
-52.536179  -105.514900  -104.811768
13.704978  13.726205  13.764504
13.722200  13.735231  13.773575
13.781772  13.722584  13.792137
13.777658  13.820524  13.390775
13.774273  13.775160  13.427836
13.785000  13.840322  13.533089
13.830091  13.852412  13.602494
13.850060  13.853899  13.678310
13.889167  13.858952  13.740157
13.908183  13.894629  13.798211
-315.950012  -582.399475  -578.304688
13.932388  13.972376  13.908201
13.964507  13.978274  13.936657
13.981648  14.017274  13.989912
13.998857  14.033184  14.011710
14.027865  14.040686  14.041761
14.077991  14.080621  14.067399
14.109800  14.113551  14.093073
14.113317  14.119259  14.115088
14.121432  14.134907  14.143515
14.164073  14.161978  14.166196
14.189118  14.196597  14.191335
-315.841980  -582.084656  -578.086304
-912.688232  -1660.441895  -1649.196045
14.299932  14.221615  14.289528
14.353322  14.280348  14.307666
14.262212  14.292360  14.332664
14.342061  14.300980  14.350329
14.381239  14.339590  14.368889
14.309706  14.328176  14.390927
14.356861  14.379169  14.410438
14.399830  14.409016  14.432700
-314.692322  -580.947449  -576.767090
14.452901  14.470234  14.477349
14.489929  14.491401  14.495086
-314.576324  -580.876160  -576.713135
14.529807  14.517116  14.538634
14.542313  14.568978  14.560419
14.605406  14.576402  14.585026
14.592566  14.585454  14.605528
14.600865  14.613941  14.626237
14.655329  14.630840  14.647649
14.660955  14.650932  14.673260
14.627930  14.718738  15.286096
14.688794  14.698262  15.288598
14.745952  14.723222  15.200495
14.747648  14.769031  15.130457
14.767799  14.803505  15.077233
-313.993195  -580.215332  -575.849915
14.784176  14.789310  14.959640
14.838128  14.786912  14.975918
14.850590  14.842287  14.980968
14.901420  14.870667  14.988552
14.934894  14.890306  14.774567
-313.697968  -580.042480  -576.186401
14.950999  14.950931  14.838122
14.952369  14.984809  14.889215
15.010119  15.015954  14.931333
15.042659  15.023362  14.966316
15.034163  15.059605  15.003553
15.024463  15.074091  15.036235
-313.568939  -579.287170  -575.315247
15.120403  15.112970  15.086154
15.107749  15.163750  14.722251
15.173677  15.119692  14.726028
15.183240  15.169079  14.807203
15.166523  15.212267  14.885429
15.214363  15.224472  14.973336
15.210608  15.227757  15.044282
15.224055  15.284253  15.108088
15.307053  15.297431  15.164598
15.308862  15.259842  15.210732
15.321733  15.304375  15.253635
15.334789  15.360156  15.379521
-312.910400  -579.190063  -574.962036
15.397659  15.383611  15.423243
15.413806  15.431739  15.436864
15.430634  15.434635  15.457212
15.474934  15.502253  15.480169
15.494266  15.517814  15.498646
15.489183  15.508864  15.519787
15.528177  15.525468  15.543528
15.553574  15.558626  15.563932
15.580322  15.551081  15.853362
-312.797302  -578.934509  -574.399841
15.642696  15.602901  15.858871
15.651699  15.647057  15.830829
15.651328  15.639120  15.817188
15.660511  15.698621  15.808105
15.685232  15.733032  15.790494
15.735889  15.746740  15.790987
-312.191711  -578.635803  -574.449219
15.784850  15.753765  15.825505
15.768476  15.808366  15.819885
15.823001  15.817174  15.842732
15.842328  15.834339  15.862379
15.854033  15.861176  15.876441
-312.004578  -578.431030  -574.277039
15.897892  15.885327  15.919100
15.906600  15.892679  15.938533
-312.215576  -578.365540  -574.322693
15.970781  15.971986  15.976709
16.013309  15.990922  16.000120
15.992404  16.031712  15.867366
16.019587  16.033316  15.898233
16.051920  16.084419  15.940403
16.083971  16.100473  15.986793
16.095512  16.105450  16.027277
16.098162  16.096703  16.066656
16.130600  16.121098  16.100708
16.148012  16.178638  16.129534
16.180067  16.196142  16.161726
16.206892  16.191408  16.188036
-311.331024  -577.869751  -573.702942
16.253599  16.232826  15.892710
16.254967  16.271257  15.932287
16.299726  16.284788  16.002626
16.302027  16.295248  16.068752
16.314856  16.323570  16.141171
16.352451  16.344126  16.203688
16.381475  16.374550  16.257204
16.419113  16.396851  16.303652
16.412907  16.419119  16.344412
16.430668  16.445206  16.385201
16.469658  16.466473  16.420776
16.446905  16.486689  16.450895
-310.609894  -576.860535  -572.750427
16.487820  16.566071  16.503941
-49.071754  -102.461487  -101.720764
16.535896  16.572453  16.560078
16.699451  16.533100  16.588469
16.732403  16.596561  16.612192
16.644827  16.647835  16.637100
16.587568  16.673313  16.966185
16.687706  16.656605  16.975725
16.709776  16.693651  16.939217
16.703306  16.730473  16.914722
16.751875  16.727892  16.894602
16.774788  16.767031  16.894653
-310.223602  -576.776611  -572.535217
16.789164  16.838055  16.913662
16.945503  16.797020  16.879408
16.550856  16.863398  16.904430
16.844479  16.837578  16.906168
16.887863  16.893169  16.919884
-309.691010  -576.014221  -571.880310
16.922646  16.924522  16.960983
16.977497  16.962296  16.979794
17.018887  17.010338  16.999979
17.015257  17.040676  17.020800
17.029724  17.019686  17.038380
17.023140  17.001495  17.056196
-309.203033  -575.390991  -571.168579
17.056393  17.110018  17.598589
17.093468  17.120392  17.646753
-309.047638  -575.209045  -570.510437
17.168182  17.150389  17.645624
17.166252  17.182775  17.496178
17.177114  17.178835  17.455057
-308.901001  -575.077515  -570.690186
17.183189  17.253975  17.447037
17.230145  17.256630  17.384209
17.268618  17.267138  17.379173
17.285095  17.310795  16.974932
17.340328  17.318491  17.012573
17.344030  17.346399  17.101299
17.365984  17.372368  17.202541
17.394398  17.358389  17.237686
17.388760  17.376778  17.280334
17.400965  17.408413  17.327166
17.452019  17.443556  17.368034
17.460398  17.419073  17.405195
17.488159  17.473436  17.441807
17.489353  17.553699  17.385468
17.520067  17.513683  17.415514
17.522093  17.532619  17.457050
17.556437  17.545944  17.495161
17.597708  17.585119  17.532627
17.613604  17.610937  17.563385
17.629032  17.626385  17.603226
17.650406  17.677174  17.626564
17.663107  17.697119  17.653004
17.695889  17.726974  17.677130
17.682880  17.777973  17.706232
17.747669  17.714758  17.728804
17.755322  17.747765  17.752197
17.775112  17.756823  17.773678
-308.020020  -574.508118  -570.342529
17.833794  17.798544  17.817881
17.824207  17.818563  17.840021
17.837120  17.845621  17.858631
17.851032  17.867292  17.883842
17.875366  17.883659  17.901094
17.897545  17.937702  18.058832
17.940975  17.950693  18.086393
17.963524  17.958311  18.075623
17.966719  17.980701  18.057915
-307.989197  -574.150757  -570.127625
17.904709  17.092665  18.425392
14.124645  12.741573  19.746826
16.384937  16.484272  20.345722
19.529505  21.001595  19.124678
20.466602  21.260406  18.198475
-304.054443  -570.082397  -569.982056
21.198500  21.029041  17.037624
17.883663  17.689718  17.378540
16.883623  16.824585  17.504786
17.018831  17.034121  17.594870
17.451551  17.400547  17.755201
17.665485  17.637836  17.874680
17.829237  17.772497  17.973877
17.909161  17.847206  18.054155
18.007429  17.980293  18.122555
18.073729  18.087734  19.163177
18.139761  18.118471  19.132750
18.199438  18.182846  18.998081
-306.804626  -573.167664  -568.374512
18.362848  18.346918  18.724699
18.366367  18.354282  18.721310
18.396877  18.394785  18.713337
18.393560  18.409555  18.681549
18.437828  18.437908  18.660770
18.470207  18.492804  18.649822
18.491184  18.517178  17.938847
18.544012  18.518282  17.993799
18.591875  18.524185  18.131651
18.628635  18.618319  18.214447
18.612865  18.610712  18.319393
18.607899  18.603840  18.397326
-306.534424  -572.611511  -568.783691
18.648396  18.661055  18.565996
18.693453  18.699820  18.594620
-306.047943  -572.458252  -568.443054
18.679918  18.754286  18.844849
18.764071  18.757486  18.840246
18.788961  18.743088  18.847702
-305.949799  -572.497437  -568.244019
18.788282  18.817471  18.874846
18.822508  18.833263  18.872261
18.849241  18.846708  18.881001
18.881510  18.876410  18.900627
18.902712  18.889290  18.913736
-305.752075  -572.269714  -568.114807
18.933161  18.931953  18.944763
18.951017  18.973982  18.963911
18.953363  18.990820  18.983110
18.980410  18.995131  19.002937
19.027071  18.991888  19.020937
-305.878357  -572.186829  -568.175293
19.043955  19.040539  19.058878
19.047215  19.081636  19.081318
19.088175  19.108459  19.099112
-305.154144  -571.493225  -567.385071
19.134510  19.125456  19.140274
-45.438129  -98.544853  -97.683868
-421.585663  -783.742920  -778.076660
19.193710  19.201000  19.196043
19.194971  19.223055  19.217661
19.204197  19.230997  19.235687
19.217834  19.244566  19.255558
19.251608  19.277288  19.276962
19.250587  19.300175  19.295658
19.301691  19.312449  19.316288
19.279060  19.353867  19.457872
19.336102  19.352560  19.467573
19.391541  19.361691  19.472286
19.398048  19.384342  19.472107
19.396843  19.384226  19.474476
19.433956  19.406300  19.481730
19.461115  19.422512  19.492395
19.470871  19.458054  19.501152
19.476671  19.459997  19.518942
19.471092  19.490520  19.531857
19.471638  19.547874  19.868217
19.565805  19.547531  19.867870
19.596464  19.580294  19.842913
19.588375  19.611746  19.801897
19.586746  19.608576  19.782045
19.621922  19.601393  19.767166
19.640341  19.627699  19.762117
19.661226  19.647789  19.756365
19.688345  19.666233  19.760952
19.689898  19.719414  19.763720
19.686136  19.764067  20.139942
19.740599  19.742153  20.162464
19.773418  19.759020  20.140593
19.780489  19.797121  20.088554
19.820545  19.804083  20.049540
-303.606842  -569.915771  -565.589966
19.833937  19.846581  19.994081
19.840218  19.855543  19.980207
19.879908  19.895128  19.956482
-303.537476  -569.844421  -565.716492
19.915455  19.937731  19.978758
-44.716934  -97.932915  -97.044739
19.924107  19.938715  20.001448
19.985050  19.924795  20.002565
19.984350  19.970619  20.017811
19.997753  20.013397  20.035620
19.995132  20.019464  20.049805
20.021267  20.042253  20.066706
20.062513  20.045563  20.082348
20.078793  20.087023  20.100672
20.095404  20.173098  19.420805
20.105644  20.152796  19.481539
20.130812  20.132092  19.599112
20.159136  20.139280  19.728823
-303.048492  -569.479431  -565.674805
20.203672  20.172888  20.011047
20.241768  20.184559  20.044416
20.273796  20.222290  20.081020
20.295321  20.249853  20.131742
20.263399  20.281052  20.175220
20.264000  20.301912  20.584307
-302.938904  -568.784729  -564.239685
20.315302  20.316261  20.580536
20.344002  20.352213  20.550781
20.390240  20.390024  20.528736
20.418732  20.355572  20.518776
-302.371063  -568.711426  -564.409973
-886.222107  -1633.585083  -1621.986084
20.436438  20.453350  20.490404
20.453379  20.483702  20.509275
20.460979  20.512640  19.983929
20.512014  20.484884  20.044014
20.551640  20.510181  20.135281
20.555264  20.544109  20.235781
20.553904  20.566418  20.315428
20.565529  20.563196  20.385344
20.568598  20.629574  20.444603
20.609087  20.626463  20.498362
20.664721  20.633738  20.542645
20.676348  20.641582  20.579447
-302.337891  -569.006531  -564.926453
20.669104  20.714127  21.282490
20.709517  20.723469  21.270613
20.713161  20.700245  21.214500
20.746407  20.746426  21.162167
20.763159  20.762102  21.102926
20.772490  20.782816  21.055851
20.777920  20.812372  21.025518
20.836367  20.857946  20.999556
20.873091  20.852074  20.984230
20.852478  20.881216  20.124779
20.853737  20.839710  20.292002
-302.288269  -569.204895  -565.466736
20.913548  20.893440  20.445873
-43.619656  -96.463455  -96.314209
20.950754  20.949669  20.583883
20.990952  20.981390  20.803669
-302.069397  -568.475647  -564.558472
21.024136  21.040462  20.875036
21.034765  21.048254  20.922701
21.023159  21.033562  20.962469
-302.014099  -568.398499  -564.485291
21.103071  21.086699  21.010338
21.086517  21.110821  21.049185
21.086664  21.129049  21.080774
21.127731  21.139910  21.107357
21.167295  21.155235  21.134918
-301.448669  -567.643860  -563.722046
21.179695  21.196459  21.188021
-42.998459  -96.486328  -95.547165
21.216381  21.227766  21.836155
21.209703  21.217762  21.801622
21.255146  21.231882  21.713062
21.263977  21.265621  21.644680
21.290609  21.280403  21.594307
21.310646  21.329348  21.556578
21.357683  21.351873  21.529970
21.349636  21.362097  21.511930
21.364048  21.399059  21.503656
21.391352  21.430386  21.497656
-301.313843  -567.210876  -563.376526
21.437510  21.440670  21.281240
21.431841  21.463326  21.308260
21.459263  21.480286  21.337217
21.486240  21.491550  21.384203
21.517641  21.506186  21.423298
21.536308  21.515865  21.459116
21.542624  21.552511  21.505592
-300.612305  -566.605469  -562.731140
21.561632  21.609232  21.550320
21.596428  21.614075  21.575706
21.602758  21.605034  21.601336
21.606451  21.635435  21.624334
-300.368683  -566.295776  -562.398987
21.713491  21.658482  21.669577
21.711588  21.678171  21.687639
21.693737  21.694349  21.707827
21.694088  21.720118  21.726625
21.706570  21.721361  21.744602
21.750191  21.770792  21.765799
21.809525  21.807497  21.572809
-300.030823  -566.045166  -562.560120
21.790234  21.806328  21.638788
21.831572  21.822901  21.696663
-299.360291  -565.511108  -561.549744
21.865784  21.887138  21.789082
-42.129265  -95.078934  -94.367844
21.920994  21.905163  21.842865
21.885504  21.925480  21.892382
21.929790  21.961908  21.915882
21.949440  21.946678  21.709579
-299.207611  -564.799561  -561.297485
22.000715  21.951422  21.767057
21.997026  21.991936  21.865833
22.018755  22.007717  21.914352
22.036627  22.069605  21.957806
22.068346  22.069941  21.993942
-298.794891  -563.769592  -560.121155
22.111927  22.129217  22.045546
-41.747055  -95.031158  -94.166222
22.154623  22.162529  22.107819
22.135565  22.140350  22.778055
22.152636  22.156227  22.751492
22.200951  22.166958  22.739561
22.222326  22.201748  22.640448
22.209681  22.227854  22.570494
-297.827240  -563.124329  -558.824341
22.278191  22.258865  22.539936
22.283630  22.274054  22.451630
22.295494  22.323868  22.437513
22.305769  22.295830  22.048340
-298.019806  -563.230835  -559.887451
22.349724  22.320721  22.122988
22.366110  22.344057  22.187780
22.381414  22.375380  22.275911
22.407719  22.415020  22.303337
22.438538  22.454817  22.332146
22.463133  22.455076  22.368771
22.456898  22.435608  22.401863
22.467278  22.466347  22.431917
22.502968  22.480808  22.954758
-297.610046  -562.860413  -558.086060
-876.611450  -1621.476685  -1609.345337
22.490305  22.545904  22.962547
22.551126  22.559275  22.794390
-297.086273  -561.889771  -557.937988
22.622269  22.586470  22.706915
22.615160  22.597464  22.717838
22.634100  22.622829  22.724602
22.640799  22.637470  22.724674
22.647434  22.665806  22.299702
22.661488  22.677546  22.337013
22.700048  22.737520  22.403835
22.746510  22.696960  22.482592
22.741749  22.718683  22.549471
22.731829  22.757088  22.608606
22.761162  22.760502  22.652594
22.781790  22.787106  22.696672
22.825123  22.823223  22.732307
22.828167  22.805845  22.766294
22.811186  22.890705  23.052446
22.843182  22.859257  23.069818
22.851128  22.848660  23.067387
22.869518  22.903421  23.044943
22.899494  22.904449  23.034687
22.937502  22.917847  23.027815
22.966311  22.915869  23.022343
22.971466  22.962490  23.023808
22.977213  22.988400  23.029932
22.970985  22.999565  23.041891
22.964354  23.033995  22.551270
23.019209  23.035410  22.602457
23.026379  23.026011  22.772430
23.049883  23.037161  22.816420
23.074112  23.056675  22.851479
23.116980  23.095432  22.914299
23.127659  23.139608  22.969999
23.115015  23.143496  23.015821
23.151421  23.139029  23.057663
23.161324  23.172028  23.093206
23.183447  23.219061  23.330759
23.197765  23.196571  23.336712
23.200813  23.201956  23.334002
23.222284  23.246416  23.326715
-296.128174  -561.139771  -557.262573
23.271708  23.268070  23.341442
23.304789  23.250187  23.324320
23.317623  23.297016  23.337416
23.311140  23.316521  23.348940
23.336681  23.318083  23.360817
23.310667  23.369680  23.852345
23.350378  23.368677  23.841675
23.363424  23.391182  23.764046
23.418772  23.423767  23.708294
23.416262  23.395468  23.663391
23.408897  23.422331  23.633339
23.436903  23.451889  23.610823
-295.146423  -560.266235  -556.168335
23.460651  23.485601  23.557714
23.502724  23.490185  23.570883
23.509022  23.500578  22.888445
23.519011  23.547319  23.001043
23.548599  23.573174  23.121578
-294.987701  -560.161011  -556.561707
23.578226  23.609886  23.248287
23.607805  23.600103  23.336510
23.635090  23.585382  23.404972
23.633812  23.606279  23.497919
-294.948334  -559.658203  -555.897888
23.670450  23.654863  23.561192
-39.579063  -92.795227  -92.002388
23.691393  23.679022  23.777880
23.711082  23.709305  23.789906
23.731632  23.756308  23.792513
23.746721  23.753937  23.799702
23.754393  23.750528  23.808659
23.798615  23.792885  23.816048
23.806931  23.805012  23.830360
23.803198  23.830450  23.842241
23.837362  23.834986  23.850988
23.830835  23.869917  24.171267
23.857519  23.880470  24.179089
-294.386139  -558.982727  -554.881836
23.878944  23.913282  24.164330
23.903376  23.879505  24.043711
23.927509  23.893368  24.049515
23.948595  23.925373  24.047791
23.968449  23.943287  24.049921
23.967556  23.977318  24.049864
23.974127  24.011711  24.052061
23.971031  24.025473  23.981714
24.062120  24.009260  24.001076
-293.929352  -558.611267  -554.799561
24.069225  24.044268  24.043037
24.063736  24.073458  24.064949
-293.713348  -558.017700  -554.244141
24.100979  24.105101  24.102760
24.112564  24.166161  24.123743
24.149366  24.162920  24.139126
-293.567902  -557.943420  -554.170410
24.145941  24.171337  23.957985
24.175188  24.211592  23.993860
24.211967  24.221581  24.040859
24.221977  24.211676  24.091677
24.264553  24.236937  24.133772
24.283659  24.251013  24.170551
24.264400  24.280724  24.206112
24.263554  24.287024  24.235092
24.290056  24.328362  24.262411
24.307400  24.339087  24.287453
24.307920  24.349129  24.218224
24.390207  24.307184  24.250801
24.387871  24.312454  24.279690
24.379272  24.333523  24.306366
-293.171387  -557.590332  -553.839661
24.384214  24.401754  24.356766
24.426348  24.437714  24.395845
24.449865  24.480457  24.420443
24.460770  24.482094  24.443533
24.477043  24.489628  24.461353
24.478832  24.509951  24.301945
24.485416  24.484489  24.329845
24.511250  24.518173  24.372742
24.525890  24.533102  24.447037
24.564240  24.559427  24.472067
24.573801  24.604059  24.503387
24.577337  24.608990  24.530676
24.599586  24.599089  24.560452
24.638617  24.616497  24.591507
-292.103333  -556.653381  -552.750488
24.642124  24.671667  25.035995
24.673723  24.640469  25.032320
24.692589  24.675955  24.976904
24.652367  24.676418  24.935833
24.685963  24.683529  24.904863
24.741404  24.716671  24.884758
24.764200  24.738705  24.846739
24.739679  24.772337  24.854652
24.777525  24.784971  24.857534
24.791010  24.806850  24.855677
24.782280  24.814596  24.519997
24.819458  24.802515  24.558336
24.820969  24.843161  24.613211
24.854984  24.826788  24.679110
24.887468  24.856426  24.732470
24.909817  24.890270  24.775757
24.928255  24.925455  24.816656
24.896849  24.922510  24.845871
24.927292  24.921890  24.877707
24.933743  24.947172  24.907913
24.927303  24.991270  24.801353
24.972309  24.968498  24.823215
24.977186  25.007078  24.862116
24.998156  24.999577  24.926565
-291.497437  -555.530090  -551.810425
25.008619  25.025232  24.970947
25.038317  25.036381  25.001287
25.082314  25.067490  25.029121
25.079498  25.075249  25.051493
25.080135  25.082363  25.073301
25.073679  25.143965  25.711479
25.081511  25.133959  25.689585
25.144402  25.124941  25.502560
25.201797  25.124006  25.484243
25.180811  25.184118  25.467762
25.195114  25.186289  25.417376
25.227476  25.180216  25.388439
25.240469  25.201756  25.365427
25.221329  25.239202  25.354443
25.226337  25.278208  25.346458
25.284086  25.254101  25.024576
-290.742859  -554.640259  -551.392029
25.314589  25.289312  25.094265
-37.324745  -90.186867  -89.262695
25.309172  25.331650  25.162664
25.338675  25.320183  25.272238
25.356180  25.343040  25.300194
-290.349670  -553.922424  -550.255981
25.391380  25.369991  25.339451
25.395533  25.385855  25.367023
25.385416  25.444765  25.664165
25.418367  25.426334  25.668007
25.458933  25.423653  25.648214
25.433973  25.423916  25.619692
25.447348  25.458557  25.606188
25.468563  25.466999  25.592299
25.487331  25.484020  25.585602
-289.929779  -553.988708  -550.034729
25.540779  25.538530  25.569302
25.544050  25.541595  25.583845
25.541103  25.585167  25.132023
25.588108  25.585823  25.152580
25.591568  25.589621  25.251108
25.615713  25.600672  25.331791
25.639271  25.605656  25.401154
25.630320  25.637381  25.500984
-289.799652  -553.295776  -549.687134
25.664259  25.659176  25.546738
25.686071  25.673281  25.588537
25.709925  25.698835  25.623058
-289.617859  -553.211243  -549.575562
25.691013  25.714972  25.914579
25.697510  25.753075  25.918377
25.742882  25.745203  25.922333
25.773422  25.760561  25.902077
25.748217  25.771257  25.889135
25.773560  25.789286  25.862396
25.813602  25.806326  25.869967
-289.453430  -553.085815  -549.330750
25.815958  25.845140  25.884649
25.823006  25.877674  26.345066
25.846674  25.842012  26.328444
25.878164  25.875490  26.253239
-288.786407  -552.520508  -548.376709
25.906267  25.889139  26.085270
25.918440  25.920490  26.088356
25.952768  25.924421  26.083706
25.965021  25.946325  26.073254
25.932199  25.970093  26.060675
25.936050  25.990082  26.057272
25.984648  25.994825  25.369726
26.027285  25.991413  25.416334
26.003960  26.017925  25.519291
26.039333  26.047613  25.642578
26.052467  26.051279  25.732986
26.075422  26.047409  25.808195
-288.996460  -552.646790  -549.142395
26.073418  26.092773  25.982447
-36.613335  -89.097549  -88.402618
26.119329  26.129997  26.022133
26.129450  26.168535  26.737020
26.123573  26.155888  26.721058
26.168304  26.146341  26.528418
-288.516937  -551.925415  -548.015381
26.181479  26.163506  26.504435
26.205599  26.183229  26.447857
26.222971  26.207747  26.416918
26.222317  26.234697  26.389315
26.244431  26.235174  26.374611
-288.038330  -551.380493  -547.390869
26.298111  26.275555  26.375696
26.293724  26.311453  25.674919
26.263618  26.300436  25.733774
26.290327  26.286661  25.835100
26.312981  26.327873  25.940832
26.358541  26.351910  26.093243
-287.335052  -550.637329  -546.972229
1.152340  11.526729  2.824394
1.307953  8.327415  3.786823
1.321156  7.432541  4.177439
1.323343  6.299423  4.760561
1.334952  4.875744  -0.273346
1.151934  4.137308  -2.717357
0.811621  3.327824  -3.252128
0.573422  2.685931  -3.891439
0.370989  2.140636  -4.642516
0.251422  1.764008  -5.539334
0.160933  1.424192  -6.577674
-0.241808  0.816309  -7.619479
-0.051742  0.592587  -10.621325
-0.035211  0.520133  -11.236774
-0.140995  0.405888  -1.430049
-0.068992  0.445610  -5.137640
-0.067800  0.326542  -6.384843
-0.012430  0.230777  -7.329043
0.014804  0.171548  -8.696461
0.034665  0.094894  -10.250371
0.039417  0.053046  -11.977312
0.065128  -0.019694  -13.804983
0.093455  -0.064438  -15.807789
0.107000  -0.057692  -17.203232
-0.662507  -0.759867  -18.851988
0.140413  -0.055128  -19.159431
0.138199  -0.082344  -19.433382
0.184809  -0.093356  -19.863354
0.195299  -0.120879  -19.987684
0.181368  -0.161471  -19.430338
0.173672  -0.160478  -18.156479
0.153875  -0.154803  -16.334936
0.115069  -0.131366  -14.136167
0.093914  -0.099003  -11.855094
0.040786  -0.028951  -3.124826
0.048562  -0.143349  -8.895547
-0.847745  -1.086033  -14.435466
-2.480536  -2.704312  -19.840046
-0.016786  -0.055655  -3.089810
-0.010406  -0.093796  -2.880356
-0.012220  -0.049346  -2.573649
-0.037205  -0.034679  -2.048858
-0.025764  0.002638  -1.635484
0.005936  -0.022225  -1.305473
0.011311  0.082447  0.248272
-0.044948  -0.044650  0.738133
-0.018319  -0.021137  0.619429
0.004562  -0.046807  0.496459
0.011373  -0.015176  0.393870
-0.772813  -0.874806  -0.655880
0.008979  -0.035279  0.175855
0.001804  -0.022270  0.166823
-0.010170  -0.006994  0.148037
-0.026455  -0.021247  0.123504
0.031432  0.079268  -0.427224
0.020792  -0.046988  -1.283264
0.008952  -0.034055  -1.079233
-0.004437  -0.004938  -0.862339
-0.014936  0.006718  -0.692260
-0.015412  -0.012352  -0.553681
0.000077  -0.005802  -0.445294
0.007009  -0.008326  -0.356829
-0.454018  -0.945195  -1.162765
-0.046143  -0.000863  -0.163113
0.008550  0.133764  -0.220142
-0.004753  -0.027305  -0.660251
-0.016758  -0.013056  -0.547190
-0.022567  0.006192  -0.429087
0.010098  -0.000378  -0.359336
0.041995  -0.014627  -0.287349
0.018171  0.005615  -0.226373
-0.006498  -0.020193  -0.177158
-0.012491  -0.049503  -0.149991
-0.008002  -0.004499  -0.117550
0.025831  0.124376  -0.435776
-0.784748  -0.795976  -1.826959
0.000092  -0.019826  -0.702438
-0.015393  0.006048  -0.662708
-0.015113  -0.005899  -0.580655
-0.013576  -0.037030  -0.488663
-0.006977  -0.028794  -0.391445
-0.023745  -0.018821  -0.316991
0.005327  -0.004741  -0.250777
-0.000011  0.007739  -0.198471
-0.018956  0.104053  0.996577
-0.012179  0.000515  3.212706
-0.553618  -1.163198  3.973649
-0.000618  0.001480  2.713935
-0.465109  -0.161573  0.518358
-0.022844  -0.023381  0.925151
-0.003218  -0.005126  0.875534
0.021838  -0.015570  0.755916
0.009541  -0.001315  0.597398
0.000023  0.005041  0.502758
0.029442  0.077108  -0.068549
-0.020310  -0.007147  -0.174860
0.007179  -0.010445  -0.137697
0.014421  -0.006677  -0.116949
-0.012452  -0.009592  -0.093369
0.003472  -0.028418  -0.075706
0.004967  0.008252  -0.059463
-0.985881  -1.128525  -1.334321
-0.013504  -0.011418  -0.029420
-0.005065  0.015408  -0.027791
0.022570  0.079606  -0.263507
-0.955895  -1.055831  -1.763379
-0.041714  -0.019340  -0.769027
-0.017403  -0.013344  -0.460881
-0.031652  -0.020919  -0.360385
-1.046379  -1.234141  -1.617479
0.016174  0.002986  -0.288394
0.005939  -0.016498  -0.174431
-0.038755  -0.024232  -0.147153
0.012789  -0.006713  -0.118273
-0.613229  -1.205166  -1.282600
-0.034347  -0.056523  -0.099296
-0.049429  -0.047353  -0.093911
-1.085307  -1.290951  -1.472352
-0.015737  -0.044633  -0.081228
-0.006143  -0.028829  -0.049775
0.009450  -0.002837  -0.041470
0.036924  -0.016271  -0.032746
0.025405  -0.031092  -0.025957
0.006040  -0.035770  -0.018369
0.027820  0.073514  -0.467102
-0.657628  -1.112908  -2.083829
-0.018322  -0.021897  -1.360808
-0.544292  -0.452915  -2.235544
-0.017778  -0.014669  -0.494826
0.003875  -0.015466  -0.466207
0.008899  0.017902  -0.404563
-0.023307  0.012506  -0.317730
-0.014591  0.010423  -0.268084
0.022425  -0.018183  -0.214745
0.040397  0.101789  0.123711
-0.034830  0.000844  0.351124
-0.029005  -0.007936  0.296152
0.000863  -0.030457  0.235776
-0.002453  -0.012464  0.188824
-0.022555  0.000418  0.150502
-0.015369  -0.005042  0.116022
-0.007515  -0.018772  0.097790
-0.001002  -0.027037  0.066159
-0.013350  -0.019400  0.059023
0.049332  0.126033  0.060915
-0.014033  -0.017805  0.200047
-0.010551  -0.009111  0.157858
0.007126  -0.007550  0.133927
-0.000904  -0.001883  0.107882
0.003149  -0.013433  0.083460
-0.014439  -0.011841  0.065471
0.000687  -0.018869  0.054485
0.010448  -0.013111  0.043486
0.007153  -0.003227  0.036218
-1.127031  -1.444484  -1.577375
0.022875  0.100069  0.440149
-0.002886  -0.051955  1.111626
-0.010052  -0.065713  1.032655
0.013915  -0.048482  0.870158
-0.024825  -0.039044  0.689328
-0.021959  0.004780  0.543323
-0.009691  -0.036155  0.454795
0.010936  0.005328  0.358744
-0.816643  -1.431835  -1.191031
0.031883  0.094777  -0.492906
-0.003914  -0.032645  -1.300944
-1.225639  -1.646791  -3.632524
-3.412169  -4.470402  -7.210537
-0.013325  -0.019720  -0.476933
-0.016806  -0.008568  -0.444899
-0.021759  -0.002358  -0.372957
-0.035098  0.016591  -0.296380
-0.035026  0.015234  -0.237893
-0.004817  -0.014767  -0.191658
0.031173  0.088117  0.361471
0.017407  -0.022621  1.117199
0.004273  -0.033249  0.892232
0.003810  -0.008349  0.714261
-0.025907  -0.011279  0.570479
-0.945227  -1.580739  -1.120569
-0.016299  -0.024949  0.306775
0.007391  -0.016106  0.261481
0.012893  -0.009154  0.224735
-0.003780  0.002735  0.187200
0.034758  0.069970  -0.472910
0.013057  -0.026592  -1.273213
-0.010267  -0.007941  -1.006782
-1.285785  -1.618425  -2.605291
-0.021410  -0.004250  -0.848691
-0.032481  -0.002239  -0.480851
-0.000081  0.003213  -0.401688
0.006786  -0.006836  -0.321419
-1.248619  -1.665644  -2.095583
0.002999  0.009414  -0.256969
0.050697  0.079311  0.822486
0.009605  -0.017888  2.201308
-0.002437  0.014222  1.762329
-0.002933  -0.018427  1.409549
-0.005608  -0.038412  1.187898
-0.008220  -0.041426  0.951700
-1.346971  -1.739810  -1.112909
0.015447  0.007341  0.761101
0.001515  0.006563  0.432702
-0.029175  0.007638  0.366271
-1.053676  -1.674266  -1.400228
0.054551  0.077700  -0.532286
-0.008324  -0.061803  -1.439479
-1.419671  -1.905812  -4.098854
-0.019718  -0.068085  -1.261081
-0.022566  -0.021166  -0.822777
-0.000401  -0.028237  -0.655214
-0.003861  0.006922  -0.521698
-0.015955  0.001422  -0.419085
0.007677  -0.020037  -0.337552
0.032013  0.089235  0.101965
-0.009880  -0.022698  0.294091
-0.027000  0.005352  0.247676
-1.420673  -1.758746  -1.777051
-0.003895  -0.013452  0.107568
-0.013731  -0.049185  0.103260
-0.017720  -0.028238  0.090700
-0.011413  0.013012  0.073210
-0.019026  0.001321  0.060572
0.014231  -0.015930  0.047836
0.021695  0.091376  0.024334
0.019743  -0.052890  0.073101
-0.000385  -0.047956  0.058489
-0.012866  0.005786  0.047769
-0.016991  -0.008173  0.037621
-0.003247  -0.017999  0.030166
-1.441436  -1.891890  -2.055235
-0.013892  -0.019443  0.013610
0.014696  -0.005686  0.013500
0.027791  -0.002077  0.010928
0.053309  0.086805  0.237097
0.010885  -0.011670  0.739324
-0.014965  -0.008784  0.591943
0.012615  -0.015518  0.469141
0.038639  0.020562  0.392223
0.007245  -0.009162  0.313203
-0.030787  -0.015377  0.245228
-0.038021  -0.030172  0.197682
-0.002972  0.008835  0.157029
-1.435299  -1.863584  -1.983409
0.013681  -0.008066  0.124757
0.009036  -0.027035  -0.816517
0.014798  0.008575  -0.762733
-0.030797  -0.015357  -0.637989
0.004581  -0.000401  -0.508227
-0.001791  -0.004994  -0.401831
-0.001499  0.013506  -0.317417
-0.019709  0.016756  -0.252505
0.022114  0.019922  -0.214186
0.001999  -0.008774  -0.171424
0.014832  0.087134  0.301722
-0.004002  -0.058895  0.830967
-1.175426  -2.134206  -0.757481
-0.015873  -0.006765  0.406695
-0.002774  -0.018890  0.383066
0.011943  -0.013643  0.333707
-0.003211  0.015526  0.260023
-0.021213  -0.007287  0.208606
0.005650  0.008001  0.168960
-0.006461  -0.000454  0.143515
0.024181  0.082991  0.052518
0.006026  -0.034661  0.149722
-0.008313  -0.017571  0.119203
-0.009757  -0.023058  0.095311
0.007389  0.009383  0.076394
0.021921  0.006641  0.061860
0.031718  0.001779  0.051194
0.026297  -0.014854  0.038624
0.006494  -0.025947  0.033235
-0.007362  -0.010350  0.024947
0.018180  0.119020  -0.366268
0.006269  -0.047192  -1.042665
-0.005466  -0.031011  -0.913680
-0.014952  -0.020140  -0.727002
-0.040564  -0.038914  -0.613038
0.018397  -0.064173  -0.490670
0.011808  -0.033307  -0.390512
-0.005645  -0.003856  -0.310129
-1.255724  -2.080572  -2.414991
-0.004972  0.019683  -0.242979
0.033603  0.134597  0.066705
-0.009652  0.002388  0.212381
0.008132  -0.010679  0.188620
0.005814  -0.006836  0.150515
-0.019902  -0.004707  0.119466
-0.004120  0.000494  0.100548
0.010873  -0.031877  0.082153
0.003713  -0.017835  0.062589
-0.028237  0.013098  0.051198
-0.040121  -0.000719  0.041168
0.024475  0.116467  -0.075716
-1.546085  -1.975796  -2.587011
0.009546  -0.016467  -0.137735
-0.029115  -0.032694  -0.129805
-0.015974  -0.029542  -0.111499
0.004960  -0.023223  -0.088503
0.007821  -0.013712  -0.070228
0.029862  -0.015281  -0.055088
0.005189  -0.023727  -0.045082
-0.034290  0.006865  -0.035517
0.008127  0.104178  -0.294512
0.034580  -0.043703  -0.876807
0.020857  -0.010744  -0.695557
0.010505  -0.046146  -0.581939
0.009223  -0.034026  -0.464794
-1.310733  -2.279248  -2.706952
0.012961  -0.013392  -0.249178
-0.011348  -0.023267  -0.223483
0.004102  0.022629  -0.180167
-0.010924  0.001291  -0.143122
-0.000586  0.110707  0.881114
-0.055194  -0.028596  2.620247
-1.438862  -2.423398  1.670440
-0.020087  0.001784  2.067318
-0.007901  -0.000876  1.259133
-0.013958  -0.005041  1.005888
-0.003968  0.000317  0.847248
-1.723020  -2.319219  -1.828565
0.007242  -0.005156  0.677867
-0.005443  -0.002138  0.334659
0.031471  0.092938  -0.168492
0.018666  0.003810  -0.505211
-0.002734  -0.003503  -0.401145
0.007682  -0.033712  -0.317407
0.001491  -0.021459  -0.268533
0.021067  -0.009928  -0.213587
0.011460  -0.019320  -0.167905
0.003651  -0.020860  -0.133737
0.000117  -0.010559  -0.104945
-0.015190  0.001707  -0.087794
-1.424598  -2.347025  -2.515157
0.004949  -0.071322  -0.925184
-0.008345  -0.043061  -0.874177
-0.026211  -0.033216  -0.757802
-0.018073  -0.011154  -0.602723
-0.010470  0.004885  -0.482636
-0.026910  -0.030971  -0.386213
-0.016528  -0.043425  -0.309044
0.002821  -0.016440  -0.247396
-0.006046  0.018504  -0.199047
0.013236  0.124116  0.167762
-0.011774  -0.003671  0.480878
-0.008228  -0.035068  0.384598
-1.783064  -2.520504  -2.389743
0.023966  -0.034030  0.306569
0.024732  0.006515  0.150047
0.011997  0.003515  0.139377
-0.010563  0.019664  0.116373
-0.016771  0.005906  0.094390
-0.022767  -0.009061  0.075816
0.020449  0.098659  0.379690
-0.004164  0.013526  1.076240
-0.006426  -0.007127  0.861045
-0.007841  -0.015190  0.685531
0.027387  -0.005441  0.544724
0.016495  -0.010661  0.456002
-1.467038  -2.506399  -2.190594
-0.006934  -0.043028  0.203114
-0.044417  -0.049743  0.194263
0.008013  -0.008960  0.166893
0.042208  0.095697  -1.055340
0.036584  -0.042837  -2.881119
0.029774  -0.009169  -2.287324
-0.003401  -0.037022  -1.820978
-0.005486  -0.026152  -1.529517
-0.009127  -0.003725  -1.203439
0.026743  0.015847  -0.951392
0.006192  -0.025935  -0.758157
-0.010242  -0.003904  -0.604583
-1.833837  -2.585105  -3.333302
-0.010843  -0.008592  -0.483894
-0.005081  -0.002412  0.643444
-0.002773  -0.010218  0.601382
-0.003904  0.010762  0.482092
0.002218  0.006274  0.385043
0.003916  -0.018185  0.308410
-0.029830  -0.019169  0.248179
-0.025408  -0.000865  0.206770
-0.005878  0.012600  0.164180
-1.508718  -2.618207  -2.599408
0.023981  0.092373  -0.084895
-0.020442  -0.061904  -0.231284
-1.582353  -2.845767  -3.099916
0.026036  -0.024820  -0.123039
0.026106  -0.026226  -0.115315
-0.009953  -0.027482  -0.089707
-0.004097  -0.021740  -0.075479
-0.023444  0.000314  -0.058363
-0.010580  0.003054  -0.043332
-0.042312  -0.015225  -0.034986
0.036280  0.071196  0.278506
-0.004798  -0.017253  0.767258
0.024875  -0.030646  0.608135
0.003809  -0.000935  0.512269
-1.566691  -2.698288  -2.370072
-0.003481  0.005083  0.405314
0.033082  -0.009970  0.198749
0.010063  -0.025158  0.187082
0.025326  0.021979  0.154423
0.027280  0.011364  0.120803
0.048799  0.064852  -0.083901
-0.014450  -0.016887  -0.245183
-0.016654  0.015002  -0.195103
-0.010276  -0.013962  -0.155057
-0.034144  -0.013133  -0.122991
-0.015824  -0.006666  -0.098550
-0.011755  -0.014368  -0.078343
-1.598228  -2.809370  -2.942607
-0.015011  -0.003554  -0.035158
-0.014337  -0.015792  -0.034876
0.038759  0.091597  -0.479106
-0.002186  0.008582  -1.413730
-0.014164  0.005865  -1.130433
0.010323  -0.005272  -0.897434
0.039870  -0.027733  -0.714343
-0.005107  -0.012666  -0.568515
-0.007060  -0.028823  -0.470676
-0.019121  -0.034042  -0.369289
-0.012936  -0.012441  -0.290696
0.001841  -0.012190  -0.236768
-1.598440  -2.890814  -3.166076
-0.019113  -0.031559  2.530608
-0.034446  -0.011791  2.397267
-0.011824  -0.015752  2.104816
-0.014408  -0.012855  1.679341
-0.051177  -0.023628  1.338319
0.006235  -0.012908  1.112588
0.011663  0.000079  0.872519
0.039222  -0.011077  0.698519
-1.594418  -2.917774  -2.427580
0.014899  0.124228  -0.234954
-0.006728  -0.056533  -0.691824
0.002383  -0.046151  -0.542729
-2.005702  -2.981942  -3.625772
-0.019570  -0.027544  -0.257988
-0.016955  -0.011610  -0.244374
-0.004398  -0.001793  -0.210020
0.001254  -0.027051  -0.171351
0.000839  -0.022504  -0.134490
-0.005014  -0.006538  -0.107691
0.018723  0.099362  -0.293965
0.004662  -0.021358  -0.861510
0.011519  -0.004944  -0.685159
0.011156  0.002157  -0.548286
0.024181  -0.019658  -0.435897
0.005851  -0.025466  -0.349917
-1.705527  -3.038194  -3.389407
0.001888  -0.000435  -0.278485
-0.032893  0.026634  -0.145855
-0.009480  0.008162  -0.130953
0.041401  0.077112  -0.504640
0.023628  0.005723  -1.485671
0.002846  0.002268  -1.169665
0.014766  0.009497  -0.940035
0.018510  -0.003118  -0.749149
-0.008514  -0.028114  -0.597201
-0.002691  -0.024332  -0.480687
-0.010049  -0.020858  -0.384238
-0.009745  0.000660  -0.306692
-1.746542  -3.097632  -3.457325
-0.007856  0.004460  -0.244752
-0.036795  -0.026948  3.125689
-0.039231  -0.017871  2.960589
-0.057093  -0.009959  2.556993
-0.000605  -0.033667  2.031341
0.012272  -0.017496  1.626362
0.020125  0.009672  1.303563
0.005006  -0.002774  1.044162
0.000628  0.008420  0.838384
-0.006573  0.005497  0.671188
0.039640  0.080690  -0.091318
0.009980  -0.023468  -0.278158
-2.124034  -3.270227  -3.846105
-0.005236  -0.018573  -0.126144
-0.024093  -0.005324  -0.119883
-0.012637  -0.028327  -0.104511
0.016965  -0.016568  -0.083966
0.025894  0.004749  -0.067159
-0.009201  0.002395  -0.054880
-0.020273  -0.001129  -0.042902
0.037112  0.100192  0.392459
-0.007180  -0.040127  1.184528
0.006400  -0.032949  0.948098
-1.792494  -3.210091  -2.530428
-0.008360  -0.023847  0.756033
-0.764739  -0.697777  -0.097185
0.007163  -0.006248  0.265906
0.007491  0.004711  0.253725
0.009300  0.002706  0.221774
0.008881  0.034412  0.177175
0.047068  0.133240  -0.418518
-0.001347  -0.012082  -1.341725
0.009094  -0.021025  -1.057931
-0.025287  -0.025887  -0.846092
-0.015737  -0.007257  -0.679310
-0.030512  0.006077  -0.543525
0.035535  -0.004635  -0.433757
0.025889  -0.008877  -0.348766
-1.855151  -3.289162  -3.683340
-0.007272  -0.020272  -0.278613
0.017585  0.109710  0.159519
0.003779  0.002548  0.463998
0.003602  0.007032  0.405519
0.008713  -0.011402  0.326430
-0.004122  -0.024142  0.262717
0.011957  -0.021024  0.210118
0.000448  0.002427  0.167096
-0.014222  0.002350  0.141246
-0.009685  -0.020486  0.112865
-0.013713  0.003210  0.091967
0.050803  0.121795  0.213909
-0.029975  -0.001333  0.584779
-0.022254  0.008851  0.416593
-0.018681  -0.029060  0.367372
0.005417  -0.023763  0.294819
-0.025959  0.018355  0.236361
0.000956  0.037693  0.187907
-0.000464  0.024249  0.151463
-0.009977  0.024776  0.121497
0.029557  -0.021013  0.098736
0.082113  0.062523  -0.430585
0.001892  -0.026241  -1.139111
-0.017387  -0.035732  -0.906919
-0.010572  -0.017031  -0.725736
-1.987266  -3.418712  -4.145617
-0.007691  0.008965  -0.354946
0.014781  0.025145  -0.336902
-0.036486  -0.001557  -0.290414
-0.008185  0.030362  -0.228244
0.043313  0.004112  -0.182291
0.069154  0.082542  -0.022334
0.011699  -0.043025  -0.069536
0.002836  -0.019858  -0.052665
-0.016600  -0.033855  -0.044363
0.000325  -0.019456  -0.034260
0.009095  -0.024864  -0.025170
-0.005004  0.015854  -0.020242
-2.387718  -3.460470  -3.836332
0.026178  0.017545  -0.014887
0.003857  0.026631  -0.007339
0.026336  0.106596  -0.030615
-0.039731  -0.033769  -0.086071
-0.004157  -0.048435  -0.074301
-0.003062  -0.044593  -0.059384
0.017303  -0.022877  -0.046710
0.000530  -0.000847  -0.037577
-2.410592  -3.537826  -3.900361
-0.028374  0.001477  -0.029223
-0.006579  0.030728  -0.017469
0.002771  0.030932  -0.014427
0.019386  0.082658  0.239825
-2.393708  -3.459326  -3.460816
-0.008263  -0.013413  0.411057
-0.007299  -0.010193  0.389135
0.008209  0.038096  0.338676
0.018832  0.033717  0.268757
-0.002295  -0.020317  0.215645
-0.003093  -0.001885  0.171680
0.025151  0.010779  0.135913
0.026823  0.037153  0.109359
0.040268  0.113600  0.020543
-0.022842  -0.011062  0.048990
0.011846  -0.015989  0.041350
-0.003677  -0.016587  0.035014
-0.009544  -0.019373  0.028582
0.022581  -0.028625  0.021015
0.032749  -0.034617  0.017858
0.013526  -0.004948  0.015392
-0.003880  -0.024365  0.012706
-0.005112  -0.037389  0.009716
0.037491  0.138566  -0.121959
0.011285  0.008236  -0.403364
-0.000316  -0.033085  -0.323664
-0.025092  -0.011671  -0.256490
0.000566  0.009133  -0.204266
-0.004499  0.012821  -0.161163
-0.017492  -0.005216  -0.127694
-2.561050  -3.747911  -4.165469
-0.010522  -0.004703  -0.103891
0.038932  0.015879  -0.056716
0.042017  0.103911  -0.294051
-0.003728  -0.046713  -0.839030
0.040361  -0.026986  -0.628036
0.023786  -0.026938  -0.550762
0.007526  0.005762  -0.439310
-0.017191  0.009275  -0.351890
-0.007061  -0.023251  -0.279039
-0.003431  -0.002619  -0.225550
0.022067  0.008168  -0.178415
-0.008935  0.003331  -0.143393
-2.271574  -3.787650  -4.090697
-0.011306  -0.047305  0.472467
-0.033921  -0.051691  0.444437
-0.030782  -0.031629  0.371184
-2.270992  -3.817687  -3.676645
-0.016969  0.002779  0.294526
-0.012047  -0.014769  0.190771
0.008738  -0.034108  0.149799
-0.004418  -0.021488  0.120342
0.009255  -0.017775  0.094074
0.025243  0.080844  0.128268
-0.009267  -0.029537  0.339640
-0.033416  0.002618  0.274237
-2.331295  -3.809123  -3.808711
-0.040611  -0.015895  0.219858
0.056868  0.020410  0.112552
0.042332  0.041892  0.102111
0.032947  0.023931  0.082706
0.032578  0.011926  0.067985
0.023000  0.008849  0.056439
0.025109  0.110254  0.230545
0.012296  -0.008991  0.688466
-2.649288  -4.001709  -3.192837
-0.007830  -0.014271  0.554254
-0.006497  -0.049780  0.354875
-0.009858  -0.017801  0.277366
-2.334277  -3.884329  -3.879102
-0.035439  0.023251  0.225204
0.003273  -0.013391  0.118251
0.020461  -0.012648  0.103693
0.041311  0.099262  -0.638983
0.001384  -0.045398  -1.808641
0.036874  -0.049315  -1.452076
0.037317  -0.013822  -1.150990
0.039916  -0.024104  -0.920266
-0.000780  0.005053  -0.735673
-0.012727  -0.011832  -0.587160
-0.010572  -0.018504  -0.469916
0.015741  -0.008238  -0.374429
-2.347849  -3.990657  -4.502295
0.022436  0.046085  -0.300550
-0.038849  -0.020615  1.077462
-0.021789  -0.014161  1.019673
-0.015207  -0.006294  0.895053
-0.009774  -0.003820  0.718114
-0.025981  -0.007663  0.590675
-0.008600  -0.045389  0.473829
0.024288  -0.029362  0.381055
-0.000020  -0.009045  0.304814
-0.011348  -0.015163  0.242651
0.006699  0.112605  0.297813
-0.007439  -0.024096  0.903571
-2.454473  -4.168341  -2.858023
-0.000144  -0.014931  0.720983
0.011255  0.014575  0.353021
-0.024041  -0.041045  0.330738
-2.842427  -4.158901  -4.137560
-0.012116  0.010159  0.264135
-0.007137  -0.003174  0.171456
-0.013405  -0.000375  0.137918
0.054887  0.118592  -0.157688
0.026493  -0.007866  -0.465553
0.022094  -0.006336  -0.377330
0.021450  -0.030146  -0.300288
-0.009150  -0.030454  -0.239948
-2.835068  -4.156446  -4.695677
0.028371  0.004722  -0.120086
0.001050  0.010906  -0.114988
0.018875  -0.004853  -0.087593
-0.004486  0.000390  -0.074231
0.025377  0.100553  -0.058462
0.021626  -0.027424  -0.152932
0.008979  -0.006844  -0.134325
-0.001608  -0.005374  -0.107426
-0.033821  0.010291  -0.084546
-0.012415  -0.021138  -0.066330
-0.005597  -0.028754  -0.053695
-0.004662  -0.010580  -0.041333
-2.522494  -4.167015  -4.442775
0.012176  0.032638  -0.032087
0.026352  0.066914  -0.280880
0.004157  -0.007229  -0.842687
-0.002226  0.025357  -0.695668
-0.005257  -0.003261  -0.612594
-0.007404  -0.049155  -0.490292
-0.004082  -0.008453  -0.388444
-0.008796  -0.015944  -0.311916
-0.007753  -0.023973  -0.249536
-0.001374  -0.029252  -0.183215
0.012628  -0.012621  -0.159770
0.021154  0.115329  0.355823
-2.839982  -3.995884  -3.855616
-8.045845  -11.582245  -11.928212
0.021380  0.014037  0.500447
0.015629  0.025822  0.425765
0.007470  0.006710  0.374155
0.000781  0.001544  0.298643
-0.002242  -0.010296  0.239947
0.006735  0.005642  0.194373
-0.011437  0.026869  0.154845
0.019260  0.088338  -0.323563
0.006787  -0.031441  -0.954965
0.001042  -0.016456  -0.752609
0.002491  -0.002634  -0.601438
-2.599193  -4.324991  -5.073284
0.012292  0.010482  -0.481146
0.015197  0.033648  -0.243334
0.001124  -0.001831  -0.223117
-0.017301  -0.044104  -0.178363
0.004977  -0.030835  -0.147474
0.029667  0.087117  -0.520921
-0.001000  0.002906  -1.384998
0.013008  -0.006739  -1.038310
0.024460  -0.000565  -0.910786
-0.015411  0.001860  -0.723780
-0.007787  -0.018616  -0.575563
-0.008927  -0.006007  -0.459727
-2.922930  -4.368258  -5.157653
-0.002709  -0.016364  -0.221585
0.006242  -0.022101  -0.210114
0.053111  0.076560  0.480164
0.005079  -0.001542  1.437650
-0.009272  0.002063  1.141686
-0.004204  -0.000946  0.911083
-0.008668  0.003516  0.729684
0.004729  0.013573  0.581739
-0.012055  -0.003851  0.467476
-0.010933  -0.027014  0.374724
-0.012601  -0.020543  0.299070
0.009988  -0.013108  0.243144
-2.627510  -4.452497  -4.515732
0.047410  0.096155  0.384795
-0.007382  -0.073806  0.983787
-0.010402  -0.035359  0.916984
-0.050911  -0.026101  0.777263
-0.066891  -0.042260  0.620825
-0.011194  -0.006096  0.496141
0.013366  -0.014957  0.395897
0.029616  -0.003850  0.318348
0.022726  0.001615  0.255066
0.074581  0.115699  0.067396
0.000983  -0.027071  0.180222
-2.697891  -4.586689  -4.458826
-0.006696  -0.063957  0.157797
-0.003453  0.014827  0.078906
0.002115  0.006348  0.070899
0.026297  0.018649  0.057997
-0.012446  -0.004238  0.047041
0.008291  -0.008870  0.038019
0.004809  0.004076  0.032572
0.022360  0.078549  -0.443198
0.008780  -0.022911  -1.188026
0.015365  -0.007074  -1.045509
0.023418  -0.009607  -0.827269
-0.027371  -0.035276  -0.661946
-0.026570  -0.036958  -0.527669
-2.749037  -4.590076  -5.264318
-0.009908  -0.004378  -0.260204
0.012615  0.010634  -0.245656
-0.021974  0.008341  -0.203409
0.015155  0.111631  0.375242
-0.016782  0.008022  0.987679
-0.011756  -0.017884  0.792070
-0.025608  -0.003640  0.635322
-0.000501  0.008689  0.508019
0.015323  -0.005346  0.408211
0.002881  -0.000584  0.326248
-0.006850  0.022244  0.241990
0.002115  0.015527  0.214902
-3.053831  -4.601520  -4.825319
0.014456  0.032469  0.171199
0.020335  -0.003531  -0.353044
0.008646  0.002643  -0.300109
-0.009155  -0.012319  -0.246760
0.011241  -0.020484  -0.215739
0.009082  -0.019967  -0.168154
-0.005182  -0.008914  -0.134383
-0.004881  -0.004224  -0.105127
-0.003138  -0.013486  -0.078419
0.008452  0.014311  -0.068603
0.022688  0.070952  -0.084924
-0.018807  -0.061738  -0.233888
-0.012581  -0.054092  -0.205029
0.020392  -0.008125  -0.162344
-0.017196  0.014404  -0.113187
-0.022780  -0.009590  -0.099641
0.011676  0.011637  -0.072594
-0.006025  -0.003328  -0.057539
0.014011  0.009532  -0.049962
0.005169  0.009438  -0.040358
0.009363  0.111839  0.439679
0.005603  -0.006990  1.171246
0.000440  -0.009618  1.028338
-0.009196  -0.006735  0.824785
-0.025673  -0.022134  0.660981
-3.103319  -4.717321  -4.542718
0.005923  -0.012490  0.309372
-0.018562  -0.006338  0.294015
-0.012155  0.008135  0.257875
-0.014910  0.002267  0.206640
0.063755  0.083130  -0.578933
0.025383  -0.042929  -1.737727
0.024701  -0.016280  -1.427536
-0.023721  -0.006589  -1.141410
-0.013232  -0.023756  -0.912433
-0.012074  -0.011375  -0.729001
-0.016225  -0.017925  -0.585207
0.016994  0.020446  -0.438643
-2.730652  -4.673197  -5.384339
-0.006248  -0.000458  -0.237478
0.039594  0.101650  0.083573
0.002094  -0.004859  0.231261
-0.005376  -0.017725  0.191635
0.002181  -0.021404  0.153763
0.018981  -0.005796  0.126174
0.009711  -0.023222  0.102518
-0.008018  -0.002373  0.080203
0.002320  0.025876  0.065108
-0.012329  -0.003027  0.053277
0.006367  -0.016304  0.045041
0.039479  0.103741  0.506293
0.001263  -0.010922  1.421986
-3.216359  -4.976399  -3.133721
-0.007432  -0.026939  0.707606
-0.013892  -0.001969  0.668516
0.000340  0.025652  0.556487
0.040176  0.009700  0.443855
-3.398195  -5.073962  -5.061512
-0.003654  -0.009943  0.356964
0.033409  0.002991  0.215367
0.049697  0.114349  -0.153855
0.014002  -0.022638  -0.485404
0.022708  0.007899  -0.423202
0.012846  -0.004577  -0.336919
-0.024299  -0.034984  -0.267475
0.003240  -0.006604  -0.212638
-0.034291  -0.014052  -0.151721
-0.019982  -0.001402  -0.125497
-0.031199  0.028885  -0.108342
-0.013733  0.015813  -0.083863
0.049771  0.058672  -0.104325
0.009366  -0.024576  -0.300926
-0.008093  -0.010542  -0.254118
0.011238  -0.023984  -0.206037
0.008383  -0.047257  -0.149712
-0.005925  -0.014621  -0.130990
-0.000227  0.016258  -0.106467
0.020554  -0.017512  -0.082938
-2.876518  -4.967253  -5.343474
-0.005033  0.029910  -0.038477
0.006462  0.139133  -0.497157
0.002539  0.003851  -1.438809
0.047725  0.005698  -1.151902
0.034538  0.001347  -0.919866
0.030294  0.005395  -0.737570
-0.028296  0.013078  -0.591068
-0.017125  -0.011595  -0.470723
-0.003521  -0.008044  -0.376684
-0.008780  -0.008763  -0.300971
-0.002522  -0.003255  -0.240811
-3.663096  -5.178287  -5.933249
0.032289  0.085938  0.703933
-0.063244  -0.056745  1.596244
-0.044203  -0.061576  1.489941
-0.003982  -0.043074  1.268042
0.025834  -0.018172  1.017047
0.001711  -0.013165  0.817437
-0.002820  -0.003134  0.653771
0.025937  -0.005870  0.523596
0.000598  0.003338  0.425129
0.016140  0.100877  -0.393058
0.024666  -0.040816  -1.034439
0.019921  -0.030176  -0.814278
-0.005518  -0.041656  -0.712936
-3.871200  -4.645520  -6.438478
-0.003928  0.003152  -0.345054
0.004271  0.013709  -0.326793
0.005884  -0.003526  -0.273548
0.034982  -0.031137  -0.222843
0.032000  -0.028497  -0.177516
0.014125  0.113183  0.371025
-0.041205  -0.011937  1.029981
-0.027618  0.008483  0.909127
-0.052548  0.006663  0.725217
-0.006490  0.000390  0.582503
0.014436  -0.031625  0.467605
0.009886  -0.027559  0.375531
-3.612400  -5.483599  -5.538692
-0.019649  -0.004015  0.300532
0.032789  0.000882  0.149598
0.057437  0.117064  -0.415722
0.005904  -0.010789  -1.203165
0.020509  -0.033060  -0.899883
-0.006376  -0.024082  -0.706386
0.027530  0.010396  -0.621103
0.014436  0.025141  -0.493616
-0.016240  -0.008468  -0.392223
-0.013296  -0.026477  -0.313807
0.017559  -0.039176  -0.251354
0.013225  -0.026980  -0.202182
-3.441370  -5.393166  -5.870960
-0.031066  -0.018115  0.603029
-0.028269  -0.016019  0.571152
-0.026576  -0.040241  0.503501
-0.004389  -0.026499  0.402748
0.009714  -0.017866  0.322378
0.004114  -0.011891  0.248339
-0.028413  -0.001772  0.195586
0.028615  -0.004915  0.172857
0.017474  0.007809  0.138249
0.036452  0.099480  -0.142207
-0.011977  -0.014834  -0.411486
-0.008323  -0.012372  -0.358679
-0.009555  -0.003356  -0.285987
-3.104788  -4.767278  -5.390956
-0.015169  -0.011117  -0.138123
-0.013487  -0.005250  -0.131391
0.011757  -0.028009  -0.110191
-0.001882  -0.014557  -0.083909
-0.007020  -0.020107  -0.067699
0.031483  0.100370  -0.277313
0.012512  -0.003375  -0.751437
-0.003806  0.003511  -0.600861
0.023959  0.022817  -0.478677
0.023182  0.008633  -0.378554
-0.000333  0.001717  -0.303741
-3.442683  -5.510922  -6.107890
-9.933737  -15.643103  -16.874609
0.005220  0.007388  -0.111236
-0.005774  -0.009307  -0.104946
0.021369  0.077242  0.218901
-0.009437  -0.041263  0.638947
-3.450168  -5.679773  -4.925781
-0.021665  -0.003088  0.561305
0.029530  0.012060  0.314799
0.019976  -0.004784  0.265103
0.004614  -0.014780  0.220316
-0.014422  -0.005830  0.179463
-0.010348  0.015982  0.143137
-3.468794  -5.556821  -5.845830
0.004565  0.017489  0.116638
-0.004493  -0.019172  0.950906
-0.002063  -0.008777  0.898647
-0.031069  -0.031309  0.704555
-0.003071  -0.022524  0.590841
-0.009954  -0.013485  0.489258
-0.001191  -0.010386  0.392439
0.000632  -0.005508  0.317168
-0.011490  -0.023560  0.253486
0.008360  0.006408  0.198726
0.061084  0.127572  0.100313
0.000203  -0.011599  0.294598
-3.537931  -5.722355  -5.524553
0.003447  0.007987  0.154744
0.020690  -0.010431  0.147513
0.024746  -0.036361  0.132168
0.013893  -0.002483  0.105577
0.003001  -0.028104  0.085690
0.004606  -0.009969  0.069668
-3.513618  -5.633666  -5.964239
0.023922  0.111614  -0.488252
0.000952  -0.055015  -1.444200
0.006319  -0.055006  -1.268104
0.020473  -0.038950  -1.015357
0.010058  -0.038626  -0.814554
-3.859520  -5.757190  -6.937273
-0.010338  -0.025519  -0.652340
0.021560  0.004898  -0.320864
-0.003863  0.021127  -0.298152
-0.035194  0.000560  -0.224852
-0.010707  0.121004  0.525850
0.017944  0.006837  1.503667
0.031532  -0.017929  1.214528
0.013442  0.006103  0.909994
-0.008403  -0.019631  0.796472
-0.002086  0.008176  0.638860
0.019845  -0.010603  0.511117
0.006831  0.007015  0.410994
-3.916533  -5.736371  -5.991476
-0.023253  -0.002775  0.201923
0.041064  0.094549  0.127707
-0.007790  0.012855  0.385499
-0.001341  -0.012337  0.308520
-0.015307  -0.027731  0.235541
0.007327  -0.036661  0.206557
0.021993  0.005230  0.167125
0.019578  0.017750  0.133500
0.002871  0.008513  0.107299
0.029862  0.015635  0.089549
0.043815  0.001782  0.065590
0.034431  0.129322  -0.219942
-3.909176  -5.595240  -6.833259
-0.006655  -0.023219  -0.416522
-0.005406  -0.030074  -0.392996
0.001094  -0.026683  -0.322672
-0.011508  -0.001770  -0.243667
-0.022933  -0.006164  -0.210558
-0.021634  -0.005420  -0.166251
-0.031377  0.005687  -0.132953
-0.006776  0.004901  -0.104612
0.055767  0.102395  0.489212
-0.007473  -0.018139  1.359084
-0.018763  -0.013787  1.194493
-0.010614  -0.017077  0.954732
-3.970204  -5.880803  -5.657419
-0.010697  -0.000542  0.767626
0.017740  -0.005709  0.432033
0.004848  -0.014961  0.332310
-0.008070  0.013377  0.275851
0.008330  0.000124  0.223025
0.077781  0.098511  -0.678023
0.020710  -0.036505  -1.949673
0.045727  -0.011741  -1.710697
0.025509  -0.010470  -1.368512
0.007944  -0.006631  -1.093788
0.005675  -0.014591  -0.874650
0.040600  -0.019517  -0.698072
-3.562986  -5.927000  -6.894176
0.002672  0.017754  -0.560361
-0.000996  -0.009191  -0.295101
-0.003469  0.101690  0.305849
-0.007554  -0.020846  0.842775
-0.010539  -0.017070  0.668923
-0.017689  -0.035721  0.588029
