0.032407  -0.022541  -0.023171
0.003612  0.001652  -0.019690
-0.109356  0.033462  0.338068
0.033015  -0.044185  0.418891
0.138148  -0.114394  0.365114
-0.238589  -0.059332  0.347781
0.419480  0.082784  0.190060
0.160346  -0.005384  0.108704
-0.049793  -0.080995  -0.076052
-0.224348  -0.147163  -0.346117
-0.369850  -0.206304  -0.685428
-0.493247  -0.260295  -1.082798
-0.599926  -0.310596  -1.529733
1.313607  -0.129477  0.137277
2.839845  -0.070827  1.271025
4.077991  -0.109837  1.986359
-0.474490  0.274391  0.045302
-4.123221  0.510544  -1.695781
-7.079769  0.629721  -3.292108
-9.506189  0.655664  -4.785187
-3.001026  -0.495129  -0.095586
2.158903  -1.478171  3.480323
6.282447  -2.334567  6.192152
9.628706  -3.097226  8.238161
12.361192  -3.791101  9.763541
14.642619  -4.436103  10.887807
16.580593  -5.047330  11.699351
18.242916  -5.643190  12.258282
19.697180  -6.229584  12.620955
20.996965  -6.809778  12.832957
22.200346  -7.389847  12.928742
23.336660  -7.975085  12.931936
24.410618  -8.569320  12.857581
25.460012  -9.175599  12.723337
0.398011  0.074546  -0.065332
-19.664932  7.459090  -10.438834
-35.883205  13.407969  -18.960226
-49.150757  18.254108  -26.065666
-60.177277  22.258949  -32.101715
-69.494286  25.620941  -37.327900
-77.521286  28.496580  -41.949760
0.857826  0.288092  -0.094041
63.598518  -22.371243  33.211689
-0.607116  0.072826  -3.569364
0.828798  -0.005857  -4.240377
1.965726  -0.168851  -4.990202
2.895312  -0.389091  -5.809524
3.665996  -0.657318  -6.691278
4.315902  -0.966679  -7.630920
4.873920  -1.311750  -8.624459
5.362950  -1.688836  -9.670074
5.800350  -2.094836  -10.765745
6.199899  -2.527879  -11.911156
6.592662  -2.986231  -13.101814
6.983276  -3.469216  -14.339181
-0.690781  -0.994749  -3.562926
-6.818894  0.926314  4.895164
0.945979  1.998937  4.372337
7.098654  2.758509  3.827816
12.058280  3.347927  3.261466
16.146709  3.806141  2.707084
19.569086  4.162800  2.158032
22.487440  4.441149  1.608549
24.983421  4.658932  1.019909
27.203674  4.830015  0.429210
29.178680  4.964984  -0.202288
31.015272  5.072124  -0.837442
32.755138  5.157756  -1.480427
34.432175  5.226825  -2.135128
36.030014  5.283105  -2.838781
37.577576  5.329556  -3.587873
39.137909  5.368438  -4.344728
40.679897  5.401517  -5.148731
42.260052  5.430135  -5.962313
43.884087  5.455358  -6.790502
45.514084  5.477992  -7.671312
-0.297453  0.454653  2.803793
-36.923248  -3.645925  11.024046
-66.496643  -7.033673  17.520725
2.396077  0.045084  -7.004701
57.585281  5.642937  -26.852051
102.234673  10.104301  -43.101707
3.917171  -2.265716  -1.820234
-74.613304  -12.355114  30.888958
-137.984619  -20.706778  57.013309
-189.698257  -27.732931  78.068138
-232.532837  -33.758919  95.242287
-268.580719  -39.032257  109.443359
-2.502787  -0.790292  -0.536576
210.378082  29.754738  -88.661385
382.386505  54.391293  -160.081635
4.308708  -1.468822  -0.052323
-298.117218  -46.329872  127.644295
-542.321167  -82.732597  230.444229
-741.983643  -112.673080  314.182281
-907.401917  -137.667038  383.326447
-1046.905518  -158.914261  441.338928
-1166.750244  -177.342789  490.964752
-1271.769653  -193.655914  534.253906
-1365.893188  -208.412796  572.796326
-1451.911865  -222.036209  607.864075
-1532.257690  -234.867310  640.408325
-1608.734009  -247.172195  671.203064
-1682.599976  -259.150238  700.865112
-1755.087036  -270.967377  729.832031
-1827.018555  -282.745728  758.460449
-1899.011841  -294.592194  787.090637
-1971.652588  -306.592499  815.959351
-3.922905  1.368927  0.018218
11.489554  -2.815753  -1.638731
11.491266  -2.206009  -1.664593
12.400470  -1.978982  -2.498956
13.991351  -2.059745  -3.996731
16.192171  -2.389382  -6.032390
18.846346  -2.923260  -8.523847
21.882864  -3.626447  -11.400551
25.303169  -4.473252  -14.605636
29.058983  -5.444395  -18.102440
8.103088  -1.407362  -1.009336
-7.783163  1.607554  11.900972
-19.762501  3.825436  21.556917
-28.715927  5.422429  28.687912
-35.322945  6.533901  33.855953
-6.439882  1.470601  -0.862747
-1.156469  1.313047  -0.290400
3.889255  1.097346  -0.503931
8.787099  0.832348  -1.348925
13.547638  0.524761  -2.721744
18.234306  0.180025  -4.528082
22.900457  -0.198211  -6.697278
27.649021  -0.584293  -9.137013
32.499126  -1.006612  -11.840231
6.486235  -0.666425  -0.160503
-3.222671  1.273767  -0.938847
-5.033527  1.573615  -1.044740
-5.790210  1.631022  -1.915079
-5.665255  1.432822  -3.452605
-4.834206  1.026861  -5.537279
-5.015162  -1.604717  -0.093610
-3.001704  0.131056  -0.001217
-2.444693  0.107003  -0.002220
-3.641208  -0.629983  -0.006253
-1.057612  -1.767098  -0.087885
1.760924  -1.237840  -0.159129
2.001481  0.889938  -0.155850
1.391656  1.286743  -0.096721
1.731655  1.582781  -0.651134
2.844437  1.800479  -1.700121
4.369711  1.862438  -3.363490
6.445006  1.901896  -5.315863
8.764464  1.928707  -7.697077
11.514036  1.937369  -10.262307
14.606444  1.917259  -13.015700
-3.138668  0.514417  0.042261
-16.570309  -0.806564  9.719730
-26.639275  -2.075631  16.772121
2.772545  -1.282184  -0.272084
27.138765  -0.787742  -14.611829
47.077435  -0.618173  -27.383978
64.220711  -0.605356  -38.511169
79.260002  -0.737585  -48.426350
92.732185  -0.983173  -57.450848
105.060783  -1.322291  -65.831001
116.567451  -1.739978  -73.766335
8.353366  -0.376551  -0.427338
-77.306358  0.368811  57.298500
-8.796613  1.493133  -1.226258
46.705631  2.074739  -48.935894
-4.763790  -0.663421  -0.854603
-45.194386  -3.114326  36.797970
-77.081772  -5.339691  66.404739
-102.402672  -7.389630  89.837074
-7.527592  -0.311302  -0.991365
69.127846  5.202201  -74.415535
4.737682  1.057421  -0.322051
-45.967354  -2.293161  58.361843
-0.631686  0.630038  -0.306274
1.407170  -0.915471  -0.086013
3.856108  -2.195656  -0.552380
6.678807  -3.273524  -1.556101
9.796451  -4.197945  -3.013202
13.177200  -5.007631  -4.845812
16.821709  -5.731911  -6.977810
20.705597  -6.393415  -9.365760
24.784668  -7.010476  -11.993455
29.048347  -7.593888  -14.835533
33.523136  -8.154526  -17.850473
38.205891  -8.704283  -21.032387
-1.095067  -0.008351  0.052747
-31.706057  6.815258  16.195681
-55.627171  12.193611  28.507828
-74.385147  16.457514  37.851791
-89.139259  19.863098  44.897446
-100.808571  22.608625  50.160275
3.223960  -0.083332  0.187719
-0.793909  -1.555393  -0.022745
-3.185125  -2.830711  -0.866555
-4.295429  -3.961686  -2.226516
-4.409983  -5.126387  -4.149207
-3.708354  -6.205930  -6.417393
-1.961754  2.005257  -0.193885
0.249099  8.541511  4.144313
2.763429  13.787127  6.941657
5.624311  18.024324  8.574955
8.654839  21.473307  9.189113
11.816443  24.234661  8.923977
15.193675  26.552767  8.068508
-0.491118  2.127552  -0.251602
-12.294090  -17.857681  -7.962622
-21.076670  -34.148079  -14.965595
-27.481884  -47.737625  -21.563112
-32.003727  -59.163589  -27.778774
-35.052086  -68.823387  -33.610073
-36.989655  -77.259148  -39.301571
-38.012573  -84.796471  -44.930965
-6.591486  3.878644  2.046093
11.112155  -4.562238  -0.052165
26.162271  -11.639605  -2.630365
39.219116  -17.683590  -5.612655
5.189713  -3.059274  -1.135473
-21.179529  8.499029  1.703917
7.374024  -2.441441  -0.134681
31.118914  -11.261717  -2.263970
51.194954  -18.432112  -4.622210
6.166965  -0.674976  -0.023896
-28.986467  13.303285  2.816245
-56.707008  23.890154  3.815924
-78.546722  32.341339  3.820420
-95.823257  39.147625  3.026539
-109.582794  44.700596  1.597927
-120.637741  49.322422  -0.322223
-129.624847  52.973618  -2.913314
-0.818499  -3.016626  0.236310
103.000023  -48.083096  1.885699
187.401291  -85.154739  1.896046
256.750275  -115.864861  0.651662
315.122559  -141.548264  -1.126090
-1.192301  4.689700  0.150156
-253.595993  121.100716  0.003830
-456.632904  215.038086  -0.846285
-621.909790  291.727386  -2.337039
-758.713623  354.416473  -5.118019
-873.390198  407.258484  -8.133471
-971.318420  452.672791  -11.351423
-1056.590942  492.489227  -14.756112
-1132.440186  528.199890  -18.296713
-1201.376831  560.905029  -21.996319
-1265.318604  591.429932  -25.873232
-1.777248  -0.425756  0.066070
1010.406677  -474.318115  20.065371
1829.561279  -857.708069  35.387943
2500.801514  -1171.716309  47.103142
3059.059570  -1432.849243  55.914772
3531.319336  -1653.600464  62.590733
3938.527832  -1843.778076  67.631348
4296.909180  -2010.998779  71.402534
4619.093750  -2161.191650  74.187363
4914.889160  -2298.960449  76.204224
5191.903809  -2427.876465  77.621559
5456.091797  -2550.734131  78.569489
5712.313965  -2669.813965  79.148933
5964.096680  -2786.771240  79.436806
6.846379  6.342368  -0.041263
-4756.147949  2238.770508  -65.087296
-8603.500977  4041.438721  -119.174118
-11747.592773  5513.997559  -164.910233
-7.911685  -6.757657  5.545590
9380.416016  -4422.299805  140.634750
16966.626953  -7990.700684  248.550446
23168.810547  -10908.518555  335.543091
28315.845703  -13330.375000  406.522491
-5.749408  0.322525  6.392484
-22674.054688  10669.659180  -314.906158
1.835725  2.520889  0.592259
20.654930  17.520002  0.252824
43.512749  25.582884  -1.291054
8.973690  6.399148  24.465134
-11.060396  -13.206360  43.857059
-12.881432  -11.743523  26.164680
-6.678792  -14.796643  10.917962
5.911267  -21.475286  -2.498999
23.921305  -31.115049  -14.499983
-12.762318  13.196393  12.131260
-5.127330  6.456698  8.547420
1.314838  4.087187  3.581291
-6.010984  9.566014  2.150406
-3.972393  10.359383  0.221853
5.337453  7.416155  -2.275383
20.533249  1.460130  -5.248621
40.563026  -6.957449  -8.630222
64.610008  -17.409561  -12.366795
92.069016  -29.577852  -16.421194
-4.772809  -18.450140  -14.255616
-75.271294  -13.974590  -14.073919
-125.176064  -14.191681  -15.568908
-158.267303  -18.166100  -17.714655
-1.236452  0.590467  -12.500192
132.226700  11.780269  -9.380695
-7.465397  0.609906  -6.570292
-7.398902  0.298171  -3.286709
-0.249227  -3.836311  -2.156882
-4.243409  0.662159  -3.064456
-1.085389  -0.721836  -2.718024
8.613268  -5.742279  -3.916456
23.613205  -13.727380  -6.365244
42.973114  -24.153677  -9.840848
66.497696  -36.614807  -13.768623
93.548782  -50.811081  -18.094015
123.090706  -66.506264  -23.174238
-14.950747  19.091326  -11.505741
2.203737  23.105795  0.428202
4.754399  18.324846  2.845191
14.541899  10.584531  3.617127
30.194048  0.410832  3.074236
23.302410  9.876127  -13.256094
28.258615  -13.537910  -12.586736
30.056620  -2.131842  1.640022
10.565651  -14.899921  0.427667
1.783249  -26.618010  3.472454
-26.531851  -27.898058  -0.154552
-13.509353  -8.779818  -2.141773
4.397915  2.687652  -4.794963
-11.997595  -7.768996  1.255259
10.489219  1.860595  -1.134555
-13.625592  -1.644906  4.896698
-25.165277  -8.117803  8.951205
-29.121819  14.651943  7.076800
-14.868875  3.702619  4.024552
-2.228853  -3.321851  4.948397
-0.868025  -10.811798  5.065452
-12.664880  -5.098075  10.167244
18.702124  -12.372295  12.670105
9.711941  -12.948584  -10.474552
12.286377  7.528013  -4.592601
22.234467  19.824577  -1.210225
27.059660  17.998606  -6.067766
10.120618  18.330393  -9.112079
-8.337192  28.475870  -8.540106
-8.999815  20.556225  -11.490327
-30.546278  11.550540  -8.735045
-31.743927  10.339007  -14.856249
-23.473940  5.647769  -12.497896
-7.725065  -7.270157  1.436589
-3.672810  -13.915287  22.134287
6.814450  -23.966169  37.115887
-0.164966  15.489734  7.530324
1.298633  42.743214  -17.914007
-4.967355  20.551521  11.603260
9.194295  5.457948  9.455420
-12.981451  14.572564  25.556593
-23.578604  18.089191  37.202900
4.435855  14.641696  13.279347
-1.504914  4.086077  16.486925
-1.594896  3.840286  20.292505
5.993454  -11.638154  21.565195
11.860133  1.904686  18.815399
2.519703  9.701488  17.351126
-1.166445  -0.267996  15.694803
0.327673  -3.942818  12.848914
-11.071882  -12.359304  10.422024
-12.536072  -23.130671  7.433664
8.902987  5.624436  3.960139
2.400082  3.171565  6.420889
4.981346  -2.569090  7.429556
14.659137  -10.994733  7.121714
0.514108  3.088626  6.255072
0.201034  1.816884  2.573657
-2.090762  0.480168  2.388858
-2.152117  -0.281364  2.044489
-1.112629  -0.737098  1.601210
1.260627  -0.578773  0.866399
10.842689  -4.322013  -0.822917
26.343847  -11.219419  -3.266340
46.626495  -20.695471  -6.359009
70.973976  -32.313519  -9.972580
98.756844  -45.733215  -14.030492
-2.123168  5.506153  0.638162
-4.332146  3.919899  1.377012
-0.016970  4.072525  1.540964
11.233505  0.425828  0.684342
0.946285  7.899627  2.197738
0.377334  10.057564  2.279232
7.584423  7.994877  1.214550
21.070835  2.537623  -0.777564
39.681675  -5.677432  -3.528051
62.549026  -16.169519  -6.910184
88.996834  -28.565025  -10.825106
9.934729  -1.151626  -0.819770
-45.500294  16.981842  6.173880
-82.599113  27.651690  10.589808
-105.324165  32.433418  12.976465
-116.598480  32.721867  13.979245
3.371654  7.134188  0.525949
107.126205  -17.091421  -11.257162
198.732361  -40.408443  -21.786568
-1.877564  -8.530262  1.379451
-154.695877  13.021806  18.829014
-270.510681  25.555635  30.919540
-357.563782  31.897892  39.737858
2.099180  3.501344  1.914272
297.794708  -23.016825  -29.375404
544.796936  -48.273556  -55.719246
-1.419805  -3.999761  0.415282
-0.502805  4.641941  -0.489222
3.904979  5.813173  -0.931761
15.227466  2.965224  -2.336456
32.167076  -3.119606  -4.521494
53.671299  -11.845187  -7.408513
78.989601  -22.749973  -10.879823
107.641563  -35.490292  -14.789676
139.178513  -49.796532  -19.080555
173.287933  -65.476051  -23.712698
209.644073  -82.373726  -28.712358
248.098572  -100.386642  -34.048424
288.591217  -119.428062  -39.635834
331.053497  -139.452332  -45.471581
3.246960  -4.306314  0.169039
-251.148941  99.476685  35.219517
-6.389790  7.612936  -1.493377
-4.936204  6.305133  -1.237844
-5.765507  7.777786  -0.841928
1.112419  5.034144  -1.772899
14.199119  -1.802157  -4.425457
32.396286  -11.150096  -7.721861
54.913021  -22.624208  -11.547434
-3.944535  1.098607  -0.636503
2.832189  1.018475  -0.527698
15.935389  -2.893426  -1.559845
34.202602  -9.901978  -3.513590
56.795593  -19.442747  -6.181260
-3.210545  2.767941  -2.290540
-1.756261  4.301823  0.345678
0.700615  1.568167  0.521716
2.822441  1.606767  0.789785
12.188216  -2.279801  -0.159010
27.272642  -9.336840  -2.170743
47.068810  -18.907696  -5.005961
70.794701  -30.660702  -8.556997
97.971436  -44.236813  -12.639850
128.136124  -59.386368  -17.183578
160.779953  -75.863091  -22.185339
195.676208  -93.580811  -27.619415
-0.046536  1.147353  2.615669
-149.313614  73.074593  25.486683
4.252477  -3.558007  -2.549317
3.256738  3.894205  -0.595265
3.529357  -2.875871  0.752958
11.299462  -12.282421  0.538340
-6.323113  -4.729733  -0.561927
-0.405368  3.952084  1.082986
12.016551  7.038259  1.286478
29.618135  5.674173  0.229995
-1.268743  -0.893089  0.510748
-4.717985  -4.427099  0.898741
-0.025763  -12.146986  -0.879750
11.395950  -22.333857  -3.456926
28.297022  -34.593327  -6.707798
-2.375678  2.020305  -1.428265
-2.000055  0.546569  -0.817935
2.037746  -5.936080  -0.636209
12.877584  -15.099113  -1.695747
-1.905044  -1.156118  0.733114
-6.105721  6.025085  1.463845
-1.907561  7.850217  0.834640
3.642351  -2.115251  2.482843
4.177058  1.477901  -0.292720
1.594191  -3.381285  0.486487
-0.130166  -4.861371  0.552388
6.050149  -10.021040  -0.611100
-6.036217  2.516542  -0.784449
-8.141412  8.618823  -2.116252
-2.272537  9.627712  -4.386842
10.018953  6.568672  -7.426268
-5.628335  -2.010064  -1.020305
2.538051  3.171085  0.331897
16.671419  3.212373  0.029408
35.764965  -0.860677  -1.589642
58.900436  -8.257933  -4.288399
-1.510209  -0.095826  0.291400
-3.135195  1.660766  0.632983
3.178329  -0.980680  -0.398497
1.326879  -2.988683  0.173784
1.719643  -1.207508  -0.565314
2.919350  1.627733  -0.302063
4.695886  2.300051  -0.631036
13.832785  -1.085546  -2.084487
28.933455  -7.746253  -4.450277
48.915081  -17.083750  -7.570052
0.302123  -0.998659  -1.020111
-30.973518  7.914450  3.031049
-48.568714  11.179415  5.122575
-55.391392  9.952811  5.654029
-0.081910  0.744772  0.097203
0.436809  0.173776  0.033470
0.984893  0.148118  -0.120124
9.119110  -3.789446  -1.407233
0.255388  0.036566  -0.148873
0.057266  0.121580  -0.212884
-0.337739  -0.256009  0.022237
0.086386  -0.588740  0.003463
0.836560  -0.274922  -0.189761
-0.536108  0.173676  -0.085522
6.040568  -3.375047  -1.158912
-0.377350  0.201050  0.035594
0.028010  0.057558  -0.142775
-0.509789  -0.025721  -0.043583
6.721676  -4.012952  -1.136839
0.454244  -0.079982  -0.167058
-0.351506  0.085469  0.034261
6.677083  -3.695443  -0.965910
0.778359  0.297429  -0.086138
3.728070  -0.432938  -0.564968
