0.019495  0.124500  -9.780560
0.027742  0.136284  -9.772284
0.034499  0.136368  -9.768442
0.015035  0.126106  -9.767124
0.015032  0.126086  -9.765609
0.005911  0.197264  -9.775653
0.063999  -0.008933  -9.714412
0.029500  0.064806  -9.740074
0.029492  0.064772  -9.737100
0.029483  0.064735  -9.733768
0.029473  0.064697  -9.730084
0.029461  0.064656  -9.726050
0.029449  0.064613  -9.721669
0.084406  0.345565  -10.446855
0.084389  0.345506  -10.441761
0.084370  0.345435  -10.436303
0.068950  0.237093  -9.164482
0.068925  0.237000  -9.158353
0.068897  0.236899  -9.151918
0.068867  0.236789  -9.145181
0.036090  0.732645  -9.249983
0.036056  0.732499  -9.242645
0.036021  0.732326  -9.235008
0.035985  0.732125  -9.227076
0.035948  0.731897  -9.218851
0.035910  0.731643  -9.210337
0.035870  0.731362  -9.201536
0.035830  0.731055  -9.192451
0.035788  0.730722  -9.183086
0.035746  0.730363  -9.173443
0.035702  0.729978  -9.163524
0.035657  0.729568  -9.153333
0.035612  0.729133  -9.142872
0.035565  0.728674  -9.132144
0.107828  0.375817  -7.578464
0.107777  0.375322  -7.567272
0.107722  0.374817  -7.555881
0.107663  0.374301  -7.544294
0.107600  0.373776  -7.532513
0.107534  0.373240  -7.520541
0.107464  0.372695  -7.508379
0.151793  0.614248  -11.218152
0.151714  0.613673  -11.205471
-0.032712  0.110664  -7.138128
-0.198665  -0.340597  -9.741705
-0.198738  -0.341172  -9.728264
-0.198804  -0.341727  -9.714560
-0.198860  -0.342264  -9.700594
-0.198909  -0.342783  -9.686372
-0.198949  -0.343284  -9.671894
-0.198981  -0.343768  -9.657165
-0.199005  -0.344233  -9.642186
-0.199021  -0.344680  -9.626961
-0.199029  -0.345111  -9.611492
-0.199029  -0.345523  -9.595783
0.642824  -0.344782  -9.593382
0.642807  -0.345161  -9.577199
0.562904  -0.208959  -9.938481
0.562839  -0.209309  -9.921819
0.562753  -0.209648  -9.904915
0.562646  -0.209975  -9.887771
0.562518  -0.210292  -9.870390
0.562369  -0.210597  -9.852775
0.562198  -0.210892  -9.834929
0.562008  -0.211175  -9.816854
0.561796  -0.211448  -9.798553
0.561565  -0.211710  -9.780029
0.561314  -0.211961  -9.761285
0.561042  -0.212202  -9.742323
0.560752  -0.212432  -9.723145
0.560441  -0.212652  -9.703756
0.560112  -0.212861  -9.684156
0.559763  -0.213061  -9.664351
0.559395  -0.213250  -9.644339
0.559009  -0.213429  -9.624125
0.558604  -0.213598  -9.603714
-0.627750  -0.277260  -7.723077
-0.628145  -0.277407  -7.702347
-0.628512  -0.277541  -7.681497
-0.243241  -0.045254  -10.526428
-0.243568  -0.045374  -10.505234
-0.243881  -0.045491  -10.483813
-0.730145  -0.129443  -9.864434
-0.730415  -0.129551  -9.842596
-0.730654  -0.129653  -9.820564
-0.730862  -0.129748  -9.798341
-0.731040  -0.129838  -9.775929
-0.731187  -0.129923  -9.753333
0.023686  -0.302615  -7.255166
0.023569  -0.302681  -7.232302
0.023452  -0.302734  -7.209356
-0.422636  -1.002125  -8.405143
-0.422736  -1.002126  -8.381990
-0.422817  -1.002088  -8.358714
-0.422882  -1.002011  -8.335316
-0.422929  -1.001895  -8.311796
-0.422959  -1.001740  -8.288158
-0.422973  -1.001548  -8.264404
-0.422969  -1.001318  -8.240536
-0.422949  -1.001050  -8.216555
-0.422913  -1.000746  -8.192463
-0.422860  -1.000405  -8.168263
-0.422791  -1.000028  -8.143956
-0.422706  -0.999614  -8.119545
-0.422605  -0.999165  -8.095030
-0.422488  -0.998681  -8.070415
-0.422356  -0.998162  -8.045700
-0.422209  -0.997608  -8.020888
-1.931173  -3.085435  -6.063371
-2.283331  -4.352141  -7.328467
-2.266747  -4.364925  -7.817040
-2.266337  -4.363893  -7.791962
-2.265840  -4.362698  -7.766800
-2.265259  -4.361342  -7.741555
-2.264594  -4.359827  -7.716229
-2.263846  -4.358153  -7.690825
-2.263015  -4.356323  -7.665342
-2.262103  -4.354339  -7.639784
1.017971  1.515613  -8.168475
1.018916  1.517673  -8.142749
1.019812  1.519656  -8.116930
1.020660  1.521561  -8.091022
1.021460  1.523390  -8.065024
0.011556  -0.374267  -7.804733
0.599423  0.182236  -6.691547
0.600139  0.183965  -6.665356
0.600825  0.185671  -6.639134
0.601481  0.187355  -6.612885
0.602108  0.189017  -6.586607
0.602705  0.190657  -6.560303
0.603274  0.192274  -6.533974
0.603814  0.193870  -6.507621
0.974245  1.867943  -7.303713
1.232836  1.469364  -7.824751
1.842949  2.290682  -7.730037
1.843289  2.291996  -7.703466
1.843554  2.293207  -7.676829
1.843743  2.294318  -7.650126
0.198297  0.887865  -7.927616
0.724741  1.254984  -8.773929
0.564913  0.961327  -8.784389
0.693136  1.930882  -10.642447
-0.525992  0.643015  -10.441191
-0.731661  -0.552672  -8.572017
-0.004351  -0.957388  -8.541154
0.279367  -0.699447  -10.213956
0.279430  -0.698633  -10.186210
0.279482  -0.697799  -10.158309
0.279522  -0.696945  -10.130256
0.279551  -0.696071  -10.102053
0.279568  -0.695177  -10.073703
0.279575  -0.694264  -10.045208
0.279570  -0.693332  -10.016571
-0.503581  -0.680969  -7.782651
-0.503577  -0.679999  -7.753823
-0.503553  -0.679012  -7.724946
-0.320599  -0.673687  -5.493943
-0.320543  -0.672664  -5.465058
-0.320475  -0.671623  -5.436214
-0.320395  -0.670566  -5.407413
-0.320303  -0.669491  -5.378655
-0.320200  -0.668399  -5.349940
-0.320084  -0.667291  -5.321269
-0.319958  -0.666167  -5.292644
1.076373  2.338875  -6.516122
1.076468  2.339914  -6.487539
1.635439  2.607738  -6.290533
1.635426  2.608565  -6.261955
0.860341  2.136937  -6.562500
0.860230  2.137564  -6.533926
0.860087  2.138101  -6.505348
0.859912  2.138550  -6.476768
0.506150  0.545372  -5.429175
0.505924  0.545708  -5.400634
-0.295172  -1.279362  -5.847492
-0.295403  -1.279003  -5.819015
0.430836  0.136312  -5.463567
-0.492655  0.016184  -4.741852
-0.492866  0.016577  -4.713501
-0.493055  0.016965  -4.685218
-0.493222  0.017350  -4.657001
-0.493369  0.017730  -4.628851
-0.493496  0.018107  -4.600769
-0.493602  0.018479  -4.572756
-0.493687  0.018847  -4.544811
-0.493753  0.019211  -4.516936
-0.493798  0.019572  -4.489130
-0.493823  0.019928  -4.461396
-0.203261  -0.483299  -6.274798
-0.203258  -0.482931  -6.247133
-0.203248  -0.482547  -6.219468
-0.203230  -0.482148  -6.191804
-0.203204  -0.481733  -6.164143
-0.203171  -0.481303  -6.136484
0.173249  0.338102  -3.131525
-0.160953  0.588869  -2.858196
-0.160913  0.589270  -2.830795
-0.160867  0.589645  -2.803525
-0.160815  0.589993  -2.776387
-0.160757  0.590314  -2.749381
0.184744  -0.021166  -3.417015
0.184800  -0.020872  -3.390244
0.184848  -0.020580  -3.363578
0.184889  -0.020290  -3.337016
0.184921  -0.020001  -3.310559
0.184947  -0.019715  -3.284207
0.184964  -0.019430  -3.257960
0.735607  -0.033809  -3.023966
0.735588  -0.033527  -2.997938
0.735541  -0.033246  -2.972023
0.735465  -0.032967  -2.946220
0.735361  -0.032689  -2.920532
0.735229  -0.032412  -2.894957
0.735069  -0.032136  -2.869495
0.734882  -0.031861  -2.844145
-1.324284  -0.589123  -3.034982
-2.497741  -2.652606  -1.652263
-2.497802  -2.652210  -1.627291
-2.497764  -2.651713  -1.602476
-0.852304  -0.422313  -6.453705
-0.852136  -0.421706  -6.429013
-1.829340  -1.352633  -5.809205
-1.829070  -1.351967  -5.784470
-1.828730  -1.351253  -5.759728
-0.728062  -0.540288  -5.222970
-0.727628  -0.539513  -5.198236
-0.727170  -0.538724  -5.173518
-0.726688  -0.537920  -5.148815
-0.726181  -0.537102  -5.124130
-0.725650  -0.536271  -5.099463
-0.725095  -0.535426  -5.074814
-0.724517  -0.534567  -5.050184
0.633693  -0.815298  -4.171564
0.634264  -0.814402  -4.147009
0.634806  -0.813481  -4.122509
0.635318  -0.812537  -4.098064
0.635800  -0.811569  -4.073675
0.398651  0.107160  -3.471175
0.399084  0.108139  -3.446920
0.399498  0.109104  -3.422745
0.399892  0.110057  -3.398650
0.400268  0.110997  -3.374634
0.400624  0.111924  -3.350698
0.400961  0.112838  -3.326843
0.401280  0.113740  -3.303070
0.401580  0.114630  -3.279377
0.401861  0.115507  -3.255767
0.402125  0.116372  -3.232238
0.052733  -0.623960  -1.996564
0.052974  -0.623090  -1.973248
0.053210  -0.622204  -1.950061
0.053443  -0.621301  -1.927005
0.053671  -0.620382  -1.904078
0.053895  -0.619446  -1.881280
0.054115  -0.618495  -1.858612
0.054331  -0.617527  -1.836072
0.054543  -0.616544  -1.813662
0.054751  -0.615545  -1.791378
0.054955  -0.614531  -1.769224
0.055155  -0.613502  -1.747197
0.055351  -0.612458  -1.725297
0.055543  -0.611399  -1.703526
2.308914  6.079588  1.556983
2.309010  6.080414  1.578375
2.309015  6.080993  1.599515
2.308928  6.081328  1.620406
-0.455183  4.608940  -0.593346
-0.455340  4.608851  -0.572865
-0.455478  4.608582  -0.552545
-0.455597  4.608134  -0.532384
-0.455696  4.607509  -0.512383
-1.885213  3.841339  -2.231099
-1.885220  3.840394  -2.211344
-2.238904  2.487823  -2.015433
11.699916  -24.644886  -22.603210
11.699611  -24.645086  -22.582928
35.373833  -13.715502  -35.609695
35.371693  -13.714197  -35.587494
-3.488870  -0.973844  4.345020
-3.492220  -0.971989  4.368050
-3.495403  -0.970112  4.390702
-3.498421  -0.968213  4.412981
-2.693911  1.733829  1.378070
-2.481972  0.257569  0.721205
-1.141150  -1.074715  -0.920252
-3.663070  -1.919076  -2.271191
-3.665437  -1.917182  -2.250006
-3.667638  -1.915230  -2.228921
-3.669676  -1.913220  -2.207937
-3.671551  -1.911152  -2.187051
-3.673266  -1.909028  -2.166265
-3.674821  -1.906847  -2.145578
7.165041  4.306305  2.047668
7.163376  4.308353  2.067992
7.161444  4.310214  2.088054
7.159247  4.311888  2.107855
4.773688  5.374121  0.674221
4.771064  5.375387  0.693562
3.970682  3.891078  2.404827
4.600694  4.005736  2.250659
4.597619  4.006452  2.269279
5.397390  3.005800  1.616146
5.146621  1.864984  1.225194
5.143037  1.865335  1.243123
5.139283  1.865610  1.260845
5.135359  1.865809  1.278359
5.131269  1.865933  1.295668
5.127013  1.865983  1.312772
5.122593  1.865959  1.329672
24.957859  -30.792839  4.103611
-3.668130  -0.638368  1.588773
-7.234439  -0.128784  0.907286
-7.239439  -0.127660  0.923286
-7.244109  -0.126541  0.939106
-8.518117  -2.429469  26.903526
3.420648  4.544394  3.904862
-12.085510  6.564185  21.603224
-17.571835  6.615308  37.630260
-1.820102  3.189583  11.719639
3.747574  -2.549492  1.953264
-3.835740  -8.301281  2.609740
-3.838427  -8.300515  2.620393
-5.133358  -8.029479  3.553533
1.656846  2.820366  5.058865
34.166851  2.883952  47.187634
34.163197  2.885097  47.195621
0.081233  -1.137405  5.261337
-1.211957  0.194392  2.592360
-4.555785  3.170848  13.936253
1.446131  2.211105  16.428509
0.845035  -0.072467  6.239244
-1.346607  -0.165329  4.895259
-0.733432  -0.223544  3.467835
-2.444241  -9.633953  7.603879
-2.448563  -9.632775  7.607216
-3.996095  -6.364635  4.781684
2.296765  -17.388735  15.852894
2.764084  -4.379784  6.654885
8.871243  -2.654891  12.596725
36.477753  7.253950  12.834653
2.757913  6.344354  3.447072
-0.226037  7.067474  11.386308
1.468901  7.200984  9.719764
3.191221  0.555206  3.573060
3.185318  0.556679  3.572767
2.408796  19.278637  -19.545258
2.402778  19.279306  -19.544920
-2.244325  3.552576  -3.896591
-0.589251  -0.043465  7.576589
0.227463  0.698253  6.374498
0.221663  0.697997  6.375175
-15.524212  7.443206  -13.007492
-6.846654  3.506399  -2.360837
-1.827442  1.788566  3.747173
-0.865917  2.286645  -2.052567
-4.713258  1.492176  -22.514412
-2.824795  0.892045  -9.782618
-1.143965  2.821947  -8.540104
-0.433847  1.021445  3.150137
-0.849860  -0.987491  4.435219
-0.853871  -0.988506  4.437359
1.340926  3.762928  -3.941341
3.108598  5.368599  -11.173411
3.104552  5.367291  -11.170912
3.100420  5.365784  -11.167996
0.279465  0.720320  -7.015143
0.059088  0.321698  0.397887
0.330601  -0.384785  -6.428699
-0.361400  -0.281724  -2.199589
-1.088468  -0.337012  -3.326046
-0.530802  1.081294  -4.956307
-0.534748  1.079634  -4.952255
-0.538639  1.077947  -4.948044
-0.542474  1.076231  -4.943678
-0.546254  1.074489  -4.939157
-0.549979  1.072720  -4.934484
2.440989  -1.094232  -5.301792
1.117332  -1.672888  -2.985980
1.456514  0.033035  -4.958389
1.452746  0.031392  -4.953179
2.235217  0.304468  -2.485172
2.231371  0.302841  -2.479764
2.227471  0.301217  -2.474308
2.223518  0.299595  -2.468803
2.219513  0.297976  -2.463252
2.215456  0.296359  -2.457653
2.211349  0.294745  -2.452009
-0.441133  5.997102  -3.930666
-0.445237  5.995270  -3.924874
-0.449288  5.993217  -3.918981
-0.453285  5.990948  -3.912987
-0.457228  5.988464  -3.906894
-0.169464  0.495657  -5.977689
-0.173314  0.492962  -5.971318
-0.177122  0.490273  -5.964770
-2.106622  0.149088  -2.739895
-2.110274  0.146421  -2.733124
-2.113811  0.143771  -2.726305
-2.117233  0.141139  -2.719441
0.043601  0.452468  -3.715465
0.040320  0.449860  -3.708471
0.037067  0.447256  -3.701395
-1.508317  0.211689  -4.737852
1.505489  -0.463819  -3.297100
2.274265  1.184862  -2.792473
2.271035  1.182296  -2.785085
2.267744  1.179706  -2.777655
2.264393  1.177092  -2.770184
2.260983  1.174455  -2.762672
2.257514  1.171796  -2.755120
2.253987  1.169114  -2.747528
2.250403  1.166409  -2.739897
2.246763  1.163683  -2.732227
2.243066  1.160935  -2.724520
2.239314  1.158166  -2.716775
2.235507  1.155376  -2.708994
0.918405  -2.983610  -2.365062
0.914542  -2.986279  -2.357223
1.170137  -2.506555  -2.786255
1.371676  -2.462003  -2.668139
2.223634  -3.052833  -3.242000
2.219685  -3.054982  -3.234009
2.215684  -3.056993  -3.225962
2.211632  -3.058865  -3.217861
2.207528  -3.060600  -3.209706
-0.469448  -0.177582  -4.801366
0.053826  1.475072  -3.358877
0.049762  1.473450  -3.350498
0.045732  1.471784  -3.342062
0.041735  1.470075  -3.333571
-0.375395  0.037375  -3.714056
1.122593  -0.606558  -3.416458
0.214440  0.472522  -4.619775
0.222236  1.224389  -2.876256
0.218366  1.222654  -2.867444
0.214522  1.220886  -2.858599
0.210703  1.219086  -2.849719
0.206911  1.217254  -2.840807
0.203144  1.215391  -2.831863
0.199402  1.213495  -2.822887
0.195685  1.211570  -2.813880
0.191994  1.209613  -2.804843
-1.168766  -0.100309  -3.292420
-1.172353  -0.102274  -3.283307
-1.305464  1.402323  -2.525616
1.535300  1.437800  -4.966580
-1.478245  2.106025  -3.309828
-1.481614  2.103939  -3.300490
-2.897270  -1.797063  -3.747773
0.994748  -0.450375  -3.898453
0.991600  -0.452400  -3.888938
0.988441  -0.454389  -3.879355
-1.243915  -0.322372  -2.266309
-3.330342  -1.615280  -6.371835
-3.333277  -1.617123  -6.362020
-3.336055  -1.618886  -6.352042
-3.338678  -1.620569  -6.341906
-0.609567  -0.265598  -4.519657
-0.539993  -0.785425  -3.306508
-2.800084  1.422146  -2.044341
-2.802332  1.420569  -2.033936
-1.086446  -0.365145  -2.281942
-1.088502  -0.366736  -2.271553
-1.090498  -0.368299  -2.261168
-0.955305  1.095991  -3.970410
0.305877  1.583972  -2.449448
-2.024516  1.104448  -2.930282
-2.092634  0.922719  -1.553465
-2.094315  0.921056  -1.543030
-0.407020  -2.030973  -2.632021
-0.408573  -2.032563  -2.621609
-0.410097  -2.034060  -2.611187
-0.411590  -2.035462  -2.600757
-0.546226  -0.262736  -2.867713
1.057123  1.058885  -3.741107
1.055665  1.057566  -3.730596
1.054178  1.056218  -3.720032
1.052663  1.054840  -3.709417
-0.475442  -0.402714  -4.236581
-0.302339  -1.182022  -1.686450
-0.303824  -1.183342  -1.675744
-1.698185  0.735888  -3.374285
-1.010437  1.079478  -3.405415
0.283036  1.161662  -2.354482
0.719607  1.893481  -3.035990
0.718264  1.892073  -3.025219
0.716904  1.890604  -3.014426
0.715528  1.889073  -3.003611
-0.563798  0.293047  -2.785764
-0.565156  0.291458  -2.774916
-0.566478  0.289871  -2.764056
-0.567767  0.288288  -2.753185
-0.603866  0.088058  -2.982693
-0.524159  0.328176  -2.890395
-0.615132  0.425378  -2.106967
-0.616285  0.423806  -2.096066
-0.665740  0.203999  -3.037503
-0.591934  0.151569  -2.740724
-0.860224  -0.037548  -2.674324
-0.962963  0.173690  -3.069884
-0.751438  0.468555  -2.628649
-0.660575  -0.109013  -2.719240
-0.661463  -0.110539  -2.708278
-0.684527  -0.063690  -2.601325
-0.671370  0.134808  -2.896802
-0.797329  -0.155710  -2.329272
-0.798076  -0.157175  -2.318290
-0.730100  0.238375  -2.757515
-0.662780  -0.046174  -2.604035
-0.663421  -0.047602  -2.593045
-0.589254  0.297611  -2.418755
-0.589835  0.296199  -2.407765
