0.254439  -0.007202  -9.797317
0.257272  -0.009826  -9.810717
0.255004  -0.005691  -9.803887
0.243925  -0.009804  -9.803843
0.243886  -0.009803  -9.802323
0.233843  0.002305  -9.795742
0.232087  0.001026  -9.784673
0.239991  -0.002344  -9.760022
0.248143  -0.008003  -9.780548
0.246041  -0.006191  -9.789420
0.245948  -0.006189  -9.785722
0.239823  -0.002913  -9.796404
0.242723  -0.004987  -9.785955
0.250928  -0.014913  -9.770434
0.250801  -0.014910  -9.765347
0.235773  -0.031589  -9.760477
0.193366  0.011014  -9.806470
0.193216  0.011018  -9.800374
0.193059  0.011022  -9.793946
0.271579  -0.005282  -9.967725
0.356678  0.165463  -10.253290
0.388698  0.177169  -9.532557
0.388500  0.177159  -9.524820
-0.084684  0.133786  -9.932425
-0.084891  0.133765  -9.924064
-0.085092  0.133738  -9.915386
-0.085289  0.133706  -9.906395
-0.085480  0.133669  -9.897095
0.306803  -0.014535  -10.354981
0.306607  -0.014576  -10.345053
0.306400  -0.014616  -10.334805
0.396454  0.478916  -9.784011
0.396223  0.478859  -9.773156
0.395979  0.478783  -9.762013
0.395721  0.478689  -9.750587
-0.183720  0.452870  -12.579741
-0.183981  0.452741  -12.567640
-0.184233  0.452596  -12.555153
-0.184476  0.452434  -12.542283
-0.184709  0.452256  -12.529034
-0.184932  0.452061  -12.515409
-0.185147  0.451851  -12.501413
-0.185352  0.451625  -12.487050
-0.185548  0.451382  -12.472323
-0.185736  0.451125  -12.457236
-0.185914  0.450852  -12.441793
-0.186083  0.450563  -12.425998
-0.186244  0.450260  -12.409854
-0.186395  0.449941  -12.393365
-0.186539  0.449608  -12.376535
-0.186673  0.449259  -12.359368
-0.186799  0.448897  -12.341866
-0.186916  0.448520  -12.324036
-0.187026  0.448128  -12.305877
-0.187126  0.447722  -12.287396
-1.784207  5.301363  -8.677825
-1.784229  5.300739  -8.658850
-2.362823  3.856352  -8.035944
-2.362682  3.855381  -8.016649
-2.362450  3.854267  -7.997211
-2.362126  3.853011  -7.977631
-2.361713  3.851615  -7.957910
-2.361211  3.850080  -7.938050
-2.360620  3.848408  -7.918055
-2.359941  3.846598  -7.897925
-2.359176  3.844654  -7.877664
-2.556035  -1.876714  -6.899391
-2.555091  -1.878701  -6.878909
-2.554055  -1.880596  -6.858337
-2.552927  -1.882400  -6.837677
-2.551710  -1.884115  -6.816933
-2.550402  -1.885740  -6.796103
-2.549006  -1.887277  -6.775191
-2.547523  -1.888726  -6.754198
-2.545952  -1.890088  -6.733125
-2.544295  -1.891364  -6.711974
-2.542553  -1.892554  -6.690746
-2.540726  -1.893659  -6.669444
-2.538815  -1.894680  -6.648067
-2.536822  -1.895617  -6.626619
-2.534747  -1.896472  -6.605101
-2.532590  -1.897244  -6.583512
5.624412  0.388681  -3.248356
5.626409  0.387981  -3.226765
5.628167  0.387271  -3.205237
5.629688  0.386553  -3.183774
5.630975  0.385826  -3.162376
5.632029  0.385091  -3.141044
5.632852  0.384347  -3.119776
5.633447  0.383594  -3.098574
5.633815  0.382833  -3.077439
5.633958  0.382063  -3.056369
5.633879  0.381285  -3.035366
5.633578  0.380500  -3.014429
5.633060  0.379706  -2.993560
5.632324  0.378904  -2.972757
5.631373  0.378095  -2.952022
5.630209  0.377277  -2.931355
-3.962423  6.359961  -10.178459
-3.963631  6.358894  -10.157642
-3.964672  6.357586  -10.136610
-3.965548  6.356041  -10.115367
-2.884503  -3.147853  -7.450387
-2.885096  -3.149496  -7.428831
-2.885570  -3.151001  -7.407173
-2.885926  -3.152369  -7.385417
-4.128541  3.109937  -22.816988
-4.128617  3.108595  -22.794432
-4.128530  3.107142  -22.771179
-12.693429  4.980259  -25.388809
-12.692684  4.978515  -25.364080
-12.691447  4.976592  -25.338575
-12.689722  4.974489  -25.312302
-12.687513  4.972209  -25.285263
-12.684826  4.969755  -25.257471
-12.681664  4.967126  -25.228933
-12.678031  4.964326  -25.199656
-12.673931  4.961355  -25.169647
-12.669371  4.958216  -25.138916
-12.664352  4.954910  -25.107468
-12.658880  4.951438  -25.075312
-12.652960  4.947802  -25.042454
5.706364  -1.042018  -2.626795
5.712451  -1.045742  -2.593436
5.718259  -1.049392  -2.560272
5.723792  -1.052968  -2.527300
1.882782  1.337265  -4.615052
1.887919  1.333740  -4.582382
1.892937  1.330194  -4.549821
1.897836  1.326628  -4.517371
1.902617  1.323040  -4.485030
1.907281  1.319433  -4.452799
1.911829  1.315805  -4.420679
1.916261  1.312158  -4.388670
-2.822636  4.443592  -3.912693
-2.818246  4.439784  -3.880924
-2.813784  4.435835  -3.849283
-2.809251  4.431746  -3.817771
-2.804647  4.427520  -3.786388
-2.799974  4.423157  -3.755135
-2.795233  4.418659  -3.724011
-2.790423  4.414027  -3.693017
-2.785547  4.409262  -3.662152
-2.780604  4.404366  -3.631417
-2.775595  4.399341  -3.600811
-2.770522  4.394187  -3.570336
-2.765385  4.388906  -3.539990
-2.760185  4.383500  -3.509776
-2.754922  4.377969  -3.479691
-2.749597  4.372314  -3.449736
-2.744211  4.366538  -3.419911
-2.738766  4.360642  -3.390216
-3.374717  3.819999  0.882128
-3.369128  3.813887  0.911397
-3.363456  3.807678  0.940370
-3.357702  3.801375  0.969049
-3.351867  3.794978  0.997437
-3.345952  3.788489  1.025533
-3.339957  3.781908  1.053341
-3.333885  3.775237  1.080861
-3.327735  3.768476  1.108095
45.736687  -21.779282  2.468619
45.741062  -21.785215  2.495232
45.743603  -21.790241  2.521511
-0.860524  -1.216076  -1.260861
-0.184615  -1.156440  -0.518774
-0.183871  -1.160397  -0.493217
-0.865854  0.506688  -1.277688
0.472285  0.562838  -1.933140
0.473032  0.558989  -1.908112
0.473754  0.555151  -1.883230
0.474451  0.551325  -1.858495
0.475123  0.547512  -1.833905
0.475770  0.543711  -1.809462
0.476393  0.539922  -1.785164
0.476991  0.536146  -1.761011
0.477565  0.532382  -1.737003
0.478116  0.528631  -1.713139
0.478642  0.524892  -1.689420
0.479146  0.521166  -1.665844
8.268230  3.031692  -1.642981
8.268381  3.027893  -1.619691
-6.106728  -7.630500  5.634811
2.349409  1.978082  6.147846
1.975596  7.175467  1.991411
1.975492  7.171620  2.013412
1.975310  7.167525  2.035137
-9.058198  11.729068  -14.145406
-9.058098  11.724306  -14.123589
6.955453  -2.263644  4.580091
6.955632  -2.268692  4.601894
6.955536  -2.273605  4.623322
6.955167  -2.278385  4.644378
6.954528  -2.283034  4.665065
-6.422975  4.785534  -9.840015
-6.423623  4.780869  -9.819491
-6.424012  4.776058  -9.798763
-2.518229  1.344258  -9.067747
-2.518261  1.339292  -9.046648
-2.518195  1.334317  -9.025380
-1.294211  2.547992  -8.068413
-1.293996  2.542954  -8.046852
-1.293733  2.537860  -8.025167
0.662656  -0.336563  -4.060077
0.662939  -0.341653  -4.038301
0.663194  -0.346685  -4.016562
0.663420  -0.351658  -3.994856
0.447058  -0.059645  -5.172792
0.447237  -0.064515  -5.151112
0.447396  -0.069338  -5.129421
0.447536  -0.074117  -5.107721
0.245347  -0.143861  -7.235410
0.245458  -0.148547  -7.213611
0.245558  -0.153185  -7.191720
0.245647  -0.157776  -7.169742
0.245726  -0.162320  -7.147676
1.048798  -0.159390  -6.569675
1.048824  -0.163841  -6.547462
-0.046987  -0.919501  -5.876878
-2.331421  -2.564344  -5.671425
-2.331342  -2.568535  -5.649095
-0.754699  -1.337458  -5.370685
-0.754501  -1.341422  -5.348318
-0.754275  -1.345299  -5.325940
-0.754022  -1.349088  -5.303552
0.787006  -1.080411  -7.077302
0.787253  -1.084038  -7.054825
0.211270  -1.672578  -5.900008
0.211474  -1.676033  -5.877422
0.211667  -1.679392  -5.854805
0.211851  -1.682655  -5.832160
0.212025  -1.685823  -5.809485
0.542516  -0.807401  -6.376318
0.635625  -0.203957  -5.938179
0.635740  -0.206937  -5.915397
0.635828  -0.209882  -5.892585
0.635891  -0.212792  -5.869744
