0.045494  0.110805  -9.780734
0.054010  0.122186  -9.772840
0.064820  0.133670  -9.769569
0.041740  0.120690  -9.769501
0.041740  0.120690  -9.769501
0.023066  0.243290  -9.780378
0.083220  -0.006196  -9.722307
0.050635  0.052850  -9.750715
0.050635  0.052850  -9.750715
0.050635  0.052850  -9.750715
0.050635  0.052850  -9.750715
0.050635  0.052850  -9.750715
0.050635  0.052850  -9.750715
0.033751  -0.499240  -10.474748
0.033751  -0.499240  -10.474748
0.033751  -0.499240  -10.474748
0.092319  -0.381759  -9.209582
0.092319  -0.381759  -9.209582
0.092319  -0.381759  -9.209582
0.092319  -0.381759  -9.209582
-0.101077  1.189444  -9.278882
-0.101077  1.189444  -9.278882
-0.101077  1.189444  -9.278882
-0.101077  1.189444  -9.278882
-0.101077  1.189444  -9.278882
-0.101077  1.189444  -9.278882
-0.101077  1.189444  -9.278882
-0.101077  1.189444  -9.278882
-0.101077  1.189444  -9.278882
-0.101077  1.189444  -9.278882
-0.101077  1.189444  -9.278882
-0.101077  1.189444  -9.278882
-0.101077  1.189444  -9.278882
-0.101077  1.189444  -9.278882
0.062063  0.324867  -7.786837
0.062063  0.324867  -7.786837
0.062063  0.324867  -7.786837
0.062063  0.324867  -7.786837
0.062063  0.324867  -7.786837
0.062063  0.324867  -7.786837
0.062063  0.324867  -7.786837
0.318322  -0.155856  -11.518368
0.318322  -0.155856  -11.518368
0.104322  -0.282964  -7.446496
0.045837  -0.956573  -10.030040
0.045837  -0.956573  -10.030040
0.045837  -0.956573  -10.030040
0.045837  -0.956573  -10.030040
0.045837  -0.956573  -10.030040
0.045837  -0.956573  -10.030040
0.045837  -0.956573  -10.030040
0.045837  -0.956573  -10.030040
0.045837  -0.956573  -10.030040
0.045837  -0.956573  -10.030040
0.045837  -0.956573  -10.030040
-0.068257  0.055746  -10.107428
-0.068257  0.055746  -10.107428
0.160707  -0.039693  -10.475273
0.160707  -0.039693  -10.475273
0.160707  -0.039693  -10.475273
0.160707  -0.039693  -10.475273
0.160707  -0.039693  -10.475273
0.160707  -0.039693  -10.475273
0.160707  -0.039693  -10.475273
0.160707  -0.039693  -10.475273
0.160707  -0.039693  -10.475273
0.160707  -0.039693  -10.475273
0.160707  -0.039693  -10.475273
0.160707  -0.039693  -10.475273
0.160707  -0.039693  -10.475273
0.160707  -0.039693  -10.475273
0.160707  -0.039693  -10.475273
0.160707  -0.039693  -10.475273
0.160707  -0.039693  -10.475273
0.160707  -0.039693  -10.475273
0.160707  -0.039693  -10.475273
-0.202349  0.191578  -8.621217
-0.202349  0.191578  -8.621217
-0.202349  0.191578  -8.621217
0.355502  -0.389280  -11.455778
0.355502  -0.389280  -11.455778
0.355502  -0.389280  -11.455778
-0.832849  -1.862183  -10.699431
-0.832849  -1.862183  -10.699431
-0.832849  -1.862183  -10.699431
-0.832849  -1.862183  -10.699431
-0.832849  -1.862183  -10.699431
-0.832849  -1.862183  -10.699431
-0.386374  -0.277354  -8.383547
-0.386374  -0.277354  -8.383547
-0.386374  -0.277354  -8.383547
-1.134828  -2.253876  -9.334579
-1.134828  -2.253876  -9.334579
-1.134828  -2.253876  -9.334579
-1.134828  -2.253876  -9.334579
-1.134828  -2.253876  -9.334579
-1.134828  -2.253876  -9.334579
-1.134828  -2.253876  -9.334579
-1.134828  -2.253876  -9.334579
-1.134828  -2.253876  -9.334579
-1.134828  -2.253876  -9.334579
-1.134828  -2.253876  -9.334579
-1.134828  -2.253876  -9.334579
-1.134828  -2.253876  -9.334579
-1.134828  -2.253876  -9.334579
-1.134828  -2.253876  -9.334579
-1.134828  -2.253876  -9.334579
-1.134828  -2.253876  -9.334579
-0.280562  0.943611  -8.431560
-0.303022  -0.551070  -10.198046
-0.364920  -1.678771  -10.533981
-0.364920  -1.678771  -10.533981
-0.364920  -1.678771  -10.533981
-0.364920  -1.678771  -10.533981
-0.364920  -1.678771  -10.533981
-0.364920  -1.678771  -10.533981
-0.364920  -1.678771  -10.533981
-0.364920  -1.678771  -10.533981
0.071002  -0.759086  -10.173535
0.071002  -0.759086  -10.173535
0.071002  -0.759086  -10.173535
0.071002  -0.759086  -10.173535
0.071002  -0.759086  -10.173535
0.665695  0.838127  -9.751025
1.036172  1.539454  -8.538087
1.036172  1.539454  -8.538087
1.036172  1.539454  -8.538087
1.036172  1.539454  -8.538087
1.036172  1.539454  -8.538087
1.036172  1.539454  -8.538087
1.036172  1.539454  -8.538087
1.036172  1.539454  -8.538087
0.233134  -1.419341  -9.656464
0.810672  -1.436996  -10.128432
1.139449  0.018832  -10.370605
1.139449  0.018832  -10.370605
1.139449  0.018832  -10.370605
1.139449  0.018832  -10.370605
-0.329308  0.034653  -10.353370
-0.017106  0.838172  -11.252838
-0.017106  0.838172  -11.252838
-0.305693  2.154021  -13.091906
-1.019102  0.571136  -12.915583
-0.790872  -0.853178  -11.080196
0.139407  -1.113134  -11.085219
0.417823  -0.987965  -12.777024
0.417823  -0.987965  -12.777024
0.417823  -0.987965  -12.777024
0.417823  -0.987965  -12.777024
0.417823  -0.987965  -12.777024
0.417823  -0.987965  -12.777024
0.417823  -0.987965  -12.777024
0.417823  -0.987965  -12.777024
0.155002  1.375255  -10.539416
0.155002  1.375255  -10.539416
0.155002  1.375255  -10.539416
-0.053095  0.333377  -8.421175
-0.053095  0.333377  -8.421175
-0.053095  0.333377  -8.421175
-0.053095  0.333377  -8.421175
-0.053095  0.333377  -8.421175
-0.053095  0.333377  -8.421175
-0.053095  0.333377  -8.421175
-0.053095  0.333377  -8.421175
-0.440294  -2.554900  -9.624390
-0.440294  -2.554900  -9.624390
0.224061  -0.110271  -9.943054
0.224061  -0.110271  -9.943054
-0.238983  0.156087  -10.053967
-0.238983  0.156087  -10.053967
-0.238983  0.156087  -10.053967
-0.238983  0.156087  -10.053967
0.147776  1.430033  -8.694055
0.147776  1.430033  -8.694055
0.683875  -1.432408  -9.225537
0.683875  -1.432408  -9.225537
0.614652  0.273626  -8.917933
-0.174106  -0.435344  -8.241641
-0.174106  -0.435344  -8.241641
-0.174106  -0.435344  -8.241641
-0.174106  -0.435344  -8.241641
-0.174106  -0.435344  -8.241641
-0.174106  -0.435344  -8.241641
-0.174106  -0.435344  -8.241641
-0.174106  -0.435344  -8.241641
-0.174106  -0.435344  -8.241641
-0.174106  -0.435344  -8.241641
-0.174106  -0.435344  -8.241641
0.366987  0.540426  -10.076624
0.366987  0.540426  -10.076624
0.366987  0.540426  -10.076624
0.366987  0.540426  -10.076624
0.366987  0.540426  -10.076624
0.366987  0.540426  -10.076624
0.122894  -0.179883  -7.107198
-0.419925  -0.072442  -6.866277
-0.419925  -0.072442  -6.866277
-0.419925  -0.072442  -6.866277
-0.419925  -0.072442  -6.866277
-0.419925  -0.072442  -6.866277
0.841027  0.199168  -7.505139
0.841027  0.199168  -7.505139
0.841027  0.199168  -7.505139
0.841027  0.199168  -7.505139
0.841027  0.199168  -7.505139
0.841027  0.199168  -7.505139
0.841027  0.199168  -7.505139
0.265233  -0.510338  -7.358567
0.265233  -0.510338  -7.358567
0.265233  -0.510338  -7.358567
0.265233  -0.510338  -7.358567
0.265233  -0.510338  -7.358567
0.265233  -0.510338  -7.358567
0.265233  -0.510338  -7.358567
0.265233  -0.510338  -7.358567
0.960114  1.849771  -7.417874
0.131836  -1.547658  -7.054272
0.131836  -1.547658  -7.054272
0.131836  -1.547658  -7.054272
0.699998  0.501739  -11.089633
0.699998  0.501739  -11.089633
-0.269570  -2.299153  -10.486161
-0.269570  -2.299153  -10.486161
-0.269570  -2.299153  -10.486161
0.106516  -2.801497  -9.617515
0.106516  -2.801497  -9.617515
0.106516  -2.801497  -9.617515
0.106516  -2.801497  -9.617515
0.106516  -2.801497  -9.617515
0.106516  -2.801497  -9.617515
0.106516  -2.801497  -9.617515
0.106516  -2.801497  -9.617515
-0.782620  -1.685188  -8.992989
-0.782620  -1.685188  -8.992989
-0.782620  -1.685188  -8.992989
-0.782620  -1.685188  -8.992989
-0.782620  -1.685188  -8.992989
0.405322  -0.442288  -8.526950
0.405322  -0.442288  -8.526950
0.405322  -0.442288  -8.526950
0.405322  -0.442288  -8.526950
0.405322  -0.442288  -8.526950
0.405322  -0.442288  -8.526950
0.405322  -0.442288  -8.526950
0.405322  -0.442288  -8.526950
0.405322  -0.442288  -8.526950
0.405322  -0.442288  -8.526950
0.405322  -0.442288  -8.526950
0.046207  0.362670  -7.353766
0.046207  0.362670  -7.353766
0.046207  0.362670  -7.353766
0.046207  0.362670  -7.353766
0.046207  0.362670  -7.353766
0.046207  0.362670  -7.353766
0.046207  0.362670  -7.353766
0.046207  0.362670  -7.353766
0.046207  0.362670  -7.353766
0.046207  0.362670  -7.353766
0.046207  0.362670  -7.353766
0.046207  0.362670  -7.353766
0.046207  0.362670  -7.353766
0.046207  0.362670  -7.353766
0.350612  0.081916  -7.577374
0.350612  0.081916  -7.577374
0.350612  0.081916  -7.577374
0.350612  0.081916  -7.577374
-0.045463  0.177890  -7.769521
-0.045463  0.177890  -7.769521
-0.045463  0.177890  -7.769521
-0.045463  0.177890  -7.769521
-0.045463  0.177890  -7.769521
-0.108364  1.141162  -9.011351
-0.108364  1.141162  -9.011351
-0.191321  -0.449216  -8.525911
22.664040  -31.998547  -4.843203
22.664040  -31.998547  -4.843203
32.001801  -46.261322  -1.571913
32.001801  -46.261322  -1.571913
-2.964335  1.704155  -2.102639
-2.964335  1.704155  -2.102639
-2.964335  1.704155  -2.102639
-2.964335  1.704155  -2.102639
1.450446  2.809211  -4.674190
0.472731  2.646667  -5.267090
-0.564352  1.293075  -7.081757
0.267095  4.749237  -8.094097
0.267095  4.749237  -8.094097
0.267095  4.749237  -8.094097
0.267095  4.749237  -8.094097
0.267095  4.749237  -8.094097
0.267095  4.749237  -8.094097
0.267095  4.749237  -8.094097
1.094906  -0.630738  -9.233334
1.094906  -0.630738  -9.233334
1.094906  -0.630738  -9.233334
1.094906  -0.630738  -9.233334
0.016436  -1.468488  -8.971930
0.016436  -1.468488  -8.971930
0.522697  -0.129153  -6.756747
0.804435  0.263796  -7.278097
0.804435  0.263796  -7.278097
0.873286  -0.208151  -7.765178
0.366632  -1.260112  -7.460810
0.366632  -1.260112  -7.460810
0.366632  -1.260112  -7.460810
0.366632  -1.260112  -7.460810
0.366632  -1.260112  -7.460810
0.366632  -1.260112  -7.460810
0.366632  -1.260112  -7.460810
37.936810  -10.167711  6.922029
0.905397  -0.163111  -6.150925
-0.434133  -0.968091  -9.095709
-0.434133  -0.968091  -9.095709
-0.434133  -0.968091  -9.095709
-13.441467  -12.334209  12.417236
-3.134301  1.729521  -5.152398
-7.910744  -7.503704  16.963276
-8.800848  -2.652898  34.900288
-2.532010  -0.311951  5.525546
0.061364  3.495601  -5.737799
7.993719  0.099252  -6.217496
7.993719  0.099252  -6.217496
7.993719  0.099252  -6.217496
-3.399389  0.127519  -1.265433
-11.668276  28.945799  42.917263
-11.668276  28.945799  42.917263
1.365372  1.273046  -0.800785
1.050624  1.824735  -3.803631
-3.537541  -7.964256  1.800459
-3.701435  -4.875116  7.850178
0.397082  1.057572  0.355739
0.491960  0.005598  -2.236950
0.488792  1.092668  -3.216735
9.776525  -2.362895  0.919232
9.776525  -2.362895  0.919232
7.484655  -2.367059  0.057039
12.081472  6.701043  14.323930
2.593534  3.338445  3.419556
-4.548538  6.039618  8.130131
-9.959837  21.010790  29.833832
-0.867049  6.244576  4.294502
-7.157598  -0.784323  4.000293
-4.946913  -0.860348  5.911394
3.835151  -0.360676  2.765721
3.835151  -0.360676  2.765721
14.971979  10.016942  27.260321
14.971979  10.016942  27.260321
4.171752  1.896494  10.475273
-0.417160  0.272173  -0.673606
0.003347  -0.687081  0.486641
0.003347  -0.687081  0.486641
-4.971283  12.158768  22.521006
-1.779379  5.311708  10.378588
-0.954432  1.298484  3.464068
-0.150179  0.194528  9.165610
5.384238  2.836409  29.102020
1.737531  1.596729  16.681553
-0.499049  1.881737  15.524947
-0.057027  0.613125  3.756531
1.292525  -1.279783  2.070940
1.292525  -1.279783  2.070940
0.130454  2.539001  11.220663
-0.575310  3.777578  18.696749
-0.575310  3.777578  18.696749
-0.575310  3.777578  18.696749
0.672943  -0.212469  13.901176
0.077018  -0.195786  6.495795
0.139694  -1.531554  13.255893
0.562420  -1.362540  8.982366
1.396609  -1.739638  10.015704
1.196200  -0.322109  11.826480
1.196200  -0.322109  11.826480
1.196200  -0.322109  11.826480
1.196200  -0.322109  11.826480
1.196200  -0.322109  11.826480
1.196200  -0.322109  11.826480
-1.534741  -1.542983  12.420112
-0.948253  -2.540619  9.827481
-1.467474  -0.963154  11.906524
-1.467474  -0.963154  11.906524
-3.745753  -0.038776  9.044503
-3.745753  -0.038776  9.044503
-3.745753  -0.038776  9.044503
-3.745753  -0.038776  9.044503
-3.745753  -0.038776  9.044503
-3.745753  -0.038776  9.044503
-3.745753  -0.038776  9.044503
2.108038  3.773407  11.605544
2.108038  3.773407  11.605544
2.108038  3.773407  11.605544
2.108038  3.773407  11.605544
2.108038  3.773407  11.605544
-3.182561  0.273553  12.601810
-3.182561  0.273553  12.601810
-3.182561  0.273553  12.601810
2.076852  -0.915310  9.651686
2.076852  -0.915310  9.651686
2.076852  -0.915310  9.651686
2.076852  -0.915310  9.651686
-1.397634  0.646215  10.683949
-1.397634  0.646215  10.683949
-1.397634  0.646215  10.683949
1.385441  -0.471625  11.776664
-2.140270  -0.328039  10.365636
-3.074830  1.862655  9.675470
-3.074830  1.862655  9.675470
-3.074830  1.862655  9.675470
-3.074830  1.862655  9.675470
-3.074830  1.862655  9.675470
-3.074830  1.862655  9.675470
-3.074830  1.862655  9.675470
-3.074830  1.862655  9.675470
-3.074830  1.862655  9.675470
-3.074830  1.862655  9.675470
-3.074830  1.862655  9.675470
-3.074830  1.862655  9.675470
1.674881  1.707974  9.846790
1.674881  1.707974  9.846790
0.370466  0.870977  10.412598
-0.436894  0.377616  10.358243
-2.196218  -0.642085  11.024171
-2.196218  -0.642085  11.024171
-2.196218  -0.642085  11.024171
-2.196218  -0.642085  11.024171
-2.196218  -0.642085  11.024171
0.621707  -0.284743  12.045677
0.228756  1.692742  10.603967
0.228756  1.692742  10.603967
0.228756  1.692742  10.603967
0.228756  1.692742  10.603967
-0.929614  -1.391176  10.891429
-3.046991  -2.054181  10.242300
-2.336260  -1.201431  11.682914
-2.260216  0.175248  10.053405
-2.260216  0.175248  10.053405
-2.260216  0.175248  10.053405
-2.260216  0.175248  10.053405
-2.260216  0.175248  10.053405
-2.260216  0.175248  10.053405
-2.260216  0.175248  10.053405
-2.260216  0.175248  10.053405
-2.260216  0.175248  10.053405
-2.357569  -0.972791  10.409316
-2.357569  -0.972791  10.409316
-0.718410  1.597583  9.918975
-4.342213  2.641374  11.607263
-0.671355  3.026501  10.544192
-0.671355  3.026501  10.544192
0.888741  -2.447878  11.283698
-3.142335  -0.342584  11.056659
-3.142335  -0.342584  11.056659
-3.142335  -0.342584  11.056659
-0.325108  0.324037  9.782456
1.705322  -1.803868  14.014476
1.705322  -1.803868  14.014476
1.705322  -1.803868  14.014476
1.705322  -1.803868  14.014476
-1.498330  -1.050887  11.936558
-1.568179  -1.636372  10.660613
1.759697  0.408180  9.789762
1.759697  0.408180  9.789762
-0.030476  -1.465106  9.782709
-0.030476  -1.465106  9.782709
-0.030476  -1.465106  9.782709
0.819881  1.062311  11.575640
-0.462801  2.316254  9.984744
1.944632  1.382463  10.452243
2.378626  1.077351  8.994168
2.378626  1.077351  8.994168
-0.467904  -2.486706  10.198266
-0.467904  -2.486706  10.198266
-0.467904  -2.486706  10.198266
-0.467904  -2.486706  10.198266
1.003443  -3.066421  10.088005
-0.571070  -1.452013  11.551268
-0.571070  -1.452013  11.551268
-0.571070  -1.452013  11.551268
-0.571070  -1.452013  11.551268
-0.613706  -1.865199  11.855693
-1.077629  -2.540179  9.139826
-1.077629  -2.540179  9.139826
1.290317  -0.992463  11.131670
0.821171  -0.324559  11.246601
-0.622570  0.491975  10.269521
-1.152387  1.778747  10.933581
-1.152387  1.778747  10.933581
-1.152387  1.778747  10.933581
-1.152387  1.778747  10.933581
0.164657  0.098326  10.671164
0.164657  0.098326  10.671164
0.164657  0.098326  10.671164
0.164657  0.098326  10.671164
-0.146635  -0.125851  10.906518
-0.209158  0.192695  10.830252
-0.115399  0.390666  10.056808
-0.115399  0.390666  10.056808
-0.134795  0.219036  11.005462
-0.233178  0.195021  10.717910
0.019649  -0.070719  10.664271
0.213406  0.130810  11.072447
0.085038  0.556653  10.638645
-0.133678  -0.045273  10.740787
-0.133678  -0.045273  10.740787
-0.152818  -0.069666  10.644224
-0.145617  0.135630  10.952298
-0.071017  -0.215434  10.393342
-0.071017  -0.215434  10.393342
-0.064467  0.287952  10.846236
-0.191564  -0.003004  10.701656
-0.191564  -0.003004  10.701656
-0.281340  0.544435  10.529942
-0.281340  0.544435  10.529942
