0.097338  0.035955  -9.698605
0.094772  0.035416  -9.697738
0.083992  0.022806  -9.723125
0.089659  0.033740  -9.717708
0.086217  0.026106  -9.717126
0.101140  0.026725  -9.737181
0.098196  0.030130  -9.735283
0.093734  0.036592  -9.717640
0.101955  0.022706  -9.705131
0.080628  0.039497  -9.729496
0.087136  0.043578  -9.715438
0.085788  0.025660  -9.723523
0.085788  0.025660  -9.723523
0.102966  0.042119  -9.729328
0.103932  0.038339  -9.712934
0.106348  0.024954  -9.704643
0.089680  0.030911  -9.715923
0.089680  0.030911  -9.715923
0.088572  0.027655  -9.725211
0.087198  0.017922  -9.716244
0.100634  0.018715  -9.687799
0.097605  0.037806  -9.710493
0.097605  0.037806  -9.710493
0.094733  0.026482  -9.736984
0.090417  0.022279  -9.728740
0.094757  0.024683  -9.686559
0.083232  0.022312  -9.702761
0.090086  0.015901  -9.713396
0.101908  0.020734  -9.712484
0.087410  0.028389  -9.714256
0.080544  0.023528  -9.719209
0.104402  0.030692  -9.697818
0.103431  0.030643  -9.708718
0.102586  0.020315  -9.728347
0.090822  0.022537  -9.689157
0.090822  0.022537  -9.689157
0.095381  0.035830  -9.712896
0.088464  0.036612  -9.732505
0.088108  0.047202  -9.717516
0.105312  0.035518  -9.714439
0.101288  0.024542  -9.714745
0.093403  0.027965  -9.704943
0.084905  0.033842  -9.741615
0.081087  0.041086  -9.744537
0.093269  0.035142  -9.729995
0.086411  0.032659  -9.713930
0.093840  0.040651  -9.713452
0.089808  0.032175  -9.715298
0.093634  0.033784  -9.722097
0.093634  0.033784  -9.722097
0.100462  0.033639  -9.701982
0.087650  0.033160  -9.699582
0.077503  0.032065  -9.711818
0.096541  0.032693  -9.702069
0.102787  0.034557  -9.706862
0.104986  0.033937  -9.709365
0.103045  0.024254  -9.731017
0.087608  0.026790  -9.719129
0.076030  0.031697  -9.688122
0.093276  0.030940  -9.711891
0.100839  0.020521  -9.727342
0.100839  0.020521  -9.727342
0.074161  0.023052  -9.723903
0.078945  0.032307  -9.705992
0.084168  0.041127  -9.706334
0.081268  0.031398  -9.707964
0.099458  0.027683  -9.719934
0.104108  0.019265  -9.724883
0.087623  0.031506  -9.701755
0.089118  0.030576  -9.711761
0.103220  0.027341  -9.713760
0.106319  0.032776  -9.706339
0.094291  0.034903  -9.710224
0.091516  0.041333  -9.720433
0.096313  0.037872  -9.718698
0.086402  0.031710  -9.720485
0.090958  0.019441  -9.708055
0.095069  0.033168  -9.701971
0.097874  0.028604  -9.725639
0.090552  0.021342  -9.705914
0.087122  0.039461  -9.696126
0.095784  0.033244  -9.701698
0.103569  0.046816  -9.711802
0.090316  0.037414  -9.705360
0.085361  0.026375  -9.703722
0.081514  0.032786  -9.695678
0.087267  0.052179  -9.695216
0.088686  0.042091  -9.682096
0.099615  0.023103  -9.690198
0.107337  0.023744  -9.678719
0.090187  0.027445  -9.672162
0.084877  0.037619  -9.696218
0.091621  0.041620  -9.713795
0.098734  0.038473  -9.708225
0.104265  0.037454  -9.696531
0.104742  0.023789  -9.722728
0.098973  0.008440  -9.727485
0.087265  0.021176  -9.715822
0.099129  0.026397  -9.711102
0.096947  0.029624  -9.716948
0.093074  0.039724  -9.700112
0.101969  0.042444  -9.716420
0.102854  0.034599  -9.708868
0.090982  0.033738  -9.725054
0.092509  0.038253  -9.746836
0.080333  0.039572  -9.714184
0.082883  0.026012  -9.724762
0.090007  0.028728  -9.744898
0.097753  0.036494  -9.714497
0.098159  0.037704  -9.726766
0.087234  0.049227  -9.710034
0.089427  0.054227  -9.714906
0.083096  0.037910  -9.732341
0.093021  0.032262  -9.721312
0.093021  0.032262  -9.721312
0.103969  0.049495  -9.717745
0.092738  0.036078  -9.736255
0.099518  0.025795  -9.720564
0.091250  0.033874  -9.694071
0.084319  0.020817  -9.699974
0.102232  0.018184  -9.705586
0.083525  0.020036  -9.702018
0.090479  0.041008  -9.690403
0.094094  0.044584  -9.706447
0.089863  0.050697  -9.691094
0.094489  0.029094  -9.711605
0.101620  0.030840  -9.713089
0.101620  0.030840  -9.713089
0.083955  0.029654  -9.714758
0.097329  0.024780  -9.712184
0.100977  0.029520  -9.720335
0.074195  0.050707  -9.712388
0.074195  0.050707  -9.712388
0.100957  0.056292  -9.723194
0.100957  0.056292  -9.723194
0.100957  0.056292  -9.723194
0.100957  0.056292  -9.723194
0.100957  0.056292  -9.723194
0.100957  0.056292  -9.723194
0.100957  0.056292  -9.723194
0.100957  0.056292  -9.723194
0.100957  0.056292  -9.723194
0.100957  0.056292  -9.723194
0.100957  0.056292  -9.723194
0.100957  0.056292  -9.723194
0.100957  0.056292  -9.723194
0.100957  0.056292  -9.723194
0.100957  0.056292  -9.723194
0.100957  0.056292  -9.723194
0.100957  0.056292  -9.723194
0.100957  0.056292  -9.723194
0.100957  0.056292  -9.723194
0.100957  0.056292  -9.723194
0.100957  0.056292  -9.723194
0.100957  0.056292  -9.723194
0.100957  0.056292  -9.723194
0.100957  0.056292  -9.723194
0.100957  0.056292  -9.723194
0.100957  0.056292  -9.723194
0.100957  0.056292  -9.723194
0.100957  0.056292  -9.723194
0.100957  0.056292  -9.723194
0.221240  0.222191  -9.756948
0.221240  0.222191  -9.756948
0.221240  0.222191  -9.756948
0.221240  0.222191  -9.756948
0.221240  0.222191  -9.756948
0.221240  0.222191  -9.756948
0.221240  0.222191  -9.756948
0.221240  0.222191  -9.756948
0.221240  0.222191  -9.756948
0.221240  0.222191  -9.756948
0.221240  0.222191  -9.756948
0.221240  0.222191  -9.756948
0.221240  0.222191  -9.756948
0.221240  0.222191  -9.756948
0.221240  0.222191  -9.756948
0.221240  0.222191  -9.756948
0.221240  0.222191  -9.756948
0.221240  0.222191  -9.756948
0.221240  0.222191  -9.756948
0.221240  0.222191  -9.756948
0.221240  0.222191  -9.756948
0.221240  0.222191  -9.756948
0.221240  0.222191  -9.756948
0.221240  0.222191  -9.756948
0.221240  0.222191  -9.756948
0.221240  0.222191  -9.756948
0.221240  0.222191  -9.756948
0.221240  0.222191  -9.756948
0.221240  0.222191  -9.756948
0.147742  -0.113906  -9.709517
0.147742  -0.113906  -9.709517
0.147742  -0.113906  -9.709517
0.147742  -0.113906  -9.709517
0.147742  -0.113906  -9.709517
0.147742  -0.113906  -9.709517
0.066374  0.159596  -9.821207
0.066374  0.159596  -9.821207
0.066374  0.159596  -9.821207
0.066374  0.159596  -9.821207
0.066374  0.159596  -9.821207
0.066374  0.159596  -9.821207
0.079255  0.031768  -9.728048
0.085315  -0.098934  -9.660955
0.085315  -0.098934  -9.660955
0.085315  -0.098934  -9.660955
0.085315  -0.098934  -9.660955
0.085315  -0.098934  -9.660955
0.085315  -0.098934  -9.660955
0.085315  -0.098934  -9.660955
0.085315  -0.098934  -9.660955
0.085315  -0.098934  -9.660955
0.085315  -0.098934  -9.660955
0.085315  -0.098934  -9.660955
0.085315  -0.098934  -9.660955
0.085315  -0.098934  -9.660955
0.085315  -0.098934  -9.660955
0.085315  -0.098934  -9.660955
0.085315  -0.098934  -9.660955
0.085315  -0.098934  -9.660955
0.061922  0.106428  -9.787327
0.061922  0.106428  -9.787327
0.061922  0.106428  -9.787327
0.061922  0.106428  -9.787327
0.061922  0.106428  -9.787327
0.061922  0.106428  -9.787327
0.061922  0.106428  -9.787327
0.061922  0.106428  -9.787327
0.061922  0.106428  -9.787327
0.061922  0.106428  -9.787327
0.061922  0.106428  -9.787327
0.054093  0.032672  -9.730872
0.054093  0.032672  -9.730872
0.054093  0.032672  -9.730872
0.054093  0.032672  -9.730872
0.054093  0.032672  -9.730872
0.054093  0.032672  -9.730872
0.054093  0.032672  -9.730872
0.054093  0.032672  -9.730872
0.054093  0.032672  -9.730872
0.054093  0.032672  -9.730872
0.054093  0.032672  -9.730872
0.054093  0.032672  -9.730872
0.054093  0.032672  -9.730872
0.054093  0.032672  -9.730872
0.054093  0.032672  -9.730872
0.054093  0.032672  -9.730872
0.054093  0.032672  -9.730872
0.054093  0.032672  -9.730872
0.086342  0.029412  -9.709483
0.086342  0.029412  -9.709483
0.086342  0.029412  -9.709483
0.086342  0.029412  -9.709483
0.086342  0.029412  -9.709483
0.097652  0.053458  -9.714122
0.097652  0.053458  -9.714122
0.097652  0.053458  -9.714122
0.097652  0.053458  -9.714122
0.097652  0.053458  -9.714122
0.097652  0.053458  -9.714122
0.097652  0.053458  -9.714122
0.097652  0.053458  -9.714122
0.097652  0.053458  -9.714122
0.097652  0.053458  -9.714122
0.097652  0.053458  -9.714122
0.097652  0.053458  -9.714122
0.097652  0.053458  -9.714122
0.097652  0.053458  -9.714122
0.097652  0.053458  -9.714122
0.097652  0.053458  -9.714122
0.097652  0.053458  -9.714122
0.097652  0.053458  -9.714122
0.097652  0.053458  -9.714122
0.097652  0.053458  -9.714122
0.097652  0.053458  -9.714122
0.097652  0.053458  -9.714122
0.097652  0.053458  -9.714122
0.091003  0.028989  -9.711834
0.091003  0.028989  -9.711834
0.091003  0.028989  -9.711834
0.091003  0.028989  -9.711834
0.091003  0.028989  -9.711834
0.091003  0.028989  -9.711834
0.091003  0.028989  -9.711834
0.091003  0.028989  -9.711834
0.091003  0.028989  -9.711834
0.091003  0.028989  -9.711834
0.091003  0.028989  -9.711834
0.089891  0.015592  -9.721000
0.089891  0.015592  -9.721000
0.089891  0.015592  -9.721000
0.089891  0.015592  -9.721000
0.075319  0.025207  -9.712429
0.075319  0.025207  -9.712429
0.075319  0.025207  -9.712429
0.091395  0.033728  -9.724954
0.120712  0.024486  -9.692920
0.093797  0.029533  -9.704532
0.093797  0.029533  -9.704532
0.087201  0.040607  -9.697381
0.087201  0.040607  -9.697381
0.100102  0.018630  -9.710042
0.081820  0.037422  -9.736599
0.103631  0.015391  -9.729647
0.103316  0.031177  -9.708373
0.088231  0.039880  -9.699038
0.088231  0.039880  -9.699038
0.088231  0.039880  -9.699038
0.105755  0.041328  -9.716749
0.092615  0.047230  -9.709706
0.081306  0.021233  -9.699485
0.081306  0.021233  -9.699485
0.081306  0.021233  -9.699485
0.081306  0.021233  -9.699485
0.081306  0.021233  -9.699485
0.081306  0.021233  -9.699485
0.091315  0.017507  -9.716779
0.105290  0.037484  -9.712203
0.074091  0.032034  -9.713631
0.074091  0.032034  -9.713631
0.074091  0.032034  -9.713631
0.090305  0.037697  -9.699248
0.090305  0.037697  -9.699248
0.090305  0.037697  -9.699248
0.090305  0.037697  -9.699248
0.090305  0.037697  -9.699248
0.090305  0.037697  -9.699248
0.090305  0.037697  -9.699248
0.090305  0.037697  -9.699248
0.100801  0.020547  -9.722324
0.085693  0.014331  -9.711326
0.097605  0.028234  -9.721025
0.097605  0.028234  -9.721025
0.085600  0.030494  -9.710190
0.085600  0.030494  -9.710190
0.085600  0.030494  -9.710190
0.085600  0.030494  -9.710190
0.085600  0.030494  -9.710190
0.085600  0.030494  -9.710190
0.085600  0.030494  -9.710190
0.085600  0.030494  -9.710190
0.085600  0.030494  -9.710190
0.091159  0.040728  -9.688996
0.090333  0.040657  -9.708511
0.086803  0.018407  -9.707725
0.086803  0.018407  -9.707725
0.086803  0.018407  -9.707725
0.099570  0.043064  -9.695859
0.102549  0.032455  -9.721653
0.102549  0.032455  -9.721653
0.102549  0.032455  -9.721653
0.102549  0.032455  -9.721653
0.102549  0.032455  -9.721653
0.102549  0.032455  -9.721653
0.102549  0.032455  -9.721653
0.102549  0.032455  -9.721653
0.102549  0.032455  -9.721653
0.112445  0.034428  -9.683807
0.112445  0.034428  -9.683807
0.112445  0.034428  -9.683807
0.112445  0.034428  -9.683807
0.112445  0.034428  -9.683807
0.090540  0.031732  -9.701529
0.089106  0.035786  -9.679985
0.105889  0.037766  -9.712721
0.105889  0.037766  -9.712721
0.105889  0.037766  -9.712721
0.085614  0.059906  -9.709517
0.085614  0.059906  -9.709517
0.102597  0.108113  -9.667290
0.102597  0.108113  -9.667290
0.102597  0.108113  -9.667290
0.056248  0.025942  -9.748145
0.107792  0.024920  -9.753405
0.094131  -0.052863  -9.737410
0.094131  -0.052863  -9.737410
0.094131  -0.052863  -9.737410
0.093554  0.039616  -9.712819
0.093554  0.039616  -9.712819
0.093554  0.039616  -9.712819
0.092497  0.044830  -9.721176
0.092564  0.037063  -9.717217
0.092564  0.037063  -9.717217
0.092564  0.037063  -9.717217
0.092564  0.037063  -9.717217
0.092564  0.037063  -9.717217
0.092564  0.037063  -9.717217
0.040027  -0.022984  -9.806962
0.040027  -0.022984  -9.806962
0.207178  0.037969  -9.755244
0.207178  0.037969  -9.755244
1.281339  0.355453  -9.614355
1.906282  0.436689  -9.708054
1.297903  0.639035  -9.644848
0.561110  0.602997  -9.657144
0.728480  0.547746  -9.609230
0.618672  0.473558  -9.744141
0.618672  0.473558  -9.744141
0.618672  0.473558  -9.744141
0.618672  0.473558  -9.744141
0.618672  0.473558  -9.744141
-0.568373  -0.276101  -9.681520
-0.598935  -0.428524  -9.793688
-0.598935  -0.428524  -9.793688
-0.598935  -0.428524  -9.793688
-0.598935  -0.428524  -9.793688
-0.598935  -0.428524  -9.793688
-0.598935  -0.428524  -9.793688
-0.598935  -0.428524  -9.793688
-0.598935  -0.428524  -9.793688
-0.598935  -0.428524  -9.793688
-0.016695  0.510517  -9.684973
-0.034668  -0.202743  -9.751237
-0.034668  -0.202743  -9.751237
0.114160  -0.157438  -9.640567
-0.106432  -0.528243  -9.597528
-0.106432  -0.528243  -9.597528
-0.006408  -0.287465  -9.715060
-0.006408  -0.287465  -9.715060
-0.006408  -0.287465  -9.715060
-0.006408  -0.287465  -9.715060
0.636036  0.321138  -9.655563
0.636036  0.321138  -9.655563
0.636036  0.321138  -9.655563
0.138470  0.061827  -9.664702
0.138470  0.061827  -9.664702
0.138470  0.061827  -9.664702
-0.588681  -0.486271  -9.723023
-0.216283  -0.190979  -9.760410
-0.216283  -0.190979  -9.760410
-0.216283  -0.190979  -9.760410
0.036734  -0.081464  -9.639824
0.036734  -0.081464  -9.639824
0.119560  0.113189  -9.698080
0.119560  0.113189  -9.698080
-0.093175  -0.216885  -9.685388
-0.093175  -0.216885  -9.685388
0.081356  -0.058763  -9.715866
0.086863  -0.008459  -9.711292
0.086863  -0.008459  -9.711292
0.099189  0.031764  -9.697980
0.099189  0.031764  -9.697980
0.099189  0.031764  -9.697980
0.099189  0.031764  -9.697980
0.083172  0.030360  -9.698647
0.083172  0.030360  -9.698647
0.083172  0.030360  -9.698647
0.083172  0.030360  -9.698647
0.096066  0.030259  -9.700397
0.096066  0.030259  -9.700397
0.092767  0.020585  -9.700959
0.099611  0.038445  -9.702141
0.099611  0.038445  -9.702141
0.099611  0.038445  -9.702141
0.088656  0.036859  -9.731645
0.091292  0.037498  -9.729605
0.091292  0.037498  -9.729605
0.100745  0.012220  -9.743315
0.105799  0.024779  -9.706453
0.094558  0.025171  -9.698121
0.086713  0.019647  -9.683847
0.097839  0.022395  -9.718380
0.097839  0.022395  -9.718380
0.097839  0.022395  -9.718380
0.090869  0.038941  -9.693347
0.097523  0.025368  -9.716490
0.094912  0.028241  -9.706716
0.095118  0.039007  -9.697537
0.103414  0.050554  -9.689155
0.086970  0.041119  -9.722369
0.079385  0.014952  -9.747551
0.091511  0.013194  -9.756554
0.070873  0.019732  -9.736036
0.070873  0.019732  -9.736036
0.096284  0.025721  -9.705598
0.096284  0.025721  -9.705598
0.097407  0.021658  -9.716315
0.085940  0.033602  -9.705459
0.101564  0.035597  -9.717475
0.099538  0.028563  -9.728862
0.092970  0.027915  -9.718727
0.085955  0.033199  -9.697333
0.093329  0.037169  -9.698904
0.093089  0.029031  -9.704845
0.089808  0.034100  -9.722870
0.083609  0.044374  -9.706871
0.100587  0.037275  -9.721580
0.096200  0.027625  -9.726639
0.096200  0.027625  -9.726639
0.087266  0.030635  -9.679007
0.089463  0.032724  -9.689653
0.106942  0.030723  -9.679873
0.104816  0.034634  -9.692466
0.094247  0.033115  -9.685880
0.100676  0.041333  -9.718300
0.096848  0.045005  -9.705260
0.084803  0.026816  -9.702311
0.087469  0.010802  -9.725871
0.088278  0.023234  -9.703275
0.095210  0.032909  -9.711762
0.103206  0.029884  -9.685848
0.103206  0.029884  -9.685848
0.107535  0.022061  -9.743668
0.099717  0.033284  -9.721950
0.096153  0.023119  -9.723829
0.103316  0.028235  -9.722862
0.096542  0.037045  -9.721972
0.091171  0.035510  -9.724228
0.078933  0.040024  -9.735913
0.094482  0.028379  -9.733955
0.092551  0.036883  -9.722415
0.098309  0.047901  -9.699962
0.093477  0.037422  -9.712584
0.104277  0.024787  -9.732512
0.089911  0.027482  -9.718477
0.086245  0.022654  -9.705573
0.086245  0.022654  -9.705573
0.089050  0.035819  -9.705605
0.082314  0.034326  -9.726988
0.086552  0.033574  -9.703223
0.104693  0.032207  -9.698938
0.101873  0.020025  -9.695256
0.105660  0.012094  -9.703173
0.095535  0.028981  -9.735424
0.092618  0.029845  -9.718520
0.099060  0.031722  -9.715026
0.099243  0.033990  -9.693600
0.099243  0.033990  -9.693600
0.083015  0.020931  -9.701675
0.081211  0.023811  -9.700106
0.087876  0.030685  -9.707499
0.089673  0.022078  -9.721635
0.098738  0.029220  -9.723298
0.103693  0.034119  -9.712848
0.099479  0.036594  -9.691545
0.089001  0.045175  -9.711188
0.090022  0.044968  -9.720704
0.084480  0.032709  -9.725207
0.081824  0.030882  -9.717416
0.090977  0.031353  -9.704674
0.079299  0.030085  -9.698721
0.076441  0.046068  -9.714368
0.081543  0.040318  -9.699497
0.083592  0.035738  -9.705284
0.104310  0.042883  -9.721622
0.091349  0.028839  -9.709007
0.097217  0.021275  -9.698261
0.108872  0.030037  -9.717873
0.106443  0.034398  -9.698707
0.110195  0.036245  -9.728735
0.108330  0.041210  -9.686514
0.101420  0.031944  -9.694989
0.101420  0.031944  -9.694989
0.099091  0.032473  -9.728957
0.088345  0.029042  -9.715131
0.102787  0.024086  -9.702278
0.110718  0.035921  -9.716724
0.110718  0.035921  -9.716724
0.094701  0.042469  -9.677676
0.098954  0.023207  -9.682073
0.096152  0.033039  -9.725039
0.089306  0.035662  -9.721304
0.094572  0.033406  -9.730882
0.105948  0.037571  -9.713047
0.102336  0.023606  -9.717184
0.102336  0.023606  -9.717184
0.084782  0.031317  -9.726929
0.092011  0.022288  -9.738682
0.103069  0.026852  -9.710644
0.106985  0.045111  -9.707964
0.091015  0.018393  -9.719588
0.092072  0.018919  -9.732908
0.110887  0.031849  -9.723338
0.094454  0.025304  -9.698337
0.104132  0.025055  -9.719395
0.094251  0.024467  -9.720986
0.100068  0.028030  -9.693949
0.093219  0.028500  -9.701494
0.101086  0.031359  -9.707379
0.101086  0.031359  -9.707379
0.094532  0.036822  -9.713284
0.107413  0.015346  -9.717810
0.097074  0.023995  -9.696340
0.092776  0.031117  -9.689697
0.086931  0.025581  -9.705702
0.091048  0.035280  -9.723219
0.090498  0.045797  -9.710612
0.089607  0.031781  -9.712644
0.093559  0.030174  -9.715024
0.105634  0.023397  -9.687953
0.095510  0.023326  -9.709845
0.095510  0.023326  -9.709845
0.103438  0.029272  -9.713235
0.106189  0.039698  -9.684239
0.090544  0.026240  -9.700149
0.079433  0.028453  -9.726061
0.077606  0.039286  -9.710396
0.071464  0.022382  -9.695155
0.090592  0.011867  -9.704047
0.088811  0.023402  -9.724045
0.079848  0.022695  -9.728493
0.082931  0.022000  -9.700725
0.095991  0.019643  -9.714074
0.103654  0.021321  -9.747852
0.096451  0.021205  -9.738304
0.096451  0.021205  -9.738304
0.088003  0.037166  -9.674080
0.095844  0.038791  -9.705248
0.104319  0.031030  -9.732586
0.101647  0.025452  -9.713030
0.097996  0.015410  -9.717439
0.089112  0.012245  -9.696117
0.081381  0.032847  -9.731314
0.087044  0.042529  -9.735745
0.098768  0.040324  -9.705801
0.095413  0.038462  -9.725737
0.088047  0.028744  -9.711427
0.085666  0.027731  -9.714967
0.085666  0.027731  -9.714967
0.108540  0.032927  -9.717795
0.098923  0.014848  -9.712427
0.094462  0.027761  -9.725682
0.092772  0.034353  -9.696995
0.115000  0.038072  -9.701742
0.104593  0.037975  -9.699996
0.089414  0.034890  -9.712193
0.104408  0.023352  -9.706133
0.095729  0.032365  -9.695667
0.099432  0.033396  -9.696929
0.113627  0.028936  -9.706308
0.097249  0.023739  -9.705123
0.097249  0.023739  -9.705123
0.090447  0.034704  -9.697817
0.091844  0.042704  -9.694950
0.088042  0.033933  -9.681266
0.090093  0.015302  -9.684480
0.089700  0.027028  -9.706532
0.109645  0.026549  -9.705362
0.103219  0.028679  -9.712649
0.082965  0.037316  -9.713479
0.086413  0.035446  -9.692032
0.087515  0.041691  -9.709884
0.081835  0.031428  -9.683815
0.089281  0.025833  -9.708672
0.091385  0.032030  -9.720801
0.095058  0.035174  -9.724138
0.094715  0.021899  -9.736361
0.109946  0.024755  -9.718458
0.102271  0.033433  -9.694380
0.104419  0.031513  -9.674987
0.091661  0.027065  -9.697522
0.085430  0.021267  -9.699334
0.080866  0.027220  -9.704652
0.084853  0.018919  -9.728104
0.085476  0.028670  -9.721143
0.090448  0.033723  -9.710671
0.090260  0.039058  -9.712119
0.095628  0.032384  -9.688644
0.086249  0.039092  -9.711134
0.082754  0.038731  -9.699895
0.084636  0.034721  -9.703237
0.084636  0.034721  -9.703237
0.080174  0.033945  -9.721188
0.091434  0.033900  -9.712594
0.107953  0.020630  -9.725382
0.107157  0.022635  -9.708520
0.107157  0.022635  -9.708520
0.095649  0.029218  -9.681029
0.090017  0.039549  -9.684851
0.084361  0.033686  -9.701671
0.096887  0.021515  -9.726102
0.096887  0.021515  -9.726102
0.096408  0.045590  -9.708436
0.100667  0.042112  -9.711862
0.100323  0.034540  -9.712526
0.099223  0.032759  -9.678638
0.075415  0.044712  -9.683447
0.067988  0.033234  -9.695776
0.083451  0.028557  -9.705431
0.112417  0.045508  -9.731715
0.115781  0.043884  -9.714017
0.092105  0.028004  -9.703172
0.092105  0.028004  -9.703172
0.072839  0.035342  -9.691710
0.072839  0.035342  -9.691710
0.102674  0.015524  -9.706686
0.100177  0.022360  -9.706902
0.107904  0.025178  -9.735868
0.091907  0.033992  -9.741015
0.089474  0.032501  -9.698599
0.095244  0.038113  -9.711352
0.089741  0.042029  -9.699499
0.091122  0.037969  -9.708801
0.094316  0.036410  -9.689102
0.096169  0.048259  -9.696074
0.096169  0.048259  -9.696074
0.083734  0.034014  -9.712790
0.083734  0.034014  -9.712790
0.083734  0.034014  -9.712790
0.092278  0.022753  -9.727629
0.092629  0.000811  -9.709109
0.095017  0.042484  -9.700552
0.092926  0.040911  -9.698631
0.088097  0.044755  -9.716864
0.081431  0.041118  -9.719342
0.082061  0.022687  -9.724545
0.080133  0.026946  -9.704192
0.094078  0.015782  -9.736715
0.101869  0.013525  -9.726016
0.100368  0.008709  -9.709821
0.100368  0.008709  -9.709821
0.093706  0.037483  -9.717643
0.093364  0.022126  -9.702965
0.086860  0.028688  -9.707909
0.102513  0.032388  -9.691000
0.093054  0.035888  -9.684402
0.098608  0.034797  -9.718570
0.093020  0.011472  -9.705784
0.092023  0.020550  -9.707260
0.106549  0.033191  -9.695703
0.089658  0.038566  -9.716030
0.099789  0.026152  -9.706279
0.090821  0.028211  -9.694693
0.090821  0.028211  -9.694693
0.095580  0.026076  -9.713275
0.097284  0.030217  -9.729097
0.095700  0.030537  -9.733980
0.101822  0.029097  -9.697939
0.094421  0.016322  -9.698448
0.088065  0.016509  -9.695915
0.087153  0.038189  -9.705925
0.088487  0.038383  -9.719816
0.097595  0.042342  -9.721410
0.095314  0.036621  -9.696396
0.091114  0.036522  -9.688056
0.079190  0.038692  -9.704609
0.079190  0.038692  -9.704609
0.097095  0.027226  -9.721449
0.089677  0.030787  -9.713408
0.082643  0.043000  -9.686205
0.081651  0.037415  -9.701815
0.087163  0.034792  -9.689646
0.092997  0.043389  -9.703869
0.083503  0.037642  -9.727782
0.090156  0.043073  -9.703237
0.093995  0.045364  -9.717016
0.095362  0.016411  -9.708335
0.095362  0.016411  -9.708335
0.099105  0.041422  -9.698147
0.099105  0.041422  -9.698147
0.103716  0.023663  -9.701430
0.106783  0.020825  -9.712753
0.098634  0.005028  -9.707831
0.084927  0.021734  -9.725175
0.086212  0.033950  -9.714071
0.091757  0.027294  -9.724910
0.103897  0.026878  -9.671749
0.107327  0.030548  -9.694035
0.083783  0.032212  -9.691283
0.087437  0.028081  -9.711770
0.090594  0.032262  -9.722836
0.091002  0.030423  -9.725670
0.080681  0.019073  -9.731057
0.087875  0.022289  -9.734137
0.093614  0.037385  -9.703598
0.086454  0.033566  -9.693488
0.105934  0.027819  -9.711662
0.101142  0.029369  -9.700795
0.098044  0.029256  -9.704741
0.075852  0.027404  -9.713138
0.078241  0.030404  -9.714374
0.079860  0.044829  -9.701419
0.093358  0.039777  -9.699962
0.100779  0.037652  -9.727756
0.099237  0.031513  -9.700209
0.099237  0.031513  -9.700209
0.108978  0.026291  -9.708378
0.108356  0.018265  -9.724836
0.096993  0.019625  -9.720476
0.088419  0.035898  -9.718996
0.096933  0.033326  -9.707514
0.094914  0.029893  -9.731538
0.087797  0.037571  -9.716787
0.089944  0.028474  -9.710972
0.088089  0.032153  -9.701294
0.083974  0.042469  -9.699306
0.080176  0.036932  -9.690999
0.089958  0.028192  -9.700407
0.093578  0.031894  -9.705133
0.093578  0.031894  -9.705133
0.101991  0.040119  -9.730162
0.097001  0.027663  -9.726372
0.092865  0.031807  -9.706182
0.085551  0.031625  -9.702176
0.092563  0.043058  -9.692823
0.083056  0.028861  -9.713492
0.084908  0.019929  -9.698968
0.094703  0.027524  -9.701358
0.108214  0.044982  -9.722238
0.082304  0.035736  -9.717888
0.081844  0.040459  -9.710896
0.094965  0.038140  -9.703366
0.094965  0.038140  -9.703366
0.091874  0.031742  -9.720811
0.089133  0.031537  -9.708073
0.075128  0.027222  -9.683224
0.073769  0.017746  -9.707072
0.093130  0.033740  -9.728745
0.104295  0.030406  -9.730298
0.095152  0.034777  -9.725214
0.084510  0.027862  -9.718303
0.086096  0.028620  -9.704707
0.096605  0.025524  -9.723562
0.085074  0.027431  -9.724440
0.085074  0.027431  -9.724440
0.094106  0.045653  -9.701074
0.092417  0.029565  -9.710723
0.100286  0.034117  -9.716928
0.091002  0.028884  -9.705666
0.096702  0.043669  -9.694314
0.089010  0.028139  -9.689174
0.089010  0.028139  -9.689174
0.097163  0.019003  -9.727571
0.098257  0.013614  -9.710396
0.106258  0.035431  -9.699373
0.088826  0.039476  -9.717149
0.104897  0.039506  -9.721490
0.104897  0.039506  -9.721490
0.086860  0.025051  -9.709085
0.086728  0.019489  -9.713693
0.095479  0.025905  -9.702976
0.095479  0.025905  -9.702976
0.098615  0.037550  -9.685129
0.095159  0.042093  -9.700719
0.101063  0.023844  -9.692948
0.111738  0.024653  -9.676268
0.088275  0.021968  -9.689423
0.099666  0.031110  -9.715076
0.104204  0.046565  -9.722376
0.090192  0.039678  -9.732836
0.090192  0.039678  -9.732836
0.097673  0.036860  -9.734971
0.095752  0.043001  -9.709952
0.101386  0.039345  -9.700559
0.092519  0.039002  -9.706397
0.088747  0.039168  -9.698145
0.089337  0.014763  -9.716305
0.109714  0.014844  -9.692220
0.102648  0.014829  -9.690999
0.088743  0.024854  -9.694736
0.087754  0.037944  -9.696029
0.095906  0.035980  -9.701490
0.090495  0.037463  -9.697209
0.090495  0.037463  -9.697209
0.090276  0.018989  -9.697353
0.090276  0.018989  -9.697353
0.103818  0.026963  -9.707232
0.098093  0.029451  -9.721115
0.082073  0.010770  -9.711471
0.099886  0.013887  -9.714783
0.085286  0.033070  -9.695509
0.103217  0.042904  -9.698615
0.098922  0.032614  -9.689179
0.090207  0.036064  -9.709479
0.079022  0.029356  -9.696295
0.081588  0.030686  -9.715868
0.081588  0.030686  -9.715868
0.095192  0.038792  -9.701934
0.088699  0.034447  -9.708038
0.084924  0.031454  -9.714028
0.093493  0.042828  -9.722826
0.087344  0.043320  -9.719401
0.093537  0.031172  -9.704062
0.099330  0.024764  -9.700036
0.092137  0.032134  -9.710302
0.089281  0.039999  -9.700682
0.090679  0.031779  -9.713713
0.095860  0.030020  -9.736665
0.095860  0.030020  -9.736665
0.095860  0.030020  -9.736665
0.080136  0.014965  -9.752368
0.097617  -0.002417  -9.717812
0.092444  0.048656  -9.687209
0.084723  0.024554  -9.711128
0.089575  0.013727  -9.728192
0.072929  0.056923  -9.704217
0.081685  0.050101  -9.716841
0.084437  0.043197  -9.714192
0.084437  0.043197  -9.714192
0.092436  0.040625  -9.706897
0.092059  0.034856  -9.699302
0.092059  0.034856  -9.699302
0.081759  0.034058  -9.709703
0.096562  0.036907  -9.710035
0.089503  0.018705  -9.719481
0.083841  0.030530  -9.739303
0.085140  0.036745  -9.729406
0.082019  0.022666  -9.703783
0.079385  0.028563  -9.706219
0.089291  0.043505  -9.700340
0.083890  0.039201  -9.696756
0.084998  0.023924  -9.699908
0.094839  0.032251  -9.710297
0.101848  0.032980  -9.711895
0.101848  0.032980  -9.711895
0.081545  0.053903  -9.706448
0.068974  0.038499  -9.718538
0.081399  0.043202  -9.708896
0.082939  0.030332  -9.708043
0.081045  0.024658  -9.731913
0.081045  0.024658  -9.731913
0.087412  0.036117  -9.710242
0.092348  0.045536  -9.719277
0.098447  0.029635  -9.720424
0.093086  0.023823  -9.688336
0.100230  0.035342  -9.692059
0.097309  0.050006  -9.715271
0.097309  0.050006  -9.715271
0.095119  0.029927  -9.736872
0.095685  0.034646  -9.691236
0.076422  0.023343  -9.701371
0.087256  0.026844  -9.691330
0.097466  0.045237  -9.701125
0.094110  0.034284  -9.730835
0.085598  0.047503  -9.726165
0.099947  0.052774  -9.703577
0.098420  0.028429  -9.695361
0.070416  0.035639  -9.714780
0.076196  0.039219  -9.714986
0.078381  0.033538  -9.696211
0.078381  0.033538  -9.696211
0.080504  0.035880  -9.711942
0.089589  0.036699  -9.719048
0.081047  0.038964  -9.709333
0.101327  0.028963  -9.707535
0.103239  0.027758  -9.698047
0.090880  0.040500  -9.712646
0.088368  0.032754  -9.702158
0.092991  0.031066  -9.713514
0.080773  0.029648  -9.686831
0.080773  0.029648  -9.686831
0.082218  0.019261  -9.675499
0.091422  0.023069  -9.704114
0.077338  0.031952  -9.729600
0.092912  0.038095  -9.710567
0.102055  0.040762  -9.734406
0.101913  0.030518  -9.687198
0.101913  0.030518  -9.687198
0.085512  0.025133  -9.702940
0.086959  0.033707  -9.712310
0.094626  0.029255  -9.721311
0.091546  0.028052  -9.723348
0.093326  0.031351  -9.685651
0.093326  0.031351  -9.685651
0.084685  0.032676  -9.728107
0.075328  0.038279  -9.728156
0.075328  0.038279  -9.728156
0.090496  0.028814  -9.707748
0.089175  0.019567  -9.710158
0.085876  0.030085  -9.717188
0.089888  0.037313  -9.710920
0.104343  0.031375  -9.720860
0.105436  0.025723  -9.728538
0.098796  0.029121  -9.713576
0.085192  0.039348  -9.711011
0.083307  0.034837  -9.702153
0.098898  0.038918  -9.715476
0.097864  0.032960  -9.695065
0.086606  0.029339  -9.684379
0.086606  0.029339  -9.684379
0.088937  0.032928  -9.705836
0.096777  0.041825  -9.693711
0.093234  0.031082  -9.694868
0.087361  0.040736  -9.707676
0.087566  0.044438  -9.697014
0.087102  0.037670  -9.702164
0.089347  0.032899  -9.711036
0.089882  0.024949  -9.699928
0.089358  0.036769  -9.700274
0.092164  0.038510  -9.711123
0.091750  0.030202  -9.719696
0.091257  0.051160  -9.706910
0.091257  0.051160  -9.706910
0.109155  0.055719  -9.696675
0.109155  0.055719  -9.696675
0.100498  0.061685  -9.725417
0.069897  -0.001211  -9.722720
0.084121  -0.020799  -9.734221
0.096043  0.020437  -9.724156
0.087678  0.046228  -9.698358
0.082560  0.025938  -9.690304
0.088412  0.023592  -9.691956
0.093669  0.035515  -9.673788
0.083361  0.023840  -9.691359
0.091740  0.022425  -9.725712
0.091740  0.022425  -9.725712
0.105852  0.032876  -9.740161
0.081461  -0.039585  -9.752460
0.100413  0.160887  -9.661339
0.073559  0.060757  -9.695520
0.088244  0.051934  -9.721759
0.088244  0.051934  -9.721759
0.081895  0.055069  -9.701693
0.089079  0.039112  -9.710162
0.102372  0.026561  -9.719651
0.111416  0.033211  -9.719661
0.093921  0.033954  -9.733001
0.074404  0.046303  -9.711633
0.074404  0.046303  -9.711633
0.088559  0.042028  -9.718639
0.096557  0.042943  -9.707654
0.096557  0.042943  -9.707654
0.091209  0.028301  -9.709634
0.096750  0.035259  -9.717254
0.085370  0.039106  -9.693002
0.085370  0.039106  -9.693002
0.100502  0.058350  -9.695193
0.095520  0.054464  -9.709026
0.090780  0.046115  -9.722415
0.088413  0.042210  -9.698612
0.095297  0.035427  -9.727693
0.099934  0.039383  -9.749045
0.103268  0.035436  -9.731635
0.087249  0.030805  -9.715809
0.084923  0.043467  -9.714378
0.087716  0.046932  -9.723614
0.093474  0.033524  -9.731251
0.071414  0.037835  -9.709548
0.084182  0.034207  -9.705485
0.100036  0.035500  -9.711336
0.087467  0.039513  -9.710405
0.086032  0.046334  -9.725779
0.082012  0.042794  -9.717477
0.088503  0.032497  -9.725047
0.090827  0.033241  -9.702168
0.087771  0.035310  -9.697004
0.102266  0.033289  -9.705845
0.104249  0.036842  -9.695822
0.111083  0.030333  -9.711252
0.118373  0.038345  -9.697812
0.095821  0.027499  -9.693810
0.100577  0.032001  -9.710939
0.092893  0.028978  -9.714223
0.092893  0.028978  -9.714223
0.092134  0.020767  -9.704590
0.090554  0.032135  -9.728131
0.092523  0.035650  -9.724722
0.090238  0.040283  -9.688968
0.087805  0.042203  -9.695297
0.092414  0.034019  -9.718513
0.099525  0.030584  -9.720097
0.095944  0.029207  -9.703114
0.095176  0.037707  -9.675827
0.095176  0.037707  -9.675827
-0.375258  0.085977  -10.268971
-2.870259  2.174617  -10.301589
-1.334302  1.294236  -10.013395
0.780106  -0.094980  -9.726766
1.239141  -0.713587  -9.949957
1.239141  -0.713587  -9.949957
1.384779  -1.282621  -9.701611
0.461298  -0.388768  -9.736586
-0.000077  0.131267  -9.708434
0.024117  0.143801  -9.690410
0.074051  0.068761  -9.707103
0.101368  0.049565  -9.718433
0.099864  0.035722  -9.725204
0.078821  0.048363  -9.709167
0.092210  0.045206  -9.723052
0.095419  0.040787  -9.724010
0.084133  0.052822  -9.719750
0.082203  0.052462  -9.708453
0.082203  0.052462  -9.708453
0.097364  0.027288  -9.700621
0.087980  0.036301  -9.705857
0.094217  0.035124  -9.705593
0.085890  0.050749  -9.709024
0.083615  0.045779  -9.723570
0.095663  0.045009  -9.725631
0.083064  0.042742  -9.710771
0.082600  0.038540  -9.697466
0.074290  0.023855  -9.702040
0.105223  0.012979  -9.708357
0.095829  0.025923  -9.697386
0.082634  0.037242  -9.684163
0.082634  0.037242  -9.684163
0.085495  0.037520  -9.674591
0.094377  0.026378  -9.709986
0.094377  0.026378  -9.709986
0.090218  0.042014  -9.704727
0.098088  0.029277  -9.711651
0.081845  0.025577  -9.732789
0.081845  0.025577  -9.732789
0.095324  0.041886  -9.707423
0.095765  0.039191  -9.700244
0.092500  0.036712  -9.698075
0.096102  0.030634  -9.673428
0.093547  0.028313  -9.695395
0.093547  0.028313  -9.695395
0.090943  0.027755  -9.714712
0.101565  0.028196  -9.720433
0.101190  0.037055  -9.705608
0.095030  0.034159  -9.713696
0.081932  0.021527  -9.707993
0.081932  0.021527  -9.707993
0.085549  0.030002  -9.708484
0.093465  0.038168  -9.719234
0.098058  0.028792  -9.706731
0.098058  0.028792  -9.706731
0.088095  0.024471  -9.690485
0.088095  0.024471  -9.690485
0.088095  0.024471  -9.690485
0.095338  0.024823  -9.717888
0.100384  0.031765  -9.712388
0.095306  0.037054  -9.706883
0.092141  0.040658  -9.702605
0.097827  0.036230  -9.726392
0.100716  0.049575  -9.712753
0.098001  0.036635  -9.737660
0.098935  0.049166  -9.700705
0.100429  0.042455  -9.703836
0.096137  0.025465  -9.705363
0.096851  0.029706  -9.701143
0.085837  0.037806  -9.700772
0.085935  0.030206  -9.703279
0.082249  0.026442  -9.699308
0.085302  0.025579  -9.698716
0.075894  0.033957  -9.707705
0.079835  0.045620  -9.723893
0.086209  0.048569  -9.723731
0.089737  0.025499  -9.702803
0.095909  0.018180  -9.701112
0.103075  0.027681  -9.695158
0.094931  0.036802  -9.684045
0.081911  0.031631  -9.704087
0.082731  0.030577  -9.716776
0.081742  0.029437  -9.711168
0.079484  0.025741  -9.704039
0.094798  0.032955  -9.705585
0.100539  0.036438  -9.728170
0.094809  0.029053  -9.728936
0.092325  0.020785  -9.708622
0.101500  0.026247  -9.679507
0.096433  0.015046  -9.679197
0.096433  0.015046  -9.679197
0.098509  0.021861  -9.705254
0.096041  0.029228  -9.717382
0.105082  0.020811  -9.707449
0.105082  0.020811  -9.707449
0.109678  0.021310  -9.718861
0.109678  0.021310  -9.718861
0.092547  0.034922  -9.715142
0.070734  0.018283  -9.708561
0.083200  0.026817  -9.701518
0.092763  0.029758  -9.728680
0.085839  0.041494  -9.714261
0.087962  0.040356  -9.712527
0.079208  0.030809  -9.703921
0.086650  0.033304  -9.720842
0.106364  0.028430  -9.719273
0.105743  0.041066  -9.699771
0.089760  0.040465  -9.693639
0.081216  0.035006  -9.676259
0.081216  0.035006  -9.676259
0.080765  0.035737  -9.724581
0.076109  0.026478  -9.722821
0.083168  0.017881  -9.703465
0.085830  0.013909  -9.697800
0.090500  0.033535  -9.705372
0.096015  0.049288  -9.705939
0.096015  0.049288  -9.705939
0.085500  0.045009  -9.723227
0.091687  0.040461  -9.720868
0.100916  0.027649  -9.706150
0.075300  0.021644  -9.709256
0.075300  0.021644  -9.709256
0.075300  0.021644  -9.709256
0.091155  0.035528  -9.691875
0.096863  0.035998  -9.695488
0.090733  0.037870  -9.709588
0.081225  0.032965  -9.718653
0.083574  0.020161  -9.730777
0.089687  0.023095  -9.733955
0.091308  0.032030  -9.693295
0.080100  0.035240  -9.691437
0.102201  0.044698  -9.687387
0.095052  0.036977  -9.712193
0.090360  0.018915  -9.709760
0.085320  0.019380  -9.698508
0.085320  0.019380  -9.698508
0.104038  0.038342  -9.710953
0.100763  0.028450  -9.715175
0.079358  0.035039  -9.725758
0.089730  0.029713  -9.728407
0.088648  0.031426  -9.736307
0.088279  0.036792  -9.717241
0.091938  0.042583  -9.722898
0.105100  0.026922  -9.706199
0.096028  0.015726  -9.684368
0.088366  0.027381  -9.722369
0.074616  0.045736  -9.727346
0.074616  0.045736  -9.727346
0.079369  0.035489  -9.710215
0.079369  0.035489  -9.710215
0.086798  0.035685  -9.733624
0.090036  0.023882  -9.720621
0.090036  0.023882  -9.720621
0.102011  0.022797  -9.716968
0.101086  0.024502  -9.709913
0.085535  0.039736  -9.723320
0.085535  0.039736  -9.723320
0.092543  0.021089  -9.702918
0.095142  0.035085  -9.697954
0.095980  0.044105  -9.716901
0.092116  0.038011  -9.713464
0.091200  0.027740  -9.701637
0.091200  0.027740  -9.701637
0.094064  0.035744  -9.717089
0.094064  0.035744  -9.717089
0.081045  0.027486  -9.698808
0.076876  0.047792  -9.696125
0.070795  0.038731  -9.711606
0.074983  0.045347  -9.716196
0.070348  0.042647  -9.702305
0.082057  0.043488  -9.691446
0.084460  0.030163  -9.718152
0.080659  0.041221  -9.733782
0.089669  0.044656  -9.715919
0.096590  0.040151  -9.711605
0.096590  0.040151  -9.711605
0.092865  0.038527  -9.703508
0.094234  0.050886  -9.681820
0.093457  0.045508  -9.660065
0.091781  0.043012  -9.691088
0.090752  0.035822  -9.702952
0.085817  0.035010  -9.698413
0.093681  0.038706  -9.700215
0.093681  0.038706  -9.700215
0.103364  0.045269  -9.700669
0.100350  0.039294  -9.698443
0.088665  0.045766  -9.688665
0.094708  0.052956  -9.707940
0.094708  0.052956  -9.707940
0.086832  0.017209  -9.710092
0.086968  0.023436  -9.713493
0.085750  0.040476  -9.712523
0.087428  0.049072  -9.693881
0.078796  0.054743  -9.704218
0.092242  0.045473  -9.715863
0.107167  0.026824  -9.693382
0.107167  0.026824  -9.693382
0.091142  0.051378  -9.700052
0.088728  0.041218  -9.722066
0.088728  0.041218  -9.722066
0.100840  0.041348  -9.724956
0.100840  0.041348  -9.724956
0.093961  0.032812  -9.723127
0.094629  0.052657  -9.713226
0.103250  0.042641  -9.669662
0.078500  0.037245  -9.698134
0.078500  0.037245  -9.698134
0.072189  0.035958  -9.690111
0.076265  0.044813  -9.701457
0.073528  0.044664  -9.715443
0.092304  0.045423  -9.700218
0.085664  0.039584  -9.715405
0.085664  0.039584  -9.715405
0.097535  0.034501  -9.709365
0.097535  0.034501  -9.709365
0.101082  0.028769  -9.701877
0.092861  0.040680  -9.705276
0.090182  0.041650  -9.690171
0.087932  0.028201  -9.704123
0.091796  0.025447  -9.716991
0.093967  0.038228  -9.698569
0.093967  0.038228  -9.698569
0.092553  0.023735  -9.716461
0.091176  0.025812  -9.723413
0.105627  0.029157  -9.695026
0.087940  0.036964  -9.711547
0.087940  0.036964  -9.711547
0.081191  0.032809  -9.717766
0.081191  0.032809  -9.717766
0.084104  0.032756  -9.705907
0.093802  0.027618  -9.706889
0.105728  0.021578  -9.692645
0.099878  0.015517  -9.714035
0.084595  0.023966  -9.696716
0.088537  0.026654  -9.702187
0.085753  0.021072  -9.706544
0.085753  0.021072  -9.706544
0.085753  0.021072  -9.706544
0.090871  0.051059  -9.684288
0.090376  0.041318  -9.696942
0.090376  0.041318  -9.696942
0.090166  0.025943  -9.732282
0.086373  0.036289  -9.709685
0.088740  0.035940  -9.701183
0.086692  0.039538  -9.703279
0.078395  0.038252  -9.723450
0.086918  0.050141  -9.705943
0.107315  0.040179  -9.693771
0.083325  0.027134  -9.684707
0.083236  0.033653  -9.728004
0.092135  0.046214  -9.713218
0.086166  0.041347  -9.705626
0.090052  0.039754  -9.694487
0.098358  0.027049  -9.731262
0.083856  0.032775  -9.724861
0.102909  0.037191  -9.690404
0.093844  0.039966  -9.685306
0.080631  0.044818  -9.675096
0.096340  0.045525  -9.683022
0.090408  0.041705  -9.684107
0.087854  0.031530  -9.699324
0.077500  0.024698  -9.708612
0.088945  0.027011  -9.694756
0.094317  0.031366  -9.685554
0.091312  0.042391  -9.693532
0.088085  0.049853  -9.717993
0.094838  0.043205  -9.733809
0.083577  0.048389  -9.719614
0.079749  0.046722  -9.694825
0.079462  0.043948  -9.698149
0.088045  0.030747  -9.688306
0.101121  0.031132  -9.709072
0.097937  0.043295  -9.713742
0.088758  0.035088  -9.706059
0.095574  0.037729  -9.700483
0.101124  0.026170  -9.691423
0.096609  0.033730  -9.708553
0.090366  0.040692  -9.699147
0.102534  0.040613  -9.715743
0.102534  0.040613  -9.715743
0.097547  0.032943  -9.676896
0.080857  0.022721  -9.710814
0.094547  0.023203  -9.732789
0.094002  0.032050  -9.691661
0.086985  0.028329  -9.714963
0.092535  0.037627  -9.715176
0.096787  0.038785  -9.714305
0.099668  0.041326  -9.711494
0.108187  0.025201  -9.700043
0.086943  0.032176  -9.698029
0.090758  0.042948  -9.709949
0.094756  0.039604  -9.695574
0.094756  0.039604  -9.695574
0.095319  0.046674  -9.706110
0.090140  0.035056  -9.705833
0.083257  0.041090  -9.704555
0.097637  0.044635  -9.702145
0.103153  0.039323  -9.680520
0.103153  0.039323  -9.680520
0.107008  0.038581  -9.668636
0.097915  0.033632  -9.716899
0.082572  0.027512  -9.708785
0.081608  0.033805  -9.707713
0.081608  0.033805  -9.707713
0.085389  0.031986  -9.694923
0.085389  0.031986  -9.694923
0.081640  0.042460  -9.707573
0.087999  0.041598  -9.695481
0.101319  0.039366  -9.686481
0.093868  0.040072  -9.685872
0.085374  0.044683  -9.698743
0.096833  0.031648  -9.706965
0.095269  0.033049  -9.725718
0.100134  0.043139  -9.719270
0.094843  0.035320  -9.688513
0.105412  0.040183  -9.716601
0.105412  0.040183  -9.716601
0.105412  0.040183  -9.716601
0.107078  0.045936  -9.722401
0.083991  0.045209  -9.699733
0.081022  0.041911  -9.721491
0.085186  0.040076  -9.704300
0.084644  0.036909  -9.699159
0.091596  0.044510  -9.714158
0.101434  0.049494  -9.719090
0.087661  0.053148  -9.699438
0.085603  0.029368  -9.708240
0.085603  0.029368  -9.708240
0.084534  0.034920  -9.719525
0.088914  0.042832  -9.727636
0.088914  0.042832  -9.727636
0.087954  0.042709  -9.700520
0.106474  0.044057  -9.715629
0.100114  0.033108  -9.704946
0.100114  0.033108  -9.704946
0.077979  0.043448  -9.694449
0.100650  0.046772  -9.699425
0.099929  0.036990  -9.687821
0.089097  0.040254  -9.708455
0.092629  0.025823  -9.715710
0.092255  0.021177  -9.734404
0.097341  0.034878  -9.700390
0.094758  0.043719  -9.731840
0.106061  0.039103  -9.721459
0.106061  0.039103  -9.721459
0.094257  0.041043  -9.706646
0.079719  0.018760  -9.700183
0.071752  0.024134  -9.700234
0.069833  0.034763  -9.684156
0.069833  0.034763  -9.684156
0.083642  0.046542  -9.696538
0.091026  0.039636  -9.708174
0.105502  0.035878  -9.721265
0.101531  0.037103  -9.717648
0.099642  0.037298  -9.710317
0.090988  0.035038  -9.730653
0.084985  0.048254  -9.736912
0.091545  0.044812  -9.723716
0.090987  0.046866  -9.706575
0.095016  0.036534  -9.688417
0.109137  0.038763  -9.708487
0.107810  0.042898  -9.709499
0.096926  0.040808  -9.716460
0.098487  0.029078  -9.724098
0.098487  0.029078  -9.724098
0.098596  0.030291  -9.699308
0.091168  0.031116  -9.710228
0.096439  0.028132  -9.718408
0.089270  0.054141  -9.708652
0.082238  0.049763  -9.697145
0.088080  0.032258  -9.705456
0.089504  0.026694  -9.686852
0.097814  0.043767  -9.692891
0.097000  0.034791  -9.716864
0.101524  0.036084  -9.709715
0.087745  0.040891  -9.698294
0.085321  0.039422  -9.692868
0.096372  0.045036  -9.696614
0.081851  0.038709  -9.701642
0.086936  0.028396  -9.704867
0.095066  0.021615  -9.707483
0.104803  0.016823  -9.700343
0.098516  0.037503  -9.673596
0.091879  0.030293  -9.708074
0.094944  0.034055  -9.696620
0.098553  0.037076  -9.693931
0.094578  0.034081  -9.707600
0.105237  0.038394  -9.719415
0.092732  0.036970  -9.705441
0.094258  0.036165  -9.713365
0.091582  0.047064  -9.718190
0.088806  0.042005  -9.720685
0.095062  0.029528  -9.714412
0.091255  0.034925  -9.719731
0.088067  0.042253  -9.748275
0.099144  0.043745  -9.711143
0.100563  0.058203  -9.707974
0.089865  0.043664  -9.725191
0.080995  0.022072  -9.703420
0.101469  0.038383  -9.711339
0.096690  0.037460  -9.719187
0.086527  0.027319  -9.694931
0.087165  0.025431  -9.704733
0.095164  0.040232  -9.693956
0.107833  0.045889  -9.695095
0.094816  0.027562  -9.711181
0.094816  0.027562  -9.711181
0.096590  0.024523  -9.686478
0.096590  0.024523  -9.686478
0.102717  0.039487  -9.731105
0.093255  0.033541  -9.714469
0.094055  0.032292  -9.736390
0.094055  0.032292  -9.736390
0.090654  0.027695  -9.730212
0.089939  0.032589  -9.697652
0.099648  0.034803  -9.692858
0.098056  0.036445  -9.682582
0.089525  0.025252  -9.698473
0.080934  0.041182  -9.703904
0.087267  0.045248  -9.714347
0.082131  0.042426  -9.718506
0.082366  0.041031  -9.699597
0.082366  0.041031  -9.699597
0.091242  0.031196  -9.700766
0.087001  0.038643  -9.699588
0.088710  0.039547  -9.703690
0.094002  0.032703  -9.704319
0.090822  0.036714  -9.709867
0.089839  0.032161  -9.738885
0.086016  0.024527  -9.722398
0.089860  0.032571  -9.693873
0.089860  0.032571  -9.693873
0.086526  0.028661  -9.704683
0.086450  0.024398  -9.723057
0.090420  0.017583  -9.709263
0.090420  0.017583  -9.709263
0.088761  0.039570  -9.698662
0.100112  0.045852  -9.702614
0.089413  0.030616  -9.687010
0.090443  0.023987  -9.698410
0.087428  0.041556  -9.699166
0.090341  0.042984  -9.698629
0.091780  0.031886  -9.693826
0.091780  0.031886  -9.693826
0.095415  0.042075  -9.702422
0.096988  0.038553  -9.687943
0.085498  0.044177  -9.685610
0.092639  0.036951  -9.718307
0.092639  0.036951  -9.718307
0.088920  0.031437  -9.715606
0.096049  0.032905  -9.711691
0.091120  0.022583  -9.679811
0.092712  0.021699  -9.680284
0.097502  0.042328  -9.689266
0.100482  0.050174  -9.689110
0.083903  0.031532  -9.698793
0.087447  0.025764  -9.696664
0.091937  0.042153  -9.712247
0.100079  0.033992  -9.717145
0.095705  0.033160  -9.686373
0.087432  0.027369  -9.702474
0.087432  0.027369  -9.702474
0.095518  0.041962  -9.714769
0.095518  0.041962  -9.714769
0.100437  0.034285  -9.724132
0.102796  0.024952  -9.700794
0.105894  0.042355  -9.709726
0.091925  0.030180  -9.694435
0.091925  0.030180  -9.694435
0.085247  0.035752  -9.694560
0.085206  0.032531  -9.720189
0.089045  0.030721  -9.722128
0.092938  0.036983  -9.711109
0.086850  0.032842  -9.702160
0.086850  0.032842  -9.702160
0.091911  0.020716  -9.698207
0.102921  0.027108  -9.706675
0.092478  0.048796  -9.696254
0.078319  0.044627  -9.704947
0.089640  0.042067  -9.699288
0.097548  0.027559  -9.685760
0.097548  0.027559  -9.685760
0.088026  -0.034185  -9.716788
0.086387  -0.034838  -9.732813
0.092023  -0.028919  -9.725738
0.088115  -0.021635  -9.690621
0.077670  -0.027138  -9.713614
0.077624  -0.031758  -9.723843
0.073775  -0.020495  -9.738326
0.076265  -0.026408  -9.738070
0.062355  -0.019640  -9.718793
0.085195  -0.032291  -9.728262
0.089561  -0.042926  -9.718806
0.089561  -0.042926  -9.718806
0.072919  -0.031301  -9.712347
0.064569  -0.041852  -9.720546
0.073907  -0.043475  -9.708468
0.082909  -0.039680  -9.712129
0.089363  -0.028787  -9.731683
0.076503  -0.047567  -9.737131
0.081322  -0.052561  -9.720551
0.074759  -0.052357  -9.732144
0.078714  -0.043541  -9.722195
0.066237  -0.042879  -9.707927
0.063516  -0.039782  -9.703139
0.078572  -0.034699  -9.703383
0.078572  -0.034699  -9.703383
0.085448  -0.030308  -9.730698
0.076781  -0.025522  -9.705947
0.080952  -0.044795  -9.711709
0.075579  -0.048301  -9.730895
0.063971  -0.045695  -9.723227
0.065375  -0.047618  -9.720684
0.067612  -0.048385  -9.723265
0.075179  -0.043515  -9.697433
0.086301  -0.046370  -9.728415
0.068352  -0.043289  -9.723375
0.061871  -0.041407  -9.709406
0.061871  -0.041407  -9.709406
0.061871  -0.041407  -9.709406
0.082427  -0.030358  -9.700457
0.061802  -0.035565  -9.728916
0.079033  -0.031564  -9.735713
0.081221  -0.020509  -9.724232
0.096239  -0.024216  -9.727691
0.084080  -0.037975  -9.723372
0.081695  -0.032160  -9.703005
0.079356  -0.023274  -9.727271
0.087233  -0.031496  -9.726387
0.073003  -0.040419  -9.720924
0.083240  -0.044035  -9.721905
0.083240  -0.044035  -9.721905
0.067290  -0.045007  -9.702212
0.074477  -0.042882  -9.714942
0.080540  -0.036614  -9.719577
0.072441  -0.025909  -9.699163
0.068465  -0.037042  -9.717870
0.067821  -0.046080  -9.721929
0.071606  -0.043000  -9.721964
0.081211  -0.036483  -9.711387
0.086175  -0.032317  -9.714929
0.078390  -0.031934  -9.720947
0.080225  -0.038575  -9.738578
0.078848  -0.041462  -9.715167
0.078848  -0.041462  -9.715167
0.076416  -0.018813  -9.721848
0.091896  -0.029825  -9.726108
0.073968  -0.035615  -9.727558
0.078334  -0.030430  -9.722610
0.086480  -0.025894  -9.676173
0.083951  -0.039531  -9.711277
0.077096  -0.057103  -9.718335
0.085497  -0.049476  -9.728123
0.073749  -0.040081  -9.699795
0.057385  -0.037273  -9.697085
0.075741  -0.037210  -9.713323
0.087090  -0.038287  -9.707247
0.087090  -0.038287  -9.707247
0.076904  -0.042758  -9.720343
0.089062  -0.036988  -9.710777
0.083375  -0.035161  -9.704718
0.068114  -0.035773  -9.711584
0.067954  -0.037749  -9.704567
0.069806  -0.029704  -9.692020
0.076404  -0.041024  -9.734776
0.081280  -0.040534  -9.728282
0.074985  -0.020636  -9.725480
0.083561  -0.043578  -9.696771
0.083561  -0.043578  -9.696771
0.084035  -0.047658  -9.693992
0.084035  -0.047658  -9.693992
0.070736  -0.036135  -9.720534
0.078813  -0.045066  -9.737534
0.074242  -0.057418  -9.703876
0.078942  -0.052219  -9.692084
0.081761  -0.049820  -9.717942
0.069761  -0.047499  -9.726701
0.084692  -0.040085  -9.714791
0.082290  -0.050783  -9.719341
0.084313  -0.053972  -9.700962
0.082170  -0.043416  -9.716385
0.072500  -0.049991  -9.735903
0.086444  -0.050988  -9.720087
0.086444  -0.050988  -9.720087
0.075645  -0.043341  -9.708465
0.087857  -0.045766  -9.687827
0.070059  -0.045181  -9.708276
0.070059  -0.045181  -9.708276
0.079852  -0.028220  -9.724401
0.079086  -0.030451  -9.734557
0.073793  -0.024568  -9.713608
0.073793  -0.024568  -9.713608
0.083503  -0.044497  -9.704574
0.075456  -0.042760  -9.718127
0.070454  -0.022045  -9.737442
0.076075  -0.042541  -9.746128
0.076075  -0.042541  -9.746128
0.073048  -0.028031  -9.727187
0.075632  -0.019099  -9.711787
0.075632  -0.019099  -9.711787
0.073706  -0.033636  -9.721181
0.073188  -0.035099  -9.712085
0.081773  -0.043078  -9.707133
0.076662  -0.056649  -9.721567
0.068512  -0.054730  -9.738579
0.062239  -0.046519  -9.728696
0.062845  -0.042051  -9.711772
0.062845  -0.042051  -9.711772
0.075360  -0.033762  -9.728392
0.075360  -0.033762  -9.728392
0.070334  -0.031693  -9.710093
0.070708  -0.042729  -9.728269
0.084616  -0.045217  -9.710172
0.084113  -0.029428  -9.713514
0.083889  -0.032641  -9.714448
0.071170  -0.049213  -9.720483
0.078090  -0.048257  -9.727771
0.089016  -0.030252  -9.751626
0.084017  -0.030286  -9.723412
0.072807  -0.041377  -9.699029
0.078519  -0.040331  -9.720712
0.083975  -0.030559  -9.727197
0.080561  -0.031823  -9.707863
0.073611  -0.032797  -9.702561
0.066842  -0.036455  -9.715073
0.068662  -0.029681  -9.717396
0.085146  -0.044362  -9.724705
0.078602  -0.033312  -9.729660
0.082474  -0.033540  -9.722940
0.081983  -0.040512  -9.730326
0.084097  -0.037067  -9.712811
0.078747  -0.039330  -9.725980
0.076934  -0.031100  -9.707156
0.072709  -0.036541  -9.695445
0.074725  -0.041399  -9.716292
0.077198  -0.040570  -9.719467
0.077198  -0.040570  -9.719467
0.076132  -0.036952  -9.724256
0.073748  -0.043851  -9.710043
0.064002  -0.040913  -9.716821
0.068188  -0.051186  -9.724687
0.067666  -0.032692  -9.724044
0.084955  -0.031975  -9.732087
0.065320  -0.034541  -9.697514
0.081915  -0.043855  -9.702485
0.081915  -0.043855  -9.702485
0.076291  -0.037417  -9.711212
0.083284  -0.037615  -9.713546
0.083284  -0.037615  -9.713546
0.083284  -0.037615  -9.713546
0.069453  -0.037022  -9.734658
0.074143  -0.035003  -9.730252
0.076348  -0.030951  -9.707567
0.084369  -0.023669  -9.699991
0.085641  -0.019355  -9.701779
0.072043  -0.031761  -9.713573
0.069163  -0.035360  -9.715955
0.073249  -0.047900  -9.703273
0.065686  -0.044057  -9.711186
0.075460  -0.042821  -9.728724
0.073221  -0.027594  -9.721701
0.073221  -0.027594  -9.721701
0.066932  -0.028588  -9.733182
0.068383  -0.039296  -9.724283
0.071022  -0.041872  -9.728466
0.076065  -0.035686  -9.727699
0.060942  -0.038360  -9.721306
0.071266  -0.040602  -9.744748
0.077647  -0.031641  -9.741563
0.077647  -0.031641  -9.741563
0.078825  -0.026173  -9.718134
0.078973  -0.018177  -9.738402
0.080676  -0.030091  -9.704296
0.075638  -0.036112  -9.710155
0.075638  -0.036112  -9.710155
0.084170  -0.032653  -9.718111
0.070796  -0.048927  -9.724734
0.076633  -0.049749  -9.731195
0.089374  -0.044669  -9.717841
0.075997  -0.042646  -9.709339
0.063785  -0.039312  -9.720352
0.058245  -0.037700  -9.715252
0.058245  -0.037700  -9.715252
0.078761  -0.047831  -9.700140
0.080104  -0.043943  -9.740986
0.080139  -0.027578  -9.702645
0.080139  -0.027578  -9.702645
0.066087  -0.047315  -9.716650
0.068793  -0.041405  -9.705070
0.068793  -0.041405  -9.705070
0.062606  -0.034465  -9.703181
0.073339  -0.032555  -9.685626
0.068242  -0.041046  -9.721325
0.082848  -0.039836  -9.721106
0.080967  -0.034008  -9.718424
0.071008  -0.043137  -9.730290
0.071083  -0.044433  -9.721477
0.075240  -0.041968  -9.700823
0.087362  -0.032976  -9.695820
0.087362  -0.032976  -9.695820
0.076710  -0.035983  -9.732490
0.059720  -0.030281  -9.705314
0.067167  -0.028558  -9.725606
0.084119  -0.027934  -9.735130
0.079623  -0.024803  -9.738612
0.071342  -0.038456  -9.710936
0.072999  -0.030093  -9.721759
0.059873  -0.044964  -9.743343
0.056985  -0.036648  -9.749727
0.077837  -0.030036  -9.735940
0.072045  -0.026453  -9.731421
0.065731  -0.031100  -9.660905
0.065731  -0.031100  -9.660905
0.067131  -0.023870  -9.726466
0.073182  -0.036772  -9.738010
0.074326  -0.044438  -9.736673
0.066349  -0.046088  -9.734427
0.076502  -0.045831  -9.714971
0.076792  -0.034465  -9.710219
0.071190  -0.046107  -9.704441
0.089288  -0.059247  -9.716579
0.076288  -0.046376  -9.721089
0.072047  -0.028853  -9.723406
0.062889  -0.022240  -9.722036
0.078068  -0.036955  -9.687181
0.078068  -0.036955  -9.687181
0.071107  -0.042075  -9.685549
0.068550  -0.040202  -9.724928
0.084242  -0.043791  -9.718316
0.073716  -0.023249  -9.708163
0.078972  -0.037009  -9.700605
0.076152  -0.035148  -9.693788
0.084171  -0.036260  -9.708196
0.088714  -0.025930  -9.711148
0.090992  -0.044989  -9.715592
0.078636  -0.037224  -9.701310
0.075628  -0.032955  -9.713805
0.061186  -0.040322  -9.721511
0.061186  -0.040322  -9.721511
0.075261  -0.027603  -9.731318
0.069284  -0.033655  -9.709886
0.070107  -0.039293  -9.703155
0.082987  -0.033143  -9.728804
0.073422  -0.024030  -9.725465
0.080361  -0.034627  -9.726300
0.077490  -0.029490  -9.717962
0.067450  -0.029483  -9.731414
0.069650  -0.036858  -9.712587
0.074219  -0.031068  -9.713562
0.069374  -0.030454  -9.727926
0.083164  -0.035997  -9.718520
0.081962  -0.044474  -9.733102
0.080312  -0.050850  -9.722379
0.072695  -0.051556  -9.711646
0.066017  -0.044735  -9.716187
0.070174  -0.037446  -9.690480
0.082206  -0.033867  -9.688364
0.070799  -0.042907  -9.681515
0.075541  -0.036839  -9.689247
0.077726  -0.033151  -9.693024
0.067805  -0.020138  -9.709509
0.052125  -0.044162  -9.704387
0.060208  -0.044263  -9.728559
0.071018  -0.035749  -9.703681
0.071018  -0.035749  -9.703681
0.080885  -0.036103  -9.686668
0.091247  -0.040168  -9.718231
0.086365  -0.037384  -9.755482
0.079372  -0.045365  -9.729019
0.079874  -0.043338  -9.691221
0.080533  -0.033097  -9.717355
0.082224  -0.038830  -9.710875
0.066442  -0.043708  -9.680367
0.070879  -0.041671  -9.696324
0.083255  -0.027050  -9.711439
0.077533  -0.018711  -9.710140
0.083480  -0.030291  -9.728086
0.083480  -0.030291  -9.728086
0.081711  -0.038269  -9.693126
0.073749  -0.020547  -9.693741
0.073451  -0.023366  -9.722309
0.073113  -0.032269  -9.707037
0.075135  -0.035805  -9.694696
0.072876  -0.045606  -9.707843
0.067186  -0.037522  -9.720712
0.079426  -0.019298  -9.703113
0.077047  -0.021945  -9.727964
0.067803  -0.046159  -9.734817
0.079847  -0.044710  -9.701822
0.061189  -0.039943  -9.685575
0.062974  -0.040945  -9.697841
0.062974  -0.040945  -9.697841
0.066647  -0.047000  -9.712516
0.061820  -0.036539  -9.717156
0.081656  -0.043230  -9.721415
0.074155  -0.036592  -9.706488
0.075138  -0.028883  -9.691198
0.067544  -0.024207  -9.698758
0.067544  -0.024207  -9.698758
0.079392  -0.032466  -9.692943
0.078688  -0.031053  -9.710248
0.075061  -0.028805  -9.713891
0.078491  -0.030139  -9.708553
0.078491  -0.030139  -9.708553
0.075949  -0.034650  -9.722394
0.075600  -0.029616  -9.702387
0.072325  -0.030828  -9.722879
0.089158  -0.040049  -9.738203
0.084670  -0.031616  -9.727088
0.069298  -0.036754  -9.722637
0.072347  -0.033969  -9.713307
0.076330  -0.044513  -9.704142
0.070558  -0.041312  -9.704332
0.067425  -0.038409  -9.692232
0.070566  -0.037272  -9.700185
0.075428  -0.030883  -9.697257
0.075428  -0.030883  -9.697257
0.056906  -0.043861  -9.699461
0.068904  -0.037471  -9.710421
0.071485  -0.029152  -9.707632
0.078942  -0.029855  -9.713344
0.084459  -0.032175  -9.719940
0.068368  -0.024616  -9.739054
0.058481  -0.025595  -9.707319
0.066899  -0.034050  -9.709458
0.083066  -0.029053  -9.703257
0.086211  -0.026091  -9.742264
0.084607  -0.029813  -9.741651
0.068861  -0.030469  -9.733943
0.068861  -0.030469  -9.733943
0.065538  -0.044097  -9.714208
0.077382  -0.050116  -9.718150
0.076204  -0.044046  -9.713813
0.083539  -0.034787  -9.705226
0.078606  -0.030191  -9.711458
0.072841  -0.025950  -9.732466
0.073700  -0.031651  -9.721989
0.089537  -0.036551  -9.712338
0.080807  -0.034749  -9.722018
0.076733  -0.032790  -9.711563
0.078833  -0.047491  -9.710515
0.076716  -0.045194  -9.713207
0.076716  -0.045194  -9.713207
0.061809  -0.032627  -9.720205
0.056732  -0.013240  -9.716182
0.073971  -0.036181  -9.715639
0.076571  -0.036406  -9.744084
0.066784  -0.043675  -9.717850
0.078707  -0.043998  -9.717828
0.064716  -0.033676  -9.712244
0.067608  -0.032070  -9.706563
0.075382  -0.031835  -9.713442
0.085295  -0.048581  -9.704595
0.064775  -0.041532  -9.721198
0.072493  -0.034180  -9.735504
0.072493  -0.034180  -9.735504
0.070734  -0.034046  -9.730000
0.078279  -0.039507  -9.716949
0.075253  -0.040640  -9.711884
0.083547  -0.038772  -9.686849
0.082517  -0.041501  -9.707239
0.071609  -0.041370  -9.735053
0.067586  -0.025841  -9.699161
0.075373  -0.024303  -9.709773
0.082062  -0.030650  -9.708691
0.082062  -0.030650  -9.708691
0.072046  -0.029305  -9.686866
0.065074  -0.026443  -9.704927
0.065074  -0.026443  -9.704927
0.075782  -0.045149  -9.698160
0.073784  -0.046801  -9.711355
0.070834  -0.032272  -9.714773
0.070746  -0.033945  -9.687457
0.078955  -0.023746  -9.704579
0.081129  -0.027456  -9.727967
0.072286  -0.011284  -9.729853
0.062353  -0.032172  -9.706220
0.074765  -0.031467  -9.715432
0.065813  -0.044371  -9.690782
0.078124  -0.034793  -9.717820
0.078124  -0.034793  -9.717820
0.080804  -0.032519  -9.710695
0.072966  -0.049096  -9.718719
0.064204  -0.039565  -9.721960
0.085105  -0.046165  -9.690985
0.082791  -0.050640  -9.706553
0.060428  -0.049208  -9.733211
0.076355  -0.036831  -9.729909
0.089763  -0.032136  -9.703421
0.076534  -0.033672  -9.719236
0.076693  -0.021932  -9.723675
0.078424  -0.027676  -9.738752
0.073035  -0.027660  -9.714375
0.073035  -0.027660  -9.714375
0.074099  -0.029306  -9.733818
0.068276  -0.028331  -9.703301
0.070073  -0.038163  -9.720312
0.088551  -0.031798  -9.729859
0.088206  -0.025644  -9.725187
0.083426  -0.037534  -9.705659
0.071437  -0.052170  -9.728474
0.075988  -0.035694  -9.730247
0.066838  -0.033154  -9.717783
0.060397  -0.028065  -9.705234
0.068027  -0.029502  -9.712837
0.066432  -0.034787  -9.695492
0.066432  -0.034787  -9.695492
0.071820  -0.038321  -9.709374
0.079723  -0.030111  -9.718118
0.077302  -0.038831  -9.710491
0.077724  -0.034509  -9.711613
0.071319  -0.014048  -9.682156
0.074030  -0.036646  -9.696456
0.078086  -0.040191  -9.713102
0.072363  -0.053064  -9.701837
0.072363  -0.053064  -9.701837
0.087138  -0.028411  -9.700623
0.073253  -0.032448  -9.692605
0.071827  -0.036296  -9.720476
0.071827  -0.036296  -9.720476
0.069499  -0.023539  -9.711128
0.076633  -0.025435  -9.701966
0.079909  -0.030168  -9.698778
0.067838  -0.032676  -9.702154
0.066585  -0.033372  -9.711076
0.072651  -0.029532  -9.693916
0.073040  -0.025180  -9.705086
0.073737  -0.033142  -9.721335
0.079219  -0.035928  -9.701520
0.082190  -0.039042  -9.710993
0.072136  -0.044644  -9.730447
0.066818  -0.039040  -9.708685
0.066818  -0.039040  -9.708685
0.076022  -0.036919  -9.691921
0.088180  -0.021256  -9.704520
0.080576  -0.030844  -9.718325
0.065056  -0.039843  -9.721222
0.087664  -0.044411  -9.687333
0.087292  -0.036876  -9.709477
0.090347  -0.043903  -9.724142
0.085257  -0.048312  -9.711025
0.072596  -0.036222  -9.712617
0.072260  -0.038956  -9.738927
0.070612  -0.035916  -9.732934
0.078616  -0.035591  -9.722201
0.078616  -0.035591  -9.722201
0.080668  -0.034078  -9.719338
0.070241  -0.031867  -9.723448
0.074281  -0.029249  -9.717241
0.075497  -0.016686  -9.704881
0.064699  -0.037475  -9.714181
0.068488  -0.041559  -9.714894
0.080202  -0.045740  -9.698119
0.075682  -0.039037  -9.709242
0.079881  -0.036842  -9.704984
0.079922  -0.032395  -9.721865
0.066188  -0.037603  -9.724227
0.073529  -0.039184  -9.715475
0.073529  -0.039184  -9.715475
0.070453  -0.031377  -9.727647
0.076880  -0.021834  -9.728452
0.065061  -0.025323  -9.715417
0.067316  -0.038998  -9.698294
0.076972  -0.044794  -9.698590
0.075374  -0.029295  -9.703530
0.073325  -0.023891  -9.729878
0.071110  -0.037956  -9.719148
0.060909  -0.035821  -9.736255
0.060750  -0.038953  -9.724236
0.060750  -0.038953  -9.724236
0.060883  -0.032293  -9.720968
0.060883  -0.032293  -9.720968
0.068199  -0.040218  -9.707337
0.071972  -0.041058  -9.708942
0.071220  -0.043313  -9.700693
0.087370  -0.042375  -9.717169
0.086348  -0.045733  -9.734826
0.081173  -0.036797  -9.715897
0.074512  -0.041580  -9.689442
0.070364  -0.027976  -9.726078
0.077613  -0.028455  -9.752956
0.082843  -0.020832  -9.730068
0.077519  -0.050384  -9.688462
0.074473  -0.047910  -9.714578
0.074473  -0.047910  -9.714578
0.068056  -0.035183  -9.714730
0.077921  -0.031406  -9.737459
0.080372  -0.040874  -9.713695
0.081822  -0.040909  -9.687324
0.073213  -0.043741  -9.702677
0.065309  -0.037975  -9.735273
0.065453  -0.043770  -9.735871
0.074133  -0.039799  -9.714111
0.073785  -0.031197  -9.696557
0.062503  -0.032266  -9.707041
0.072346  -0.028449  -9.725023
0.081578  -0.045406  -9.716503
0.080494  -0.026090  -9.699831
0.084897  -0.024592  -9.733924
0.066120  -0.024401  -9.731435
0.066198  -0.033726  -9.712920
0.084822  -0.018397  -9.718584
0.093541  -0.029470  -9.679739
0.091887  -0.027918  -9.682628
0.093481  -0.023289  -9.694783
0.073718  -0.041531  -9.696012
0.066185  -0.053701  -9.718298
0.075993  -0.033243  -9.700240
0.069417  -0.022586  -9.698259
0.073585  -0.025348  -9.697961
0.073585  -0.025348  -9.697961
0.078203  -0.027574  -9.703034
0.086407  -0.038233  -9.709323
0.075423  -0.013857  -9.713788
0.090153  -0.024086  -9.711538
0.080524  -0.047544  -9.716056
0.067756  -0.052394  -9.717614
0.064666  -0.043051  -9.708416
0.070411  -0.039713  -9.703417
0.061777  -0.030525  -9.730614
0.065786  -0.036746  -9.711714
0.060256  -0.040990  -9.683202
0.078032  -0.035550  -9.698182
0.078032  -0.035550  -9.698182
0.080520  -0.050127  -9.702593
0.086722  -0.043926  -9.701518
0.079277  -0.041376  -9.730789
0.071507  -0.024127  -9.727742
0.061932  -0.039828  -9.701024
0.059270  -0.039838  -9.705792
0.064296  -0.048581  -9.744706
0.073440  -0.042328  -9.713355
0.073440  -0.042328  -9.713355
0.074251  -0.028280  -9.729501
0.088525  -0.033451  -9.717782
0.091048  -0.036044  -9.708557
0.069075  -0.031923  -9.723074
0.069075  -0.031923  -9.723074
0.065376  -0.026000  -9.718325
0.067784  -0.027599  -9.728321
0.089934  -0.033432  -9.715363
0.091650  -0.039458  -9.689997
0.068698  -0.030073  -9.705839
0.075225  -0.028248  -9.705723
0.081313  -0.042328  -9.702089
0.094516  -0.044976  -9.695866
0.085206  -0.039639  -9.701078
0.086002  -0.026700  -9.717979
0.081054  -0.040970  -9.722735
0.079679  -0.034871  -9.716774
0.076361  -0.030495  -9.706553
0.068981  -0.044935  -9.702730
0.063685  -0.051398  -9.714146
0.075887  -0.043550  -9.720834
0.065099  -0.036336  -9.706545
0.056480  -0.034548  -9.721046
0.086455  -0.038553  -9.735377
0.086835  -0.042855  -9.720082
0.067292  -0.039144  -9.703217
0.074637  -0.027017  -9.741832
0.083348  -0.036169  -9.716146
0.083941  -0.034008  -9.698988
0.076905  -0.027176  -9.687609
0.076905  -0.027176  -9.687609
0.077077  -0.028099  -9.719715
0.084981  -0.050913  -9.709240
0.079050  -0.040589  -9.718590
0.063402  -0.032876  -9.716640
0.066882  -0.054749  -9.706951
0.065707  -0.048015  -9.732231
0.078351  -0.042974  -9.714650
0.081023  -0.032426  -9.725874
0.064958  -0.035421  -9.695500
0.072706  -0.035356  -9.683791
0.077617  -0.047063  -9.703383
0.074635  -0.035181  -9.720744
0.074635  -0.035181  -9.720744
0.065898  -0.040882  -9.708858
0.061523  -0.029623  -9.720317
0.067670  -0.027516  -9.718003
0.067670  -0.027516  -9.718003
0.081043  -0.031059  -9.717772
0.073501  -0.029835  -9.717643
0.060292  -0.038711  -9.709626
0.063233  -0.033132  -9.696899
0.062970  -0.038062  -9.705539
0.061079  -0.033443  -9.735746
0.063302  -0.033247  -9.732838
0.074252  -0.020776  -9.725209
0.074252  -0.020776  -9.725209
0.066692  -0.012366  -9.732985
0.079392  -0.049601  -9.715401
0.089307  -0.044786  -9.677662
0.084782  -0.043607  -9.699151
0.080481  -0.046325  -9.710843
0.080006  -0.042925  -9.719534
0.078290  -0.032733  -9.694222
0.083073  -0.044774  -9.698770
0.083073  -0.044774  -9.698770
0.079663  -0.036312  -9.725965
0.059343  -0.033788  -9.718592
0.069261  -0.030918  -9.706176
0.069261  -0.030918  -9.706176
0.087429  -0.017507  -9.713671
0.074244  -0.025848  -9.683462
0.074268  -0.034983  -9.684973
0.079672  -0.031074  -9.712244
0.066589  -0.023955  -9.721488
0.059562  -0.042378  -9.727446
0.071829  -0.047284  -9.684297
0.064434  -0.051305  -9.705866
0.076128  -0.036635  -9.713954
0.068911  -0.031866  -9.707198
0.064038  -0.030736  -9.726594
0.066991  -0.043240  -9.714862
0.066991  -0.043240  -9.714862
0.091632  -0.047334  -9.739255
0.078343  -0.027238  -9.716024
0.080183  -0.034854  -9.717161
0.082921  -0.036170  -9.712388
0.084711  -0.036930  -9.687877
0.081834  -0.026733  -9.725065
0.061214  -0.031299  -9.701678
0.065292  -0.046266  -9.711602
0.072563  -0.036831  -9.694303
0.067976  -0.030578  -9.691997
0.077603  -0.025091  -9.693100
0.070145  -0.033273  -9.700091
0.070145  -0.033273  -9.700091
0.072463  -0.037400  -9.726085
0.082285  -0.040061  -9.711808
0.056044  -0.023231  -9.734407
0.056044  -0.023231  -9.734407
0.075065  -0.025648  -9.725059
0.071698  -0.024757  -9.732594
0.072179  -0.021317  -9.727136
0.079510  -0.037257  -9.712215
0.080891  -0.040910  -9.709428
0.080375  -0.041741  -9.730989
0.068029  -0.045183  -9.738596
0.065245  -0.031117  -9.733533
0.065245  -0.031117  -9.733533
0.072196  -0.048996  -9.674479
0.075468  -0.035696  -9.703723
0.069011  -0.044905  -9.723639
0.071639  -0.035972  -9.733887
0.072242  -0.035158  -9.729526
0.069935  -0.049666  -9.708334
0.077900  -0.043223  -9.717384
0.079257  -0.040339  -9.695092
0.084084  -0.022546  -9.704679
0.070367  -0.031020  -9.735003
0.063679  -0.032073  -9.716910
0.069220  -0.031508  -9.713035
0.069220  -0.031508  -9.713035
0.088972  -0.039798  -9.724236
0.062360  -0.034515  -9.709798
0.081689  -0.035873  -9.733803
0.095445  -0.033162  -9.710818
0.083303  -0.032333  -9.710644
0.060948  -0.031170  -9.727057
0.074764  -0.029972  -9.692530
0.069817  -0.028161  -9.707035
0.064814  -0.029371  -9.705963
0.058129  -0.030270  -9.713322
0.064066  -0.036913  -9.718004
0.074081  -0.029635  -9.705441
0.074081  -0.029635  -9.705441
0.074081  -0.029635  -9.705441
0.080731  -0.045704  -9.714218
0.085812  -0.042827  -9.718524
0.078323  -0.040170  -9.724651
0.075663  -0.036645  -9.718727
0.071189  -0.035423  -9.719803
0.077070  -0.039292  -9.734192
0.088263  -0.030174  -9.725219
0.070394  -0.027261  -9.695072
0.069505  -0.033732  -9.677898
0.074252  -0.032450  -9.706866
0.078394  -0.032945  -9.704333
0.078394  -0.032945  -9.704333
0.084724  -0.038554  -9.738861
0.097568  -0.043449  -9.708703
0.082132  -0.037156  -9.713972
0.061003  -0.027840  -9.711129
0.063565  -0.036691  -9.735806
0.069389  -0.034300  -9.720298
0.086422  -0.032751  -9.711550
0.081643  -0.040496  -9.708467
0.084186  -0.045906  -9.696579
0.084389  -0.028768  -9.673148
0.075436  -0.031851  -9.688568
0.078741  -0.030121  -9.706347
0.078741  -0.030121  -9.706347
0.074143  -0.031258  -9.714986
0.071815  -0.033799  -9.711040
0.066210  -0.043785  -9.713843
0.083263  -0.044307  -9.714796
0.084895  -0.035366  -9.720085
0.082786  -0.036418  -9.683569
0.085105  -0.032486  -9.702128
0.091209  -0.037598  -9.709918
0.082792  -0.028779  -9.703129
0.070558  -0.026983  -9.690938
0.071012  -0.025149  -9.711045
0.071554  -0.035070  -9.684913
0.071554  -0.035070  -9.684913
0.073439  -0.039396  -9.701509
0.058214  -0.038650  -9.702883
0.075954  -0.034657  -9.694481
0.077541  -0.015625  -9.728316
0.066123  -0.003391  -9.729251
0.080911  -0.021123  -9.699282
0.073245  -0.032557  -9.699027
0.077587  -0.040585  -9.725159
0.080950  -0.036845  -9.731856
0.084488  -0.052132  -9.712215
0.080705  -0.040419  -9.720066
0.080705  -0.040419  -9.720066
0.059136  -0.036608  -9.708049
0.083155  -0.033657  -9.705216
0.078950  -0.035926  -9.717345
0.085752  -0.048327  -9.692956
0.075844  -0.031189  -9.723690
0.072844  -0.040492  -9.716923
0.078103  -0.038627  -9.721883
0.065296  -0.031431  -9.729187
0.075795  -0.038055  -9.717334
0.082253  -0.042430  -9.710757
0.078939  -0.049021  -9.711401
0.064930  -0.026023  -9.706046
0.060652  -0.024483  -9.715393
0.060652  -0.024483  -9.715393
0.066176  -0.032844  -9.705517
0.072800  -0.044429  -9.707498
0.072644  -0.026582  -9.692787
0.073483  -0.033097  -9.692006
0.079909  -0.033709  -9.677490
0.068716  -0.032158  -9.686415
0.071727  -0.024532  -9.699948
0.078223  -0.033096  -9.721337
0.071143  -0.039775  -9.697661
0.073377  -0.034358  -9.696874
0.084576  -0.028877  -9.713851
0.081731  -0.032039  -9.688254
0.081731  -0.032039  -9.688254
0.091496  -0.039289  -9.693547
0.085786  -0.045125  -9.722450
0.088488  -0.039502  -9.728579
0.080975  -0.032362  -9.714177
0.077102  -0.042010  -9.714143
0.074195  -0.042345  -9.718280
0.077966  -0.035344  -9.729623
0.077536  -0.034587  -9.713939
0.072257  -0.034646  -9.697784
0.085491  -0.040308  -9.715859
0.064387  -0.032580  -9.699840
0.057448  -0.028783  -9.710711
0.057902  -0.030884  -9.713198
0.075290  -0.043189  -9.707006
0.083669  -0.030319  -9.712042
0.073281  -0.025908  -9.723744
0.081870  -0.038919  -9.697574
0.074268  -0.032299  -9.692563
0.080714  -0.039920  -9.681970
0.081677  -0.036484  -9.692941
0.081746  -0.026517  -9.684627
0.085883  -0.042226  -9.724674
0.084069  -0.040341  -9.707243
0.084218  -0.034555  -9.694518
0.075606  -0.024225  -9.714778
0.075606  -0.024225  -9.714778
0.071809  -0.037940  -9.717168
0.074463  -0.025827  -9.710423
0.080954  -0.028484  -9.723731
0.078916  -0.025325  -9.730805
0.067146  -0.045515  -9.739989
0.066148  -0.040709  -9.748534
0.074976  -0.044247  -9.731030
0.078080  -0.023317  -9.708858
0.068446  -0.026622  -9.698687
0.071690  -0.025886  -9.726244
0.067515  -0.022884  -9.724536
0.082821  -0.037680  -9.697062
0.082821  -0.037680  -9.697062
0.073967  -0.027885  -9.701862
0.075360  -0.037673  -9.734808
0.079661  -0.036031  -9.717265
0.073188  -0.031961  -9.700067
0.068906  -0.036520  -9.709119
0.074287  -0.042329  -9.725095
0.064944  -0.040385  -9.706773
0.071742  -0.031984  -9.716458
0.085458  -0.034841  -9.719864
0.073943  -0.027336  -9.714125
0.066725  -0.035910  -9.702188
0.071860  -0.040495  -9.713305
0.073061  -0.042212  -9.722507
0.073061  -0.042212  -9.722507
0.060895  -0.030305  -9.715647
0.071971  -0.027318  -9.704844
0.084844  -0.031225  -9.705245
0.078529  -0.050657  -9.727320
0.078529  -0.050657  -9.727320
0.069480  -0.033524  -9.705647
0.073255  -0.047336  -9.697982
0.076229  -0.044113  -9.717616
0.074358  -0.043945  -9.715189
0.087326  -0.049611  -9.699499
0.081474  -0.047321  -9.712010
0.066591  -0.029985  -9.719851
0.076181  -0.041067  -9.709540
0.071542  -0.023456  -9.713068
0.075896  -0.025623  -9.716230
0.090305  -0.018966  -9.721514
0.086899  -0.024066  -9.708279
0.057725  -0.040348  -9.738745
0.074452  -0.039563  -9.722460
0.079213  -0.031179  -9.704512
0.070391  -0.038808  -9.705736
0.055954  -0.038797  -9.688812
0.069808  -0.031503  -9.692767
0.082376  -0.033975  -9.727697
0.067726  -0.044259  -9.745644
0.067726  -0.044259  -9.745644
0.082678  -0.031211  -9.713722
0.088217  -0.022191  -9.712960
0.083923  -0.029435  -9.727848
0.084810  -0.053114  -9.724318
0.082469  -0.051840  -9.725042
0.083398  -0.052121  -9.676871
0.087970  -0.027137  -9.690973
0.077670  -0.029520  -9.704565
0.077844  -0.034932  -9.714747
0.076479  -0.030940  -9.726336
0.078200  -0.033174  -9.727754
0.078200  -0.033174  -9.727754
0.070658  -0.039287  -9.712113
0.065134  -0.015871  -9.727702
0.061435  -0.022899  -9.701989
0.066069  -0.038545  -9.694345
0.072573  -0.052076  -9.715070
0.073532  -0.041293  -9.706858
0.077135  -0.038127  -9.707569
0.074764  -0.050626  -9.717782
0.077442  -0.039315  -9.700896
0.078341  -0.031885  -9.704463
0.069577  -0.046506  -9.705937
0.069528  -0.048359  -9.696364
0.062686  -0.036426  -9.699574
0.062686  -0.036426  -9.699574
0.075190  -0.035681  -9.704473
0.078931  -0.039755  -9.708782
0.073215  -0.040012  -9.714673
0.058061  -0.055546  -9.699271
0.055887  -0.056299  -9.717765
0.071584  -0.038755  -9.709226
0.074066  -0.029739  -9.702371
0.082373  -0.032700  -9.721695
0.081570  -0.016478  -9.692936
0.079471  -0.033354  -9.715919
0.063265  -0.042488  -9.735376
0.061564  -0.040448  -9.727200
0.061564  -0.040448  -9.727200
0.069397  -0.025902  -9.694383
0.070424  -0.045121  -9.722348
0.078010  -0.041862  -9.713942
0.074376  -0.032954  -9.694525
0.062024  -0.040380  -9.686253
0.062576  -0.029635  -9.698306
0.078057  -0.045415  -9.710062
0.085349  -0.042436  -9.710342
0.070984  -0.029000  -9.693611
0.060605  -0.027442  -9.712386
0.051694  -0.040769  -9.699771
0.053708  -0.041814  -9.716031
0.053708  -0.041814  -9.716031
0.074503  -0.029313  -9.710406
0.075436  -0.030059  -9.719896
0.063114  -0.029276  -9.703276
0.064476  -0.036136  -9.703295
0.065457  -0.041687  -9.698936
0.065991  -0.038890  -9.719649
0.069469  -0.022495  -9.687938
0.066747  -0.048398  -9.698149
0.072428  -0.045661  -9.713450
0.066057  -0.040277  -9.708596
0.073606  -0.034612  -9.706107
0.073749  -0.036058  -9.700513
0.076332  -0.033526  -9.696509
0.076332  -0.033526  -9.696509
0.070558  -0.031321  -9.717275
0.073152  -0.031988  -9.702254
0.061942  -0.041702  -9.712013
0.064659  -0.037670  -9.736917
0.060043  -0.034297  -9.719417
0.068013  -0.036875  -9.718903
0.074408  -0.042106  -9.730147
0.078041  -0.034691  -9.718463
0.087110  -0.048127  -9.703343
0.081111  -0.049928  -9.704507
0.078388  -0.040084  -9.707012
0.078388  -0.040084  -9.707012
0.078388  -0.040084  -9.707012
0.077912  -0.044251  -9.709481
0.069731  -0.039572  -9.725503
0.059292  -0.038085  -9.709949
0.059213  -0.040256  -9.722364
0.059213  -0.040256  -9.722364
0.075313  -0.033344  -9.722772
0.080860  -0.051322  -9.709446
0.073678  -0.048370  -9.702707
0.067615  -0.041559  -9.732834
0.070145  -0.033733  -9.700681
0.079222  -0.033773  -9.709763
0.079222  -0.033773  -9.709763
0.081472  -0.039242  -9.705606
0.072539  -0.038768  -9.716668
0.077423  -0.039602  -9.708484
0.064422  -0.024066  -9.729150
0.066417  -0.034785  -9.709693
0.068228  -0.030659  -9.732926
0.067760  -0.033198  -9.715349
0.068644  -0.032699  -9.710917
0.059199  -0.026077  -9.718890
0.070768  -0.033161  -9.700334
0.077996  -0.044159  -9.686397
0.077013  -0.036872  -9.721713
0.077013  -0.036872  -9.721713
0.085245  -0.033295  -9.729432
0.075462  -0.041454  -9.703255
0.062894  -0.043643  -9.708313
0.074540  -0.041035  -9.706064
0.060940  -0.036718  -9.696313
0.067023  -0.037019  -9.715886
0.067023  -0.037019  -9.715886
0.073216  -0.030172  -9.725262
0.070244  -0.033205  -9.724995
0.066227  -0.035662  -9.700725
0.067422  -0.043442  -9.677048
0.064190  -0.039034  -9.706159
0.064190  -0.039034  -9.706159
0.065492  -0.031947  -9.699724
0.073182  -0.044313  -9.704501
0.081096  -0.032701  -9.726345
0.073104  -0.017628  -9.720036
0.081562  -0.013723  -9.727086
0.082092  -0.042904  -9.733484
0.070149  -0.050448  -9.715318
0.080035  -0.044738  -9.724118
0.066621  -0.032854  -9.711949
0.076418  -0.034704  -9.695907
0.068769  -0.043332  -9.702024
0.076130  -0.038178  -9.729124
0.076130  -0.038178  -9.729124
0.067958  -0.019370  -9.704275
0.065417  -0.036102  -9.706537
0.081675  -0.030544  -9.703220
0.070751  -0.032289  -9.700933
0.061058  -0.024436  -9.719658
0.054423  -0.033367  -9.706113
0.071576  -0.040511  -9.709106
0.076839  -0.041602  -9.690512
0.073803  -0.033265  -9.685962
0.076857  -0.046880  -9.691967
0.071170  -0.056529  -9.714600
0.083348  -0.038547  -9.708103
0.083348  -0.038547  -9.708103
0.072182  -0.033927  -9.722797
0.068551  -0.034944  -9.720427
0.066199  -0.036798  -9.723709
0.075678  -0.030615  -9.723560
0.071927  -0.024534  -9.713158
0.070897  -0.023154  -9.701833
0.075775  -0.015835  -9.715406
0.074435  -0.023685  -9.716004
0.072134  -0.040673  -9.698866
0.073692  -0.034696  -9.708742
0.074825  -0.026298  -9.708309
0.071175  -0.027498  -9.706642
0.071175  -0.027498  -9.706642
0.076898  -0.024865  -9.711832
0.073040  -0.034323  -9.683487
0.067970  -0.027239  -9.704250
0.080796  -0.021356  -9.719648
0.074509  -0.026427  -9.732983
0.071781  -0.043727  -9.685619
0.069932  -0.034741  -9.681505
0.079843  -0.048914  -9.697987
0.079453  -0.043912  -9.713910
0.079888  -0.038074  -9.690756
0.074385  -0.037744  -9.700061
0.070674  -0.053941  -9.689064
0.070674  -0.053941  -9.689064
0.085531  -0.041057  -9.699930
0.074312  -0.039288  -9.695755
0.078364  -0.026541  -9.715586
0.079004  -0.037998  -9.713227
0.078356  -0.035047  -9.708233
0.068201  -0.030800  -9.679733
