-5.646914  0.624348  -7.860941
-4.694624  0.586989  -8.465408
-3.862905  0.539744  -8.905602
-3.387184  0.491818  -9.093023
-2.549605  0.398695  -9.364754
-2.063956  0.337783  -9.504871
-1.914522  0.310248  -9.532878
-1.610581  0.243470  -9.570429
-1.262742  0.175315  -9.608632
-0.870416  0.034952  -9.674896
-0.743032  0.026095  -9.668038
-0.610401  0.007835  -9.681580
-0.609327  0.007696  -9.677421
-0.378739  -0.025400  -9.690839
-0.296573  -0.019561  -9.672510
-0.223598  -0.017212  -9.661040
-0.186086  -0.009246  -9.667482
-0.184994  -0.009376  -9.661635
-0.095767  0.010232  -9.666140
-0.062570  0.013425  -9.650949
-0.024102  0.028040  -9.616016
-0.009293  0.049942  -9.631550
-0.008235  0.049814  -9.624095
0.033792  0.049568  -9.642787
0.039622  0.047445  -9.626417
0.052282  0.052248  -9.575848
0.052165  0.051091  -9.583259
0.067642  0.048755  -9.584917
0.083528  0.055974  -9.574730
0.075456  0.062009  -9.566811
0.074891  0.056019  -9.561867
0.100130  0.063878  -9.530368
0.101134  0.062873  -9.530822
0.102937  0.053573  -9.539742
0.095154  0.055561  -9.489483
0.096064  0.055421  -9.478203
0.108207  0.065217  -9.490328
0.103453  0.064568  -9.498095
0.105654  0.071486  -9.470994
0.122085  0.059569  -9.455643
0.116057  0.048634  -9.443376
0.109943  0.052353  -9.420656
0.105285  0.057507  -9.444140
0.105361  0.062682  -9.433637
0.118780  0.056543  -9.405485
0.114358  0.053810  -9.375513
0.122351  0.060549  -9.360895
0.119930  0.052095  -9.348370
0.124139  0.053819  -9.340552
0.124571  0.053815  -9.325695
0.129597  0.052995  -9.290523
0.118510  0.052173  -9.272773
0.112595  0.051562  -9.269415
0.131499  0.052514  -9.243912
0.136084  0.054006  -9.232728
0.136746  0.053058  -9.219032
0.134373  0.045037  -9.224263
0.121734  0.048116  -9.195659
0.114593  0.052487  -9.147723
0.132353  0.051721  -9.154431
0.136266  0.041982  -9.152662
0.136878  0.041821  -9.135163
0.116645  0.049493  -9.113901
0.123141  0.057775  -9.078055
0.129975  0.063184  -9.060284
0.129255  0.052623  -9.043634
0.145572  0.049232  -9.037158
0.148087  0.042486  -9.023470
0.133126  0.053439  -8.981405
0.135257  0.051627  -8.972361
0.147404  0.048588  -8.955164
0.148521  0.052992  -8.928333
0.137252  0.053581  -8.912596
0.135793  0.057815  -8.903008
0.140803  0.052996  -8.881344
0.134517  0.046917  -8.862980
0.139717  0.035614  -8.830284
0.143833  0.048866  -8.803707
0.146010  0.044966  -8.806765
0.139746  0.039581  -8.766240
0.135708  0.053695  -8.735474
0.144531  0.047232  -8.719966
0.150881  0.058112  -8.708811
0.139197  0.048227  -8.680943
0.136540  0.038901  -8.657724
0.135397  0.045271  -8.627920
0.142303  0.060794  -8.605568
0.144291  0.049410  -8.570461
0.152313  0.034904  -8.556466
0.159357  0.036021  -8.522706
0.141418  0.039301  -8.493692
0.138169  0.048786  -8.495134
0.145579  0.050968  -8.490015
0.151954  0.047041  -8.461640
0.155862  0.045595  -8.427011
0.154952  0.034287  -8.430147
0.149237  0.023939  -8.411695
0.139969  0.037936  -8.376603
0.151642  0.043055  -8.348421
0.149534  0.045552  -8.330669
0.144312  0.050831  -8.290135
0.152531  0.051042  -8.282653
0.153260  0.043076  -8.251187
0.142977  0.042313  -8.243289
0.145941  0.046309  -8.240893
0.137266  0.046455  -8.183933
0.142245  0.034719  -8.170142
0.149502  0.038630  -8.165788
0.156132  0.045798  -8.110802
0.155534  0.046230  -8.098394
0.143673  0.052441  -8.056876
0.146896  0.054456  -8.036870
0.143069  0.038780  -8.029323
0.152746  0.034810  -7.993235
0.152888  0.034633  -7.968067
0.160869  0.054294  -7.939231
0.150163  0.040812  -7.932405
0.156168  0.032682  -7.891311
0.148616  0.040511  -7.839262
0.144080  0.029936  -7.819559
0.157506  0.029002  -7.799554
0.140772  0.031858  -7.770169
0.148127  0.050609  -7.732675
0.151897  0.051683  -7.722818
0.148102  0.054212  -7.681480
0.153291  0.034396  -7.675977
0.158734  0.037317  -7.651346
0.158787  0.037140  -7.625149
0.140670  0.034090  -7.600542
0.153917  0.030930  -7.571663
0.153580  0.035302  -7.553447
0.130763  0.052678  -7.518934
0.130785  0.052500  -7.492414
0.154789  0.051341  -7.476748
0.154799  0.051163  -7.450111
0.154803  0.050984  -7.423417
0.154801  0.050805  -7.396667
0.154793  0.050626  -7.369863
0.154779  0.050446  -7.343007
0.154758  0.050266  -7.316100
0.154732  0.050085  -7.289144
0.154700  0.049904  -7.262139
0.154663  0.049723  -7.235089
0.154619  0.049541  -7.207994
0.154570  0.049360  -7.180856
0.154515  0.049177  -7.153676
0.154454  0.048995  -7.126455
0.154388  0.048812  -7.099195
0.154317  0.048628  -7.071898
0.154240  0.048445  -7.044565
0.154158  0.048261  -7.017198
0.154070  0.048077  -6.989798
0.153977  0.047893  -6.962366
0.153879  0.047708  -6.934903
0.153775  0.047524  -6.907412
0.153667  0.047339  -6.879893
0.153553  0.047153  -6.852346
0.153434  0.046968  -6.824776
0.153311  0.046782  -6.797181
0.153182  0.046596  -6.769563
0.153048  0.046410  -6.741924
0.152910  0.046224  -6.714266
0.030368  -0.879633  -6.687829
0.030225  -0.879783  -6.660135
0.030082  -0.879897  -6.632424
0.029939  -0.879976  -6.604698
0.029796  -0.880019  -6.576958
0.029654  -0.880028  -6.549206
0.029511  -0.880002  -6.521442
0.029368  -0.879941  -6.493670
0.029226  -0.879846  -6.465887
0.029083  -0.879718  -6.438097
0.028941  -0.879556  -6.410301
0.028799  -0.879361  -6.382499
0.028657  -0.879134  -6.354692
0.028515  -0.878873  -6.326884
0.028373  -0.878581  -6.299073
0.028231  -0.878256  -6.271261
0.028090  -0.877900  -6.243450
0.027948  -0.877512  -6.215640
0.027807  -0.877094  -6.187832
0.027666  -0.876644  -6.160028
0.027525  -0.876165  -6.132229
0.027384  -0.875655  -6.104435
0.027244  -0.875115  -6.076648
0.027103  -0.874545  -6.048868
0.026963  -0.873946  -6.021098
0.026823  -0.873318  -5.993337
0.026683  -0.872662  -5.965588
0.026543  -0.871976  -5.937849
0.026403  -0.871263  -5.910124
2.045767  0.439469  -5.654494
2.045548  0.440187  -5.626805
2.045251  0.440881  -5.599141
2.044877  0.441551  -5.571501
2.044425  0.442198  -5.543887
2.043897  0.442823  -5.516300
0.551296  -1.052711  -5.747554
0.550676  -1.052073  -5.720014
0.550039  -1.051401  -5.692493
0.549387  -1.050692  -5.664993
0.548719  -1.049949  -5.637514
0.548035  -1.049171  -5.610057
-0.214536  0.078968  -5.551356
-0.097385  -0.010924  -5.460369
-0.098060  -0.010129  -5.432989
-0.098725  -0.009340  -5.405639
-0.099380  -0.008558  -5.378319
-0.100026  -0.007782  -5.351030
-0.100662  -0.007013  -5.323773
-0.101289  -0.006251  -5.296549
-0.101905  -0.005495  -5.269358
-0.102513  -0.004745  -5.242202
-0.103111  -0.004002  -5.215081
-0.103700  -0.003265  -5.187995
-0.104279  -0.002535  -5.160946
-0.104849  -0.001811  -5.133935
-0.105410  -0.001093  -5.106961
-0.105962  -0.000382  -5.080027
-0.106505  0.000323  -5.053131
-0.107039  0.001022  -5.026276
0.837113  -0.173324  -5.093645
0.836560  -0.172631  -5.066868
0.835979  -0.171937  -5.040131
0.835370  -0.171242  -5.013432
0.834734  -0.170547  -4.986773
0.834070  -0.169852  -4.960155
0.833380  -0.169155  -4.933578
0.832662  -0.168459  -4.907043
0.831919  -0.167762  -4.880551
0.831149  -0.167064  -4.854102
0.830354  -0.166366  -4.827698
-0.517617  0.825629  -4.727469
-0.518410  0.826289  -4.701158
-0.519177  0.826910  -4.674894
-0.519916  0.827494  -4.648679
-0.520628  0.828039  -4.622514
-0.521313  0.828548  -4.596400
-0.521972  0.829019  -4.570336
-0.522605  0.829454  -4.544324
-0.523211  0.829852  -4.518363
-0.523792  0.830214  -4.492455
-0.524346  0.830540  -4.466599
-0.524876  0.830831  -4.440797
-0.525380  0.831086  -4.415048
-0.525858  0.831306  -4.389353
-0.526312  0.831492  -4.363713
-0.526742  0.831644  -4.338130
-0.527146  0.831761  -4.312602
-0.527527  0.831845  -4.287131
2.336506  -0.813266  -3.976498
2.336061  -0.813184  -3.951154
2.335528  -0.813072  -3.925880
2.334908  -0.812928  -3.900676
2.334203  -0.812753  -3.875542
0.481593  0.529901  -4.145584
0.480789  0.530083  -4.120579
0.479974  0.530243  -4.095634
0.479147  0.530381  -4.070750
0.478308  0.530496  -4.045928
0.477458  0.530590  -4.021166
0.476597  0.530662  -3.996467
0.475725  0.530713  -3.971829
0.474841  0.530742  -3.947255
0.473947  0.530750  -3.922743
0.473042  0.530737  -3.898295
0.472127  0.530704  -3.873911
0.471201  0.530650  -3.849592
0.470265  0.530575  -3.825337
0.469318  0.530481  -3.801147
0.468362  0.530366  -3.777023
0.467395  0.530231  -3.752965
0.466419  0.530077  -3.728973
0.465433  0.529903  -3.705048
0.464437  0.529711  -3.681190
0.463432  0.529498  -3.657399
0.462418  0.529267  -3.633676
0.461394  0.529018  -3.610021
-1.359236  -1.409846  -3.404694
-1.360206  -1.410057  -3.381184
-1.361114  -1.410210  -3.357750
-1.361961  -1.410307  -3.334393
-1.362746  -1.410347  -3.311112
-1.363472  -1.410332  -3.287909
-1.364137  -1.410261  -3.264784
-1.364742  -1.410136  -3.241736
-1.365289  -1.409956  -3.218767
-1.365777  -1.409722  -3.195876
-1.366207  -1.409436  -3.173062
1.494805  2.009411  -3.038661
1.494377  2.009669  -3.016008
1.493894  2.009845  -2.993438
1.493357  2.009942  -2.970951
0.401990  0.557690  -3.240610
0.401388  0.557684  -3.218277
0.400776  0.557657  -3.196015
0.209305  0.275177  -3.204152
0.211125  0.236241  -3.151172
0.158641  0.204080  -3.142138
0.158012  0.204004  -3.120168
0.118237  0.159760  -3.092420
0.117609  0.159671  -3.070597
0.106237  0.114846  -3.062243
0.084175  0.125280  -3.067124
0.098361  0.099107  -3.038813
0.090977  0.107246  -2.996041
0.073626  0.107754  -2.965283
0.073008  0.107642  -2.943898
0.072393  0.107527  -2.922588
0.074768  0.091068  -2.919356
0.061611  0.093341  -2.891131
0.053128  0.068782  -2.859845
0.052524  0.068657  -2.838834
0.051924  0.068530  -2.817898
0.051326  0.068402  -2.797038
0.050732  0.068273  -2.776255
0.050142  0.068142  -2.755547
0.062630  0.083413  -2.752100
0.071798  0.097999  -2.726970
0.043739  0.089040  -2.707891
0.043160  0.088900  -2.687487
0.042585  0.088758  -2.667157
0.057921  0.083961  -2.632600
0.057352  0.083815  -2.612423
0.056785  0.083666  -2.592324
0.056221  0.083516  -2.572302
0.055660  0.083364  -2.552359
0.055102  0.083210  -2.532493
0.054547  0.083054  -2.512706
0.053994  0.082896  -2.492996
0.031551  0.068822  -2.496727
0.024201  0.065291  -2.466072
0.039237  0.078443  -2.456266
0.038698  0.078279  -2.436864
0.034877  0.074704  -2.406641
0.034345  0.074537  -2.387393
0.033815  0.074369  -2.368222
0.033290  0.074199  -2.349129
0.032767  0.074027  -2.330113
0.032248  0.073855  -2.311174
0.031732  0.073681  -2.292315
0.031220  0.073505  -2.273531
0.030711  0.073329  -2.254826
0.055005  0.068679  -2.214931
0.052382  0.069443  -2.215901
0.048566  0.052650  -2.196654
0.048067  0.052469  -2.178260
0.047571  0.052288  -2.159944
0.051142  0.075185  -2.129883
0.051884  0.066544  -2.137546
0.051395  0.066360  -2.119463
0.050909  0.066175  -2.101460
0.050424  0.065989  -2.083535
0.049942  0.065802  -2.065688
0.049463  0.065614  -2.047919
0.048985  0.065425  -2.030229
0.048510  0.065235  -2.012617
0.048038  0.065045  -1.995083
0.027906  0.073826  -1.939999
0.027439  0.073634  -1.922621
0.026975  0.073440  -1.905323
0.026514  0.073245  -1.888104
0.026055  0.073048  -1.870965
0.038223  0.071319  -1.871303
0.036559  0.073989  -1.832768
0.050230  0.075348  -1.848645
0.049782  0.075148  -1.831820
0.049336  0.074946  -1.815073
0.031827  0.080023  -1.795219
0.031386  0.079818  -1.778628
0.041281  0.104140  -1.720174
0.040845  0.103932  -1.703740
0.040411  0.103721  -1.687387
0.018748  0.051780  -1.751557
0.063427  0.055237  -1.740634
0.048430  -0.005464  -1.708752
0.048005  -0.005675  -1.692707
0.047581  -0.005884  -1.676739
0.036721  0.075638  -1.636044
0.036302  0.075430  -1.620229
0.035884  0.075221  -1.604490
0.024630  0.066862  -1.597340
0.025923  0.060570  -1.577789
0.025514  0.060359  -1.562283
0.025107  0.060147  -1.546853
0.024702  0.059934  -1.531500
0.024301  0.059721  -1.516224
0.023901  0.059508  -1.501024
0.037639  0.078875  -1.574998
0.037244  0.078660  -1.559948
0.134077  0.112250  -1.493728
0.133683  0.112032  -1.478827
0.754786  0.309326  -1.376242
1.049045  0.325554  -1.530373
0.371776  0.438513  -1.413146
-0.277089  0.311110  -1.349555
-0.079478  0.221410  -1.300141
-0.154128  0.122304  -1.409849
-0.154566  0.122028  -1.395476
-0.154994  0.121750  -1.381176
-0.155412  0.121470  -1.366949
-0.155820  0.121187  -1.352796
0.030180  0.060838  -1.266261
0.011722  -0.057796  -1.371637
0.011329  -0.058076  -1.357704
0.010939  -0.058351  -1.343843
0.010552  -0.058622  -1.330052
0.010168  -0.058888  -1.316333
0.009786  -0.059149  -1.302685
0.009408  -0.059406  -1.289107
0.009033  -0.059658  -1.275601
0.008661  -0.059905  -1.262167
-0.415870  -0.628027  -1.099579
-0.343732  -1.121547  -1.099443
-0.344064  -1.121717  -1.086231
-0.115000  -0.637467  -1.009701
-0.245940  -0.768308  -0.955528
-0.246237  -0.768375  -0.942547
-0.088122  -0.300837  -1.064013
-0.088401  -0.300862  -1.051184
-0.088673  -0.300874  -1.038428
-0.088940  -0.300874  -1.025747
0.107841  0.108238  -0.978088
0.107579  0.108246  -0.965554
0.107314  0.108248  -0.953094
-0.129157  -0.022189  -0.926708
-0.129415  -0.022190  -0.914397
-0.129667  -0.022190  -0.902161
-0.402001  -0.259776  -0.968099
-0.028753  0.052453  -0.976698
-0.028976  0.052463  -0.964676
-0.029196  0.052470  -0.952725
0.085315  0.096966  -0.814927
0.085096  0.096967  -0.803122
0.099998  0.199072  -0.848805
0.099776  0.199062  -0.837148
-0.055074  -0.057776  -0.817717
-0.055294  -0.057792  -0.806202
0.062022  0.082180  -0.821807
0.058425  0.122867  -0.805336
0.058209  0.122846  -0.794033
0.047071  0.123934  -0.769774
0.046855  0.123903  -0.758612
0.046639  0.123868  -0.747519
0.046422  0.123828  -0.736498
0.013646  0.070354  -0.726941
0.013431  0.070308  -0.716060
0.013218  0.070259  -0.705248
0.013006  0.070208  -0.694505
0.011636  0.059874  -0.685781
0.011426  0.059818  -0.675178
0.000453  0.047207  -0.665305
0.006732  0.064455  -0.655986
0.006527  0.064394  -0.645588
0.006325  0.064331  -0.635258
0.002522  0.058961  -0.654451
0.005850  0.058871  -0.642215
0.005652  0.058802  -0.632088
0.012494  0.042342  -0.635798
0.015349  0.054852  -0.588923
0.001896  0.052893  -0.570666
-0.003784  0.048544  -0.546507
0.006947  0.051991  -0.571252
0.006757  0.051915  -0.561522
0.006569  0.051837  -0.551855
0.003279  0.060533  -0.517177
0.009233  0.048577  -0.530826
0.006545  0.051927  -0.511565
0.006415  0.061315  -0.492963
0.012648  0.069186  -0.475266
-0.004456  0.056703  -0.499223
-0.008815  0.035248  -0.515196
0.003590  0.037562  -0.515049
-0.012414  0.045577  -0.485361
-0.012587  0.045486  -0.476337
0.010026  0.051328  -0.436964
0.009857  0.051235  -0.428063
0.001866  0.046390  -0.430036
-0.007475  0.057234  -0.410333
0.007695  0.057558  -0.413673
0.003582  0.049328  -0.416448
-0.001312  0.049407  -0.397693
-0.005776  0.054120  -0.367728
0.002176  0.056745  -0.360839
0.002180  0.049077  -0.358394
-0.000194  0.053679  -0.368054
-0.004315  0.061337  -0.343742
0.010853  0.053700  -0.350287
0.005774  0.045301  -0.347204
0.005622  0.045193  -0.339108
-0.005162  0.046046  -0.283444
-0.002675  0.048309  -0.286110
0.012259  0.047022  -0.268466
0.008439  0.050899  -0.273204
-0.001378  0.049512  -0.258801
0.004602  0.056330  -0.283492
0.001202  0.057987  -0.262772
-0.008993  0.041464  -0.252199
-0.004794  0.030707  -0.268212
-0.002920  0.044064  -0.238069
0.000467  0.050891  -0.239141
0.006946  0.047541  -0.205877
0.006810  0.047421  -0.198553
0.006817  0.043744  -0.249149
-0.000255  0.053812  -0.220168
-0.003202  0.044541  -0.214904
0.003638  0.048951  -0.206844
-0.001973  0.055732  -0.198872
-0.005715  0.053079  -0.194130
-0.013927  0.055665  -0.198834
-0.001079  0.042486  -0.190080
-0.002245  0.050467  -0.171692
0.003172  0.058604  -0.142479
-0.001120  0.048061  -0.148399
0.007791  0.037955  -0.161717
-0.003853  0.043306  -0.141017
-0.007016  0.039040  -0.121568
-0.007134  0.038908  -0.115077
-0.003131  0.050801  -0.108637
-0.008194  0.049205  -0.123621
-0.006023  0.046392  -0.093558
0.009508  0.045510  -0.083042
0.005103  0.036022  -0.073165
0.006985  0.031977  -0.074940
-0.003107  0.048475  -0.101006
-0.005208  0.048874  -0.078025
0.000675  0.050181  -0.068530
0.000302  0.051215  -0.041151
0.000196  0.051077  -0.035244
-0.012033  0.038626  -0.037442
-0.014136  0.040788  -0.030065
-0.006865  0.047609  -0.031692
-0.004532  0.040488  -0.040142
0.003043  0.047347  -0.036160
0.005778  0.051073  -0.020129
0.000556  0.051806  0.006717
-0.008484  0.057473  -0.007396
-0.006495  0.054808  -0.011476
-0.010136  0.043132  -0.010582
-0.010851  0.042099  0.002578
-0.004310  0.041459  0.020584
-0.011739  0.041750  0.031839
-0.013828  0.056752  0.021438
-0.007791  0.049638  0.041444
-0.005332  0.044912  0.040751
0.011522  0.050564  0.029427
-0.001986  0.037878  0.047034
0.002431  0.032912  0.062718
0.010621  0.041957  0.048000
0.005787  0.045812  0.072023
0.004064  0.045015  0.046745
0.001236  0.048906  0.093738
-0.005196  0.040377  0.089993
-0.005279  0.040226  0.094669
-0.004118  0.045883  0.065399
-0.013728  0.042303  0.083828
-0.000461  0.038764  0.101178
0.004723  0.049283  0.091214
0.004645  0.049130  0.095663
-0.009363  0.050878  0.139153
-0.007608  0.032348  0.139043
-0.009600  0.042197  0.100430
-0.014261  0.044169  0.108471
-0.008314  0.041928  0.103109
0.001491  0.045293  0.125099
-0.002622  0.033542  0.125083
-0.002693  0.033387  0.129179
-0.014375  0.042652  0.123596
-0.007041  0.034110  0.115823
0.002030  0.039092  0.147814
0.000420  0.051690  0.154382
-0.013813  0.027193  0.146634
-0.011357  0.030498  0.137181
0.004595  0.043036  0.150532
-0.010516  0.037095  0.179323
-0.002078  0.037747  0.161961
-0.010801  0.037594  0.164078
-0.005437  0.041261  0.194750
-0.011231  0.041525  0.190824
-0.004326  0.043732  0.188478
-0.004385  0.043575  0.191992
-0.005332  0.043177  0.189599
0.006307  0.023728  0.188431
-0.004963  0.033492  0.213336
-0.008932  0.040277  0.223363
-0.013216  0.035588  0.210685
-0.008880  0.044197  0.196464
-0.009246  0.051247  0.212318
-0.009502  0.037414  0.213460
-0.005838  0.036390  0.214233
0.000412  0.029699  0.244341
-0.009445  0.030773  0.225562
-0.009496  0.030616  0.228610
-0.004359  0.037445  0.228216
-0.003564  0.045892  0.260183
-0.017263  0.033024  0.247228
-0.024194  0.035660  0.224275
-0.022581  0.044779  0.242849
-0.025489  0.029214  0.260906
-0.006619  0.023657  0.254775
-0.010406  0.034000  0.237554
-0.017065  0.033788  0.235853
-0.012695  0.033525  0.266315
-0.001127  0.032523  0.255590
0.003609  0.034935  0.224402
-0.004505  0.035039  0.236536
-0.004544  0.034881  0.239084
-0.014081  0.050708  0.305886
-0.006540  0.050422  0.277176
0.000506  0.041862  0.252225
-0.006359  0.033935  0.274126
-0.009581  0.025412  0.272082
-0.016660  0.024584  0.295780
-0.021597  0.043201  0.262991
-0.014597  0.049284  0.260846
-0.003902  0.044668  0.292986
-0.007371  0.041182  0.275252
-0.013355  0.031664  0.291740
-0.014223  0.031169  0.290366
-0.014252  0.031010  0.292483
0.004164  0.032646  0.291665
-0.005398  0.015742  0.299063
-0.009873  0.029188  0.287878
-0.010861  0.035060  0.318581
0.007544  0.038068  0.315727
-0.004036  0.036970  0.319407
-0.017007  0.033485  0.309147
-0.003179  0.024321  0.317019
-0.011314  0.033035  0.329370
-0.007774  0.033401  0.329905
0.000149  0.027603  0.322196
-0.014668  0.024057  0.325178
-0.014691  0.023901  0.326894
-0.015644  0.032994  0.335965
-0.013782  0.039813  0.340505
-0.015732  0.030896  0.355814
-0.012482  0.015946  0.354172
-0.012139  0.028310  0.333734
0.004617  0.028503  0.336386
-0.003160  0.030622  0.330615
-0.022746  0.035301  0.331311
-0.017593  0.032837  0.354211
-0.015086  0.037414  0.337801
-0.018354  0.027633  0.365272
-0.010391  0.023964  0.341779
-0.008675  0.030274  0.331007
-0.006590  0.032437  0.328976
-0.006821  0.019937  0.318014
0.004684  0.024858  0.337148
-0.004575  0.032571  0.362486
-0.006995  0.028368  0.383029
-0.018452  0.024378  0.361711
-0.021786  0.020379  0.361087
-0.022890  0.026839  0.356956
-0.016845  0.020270  0.334604
-0.014935  0.029092  0.342685
-0.009564  0.032451  0.354217
-0.009305  0.035403  0.353806
-0.004772  0.027851  0.378254
-0.012047  0.031714  0.356777
-0.015961  0.029175  0.368963
-0.013371  0.025033  0.366551
-0.013376  0.024884  0.367464
-0.013676  0.024258  0.350437
-0.003484  0.024740  0.359885
0.009082  0.014590  0.347873
0.005149  0.018542  0.365541
0.005146  0.018395  0.366340
-0.007695  0.025046  0.394631
-0.012740  0.033425  0.391593
-0.019388  0.024753  0.375470
-0.007100  0.015403  0.351707
-0.007101  0.015258  0.352390
-0.010860  0.042359  0.370783
-0.006841  0.037066  0.367963
-0.007490  0.028743  0.367887
-0.008755  0.026627  0.402368
-0.028158  0.035507  0.398219
-0.030278  0.024139  0.386456
-0.013545  0.020615  0.377321
0.007337  0.033384  0.351455
0.006827  0.030711  0.369588
-0.015052  0.016294  0.380939
-0.015049  0.016151  0.381388
-0.024936  0.023744  0.393392
-0.024932  0.023602  0.393800
0.004517  0.005619  0.379140
0.000467  0.013578  0.379304
0.004364  0.018794  0.350661
-0.011708  0.026715  0.345888
-0.016236  0.022921  0.388587
-0.010845  0.027976  0.376124
-0.015212  0.030178  0.388270
-0.013110  0.025655  0.379214
-0.009786  0.023756  0.399140
-0.008425  0.032927  0.392389
-0.008417  0.032789  0.392588
-0.016043  0.019576  0.376082
-0.016035  0.019439  0.376245
-0.016025  0.019301  0.376390
-0.014742  0.011629  0.361603
-0.012823  -0.003796  0.380205
-0.010900  0.034532  0.388965
-0.012278  0.030754  0.390952
-0.015859  0.032187  0.372788
-0.020095  0.027247  0.370360
-0.016876  0.011446  0.365167
-0.017222  0.017000  0.385560
-0.004321  0.009687  0.352994
0.000956  0.010761  0.363648
-0.004281  0.006916  0.379762
-0.004267  0.006785  0.379706
-0.010937  0.035667  0.371937
-0.010684  0.020186  0.386477
-0.015651  0.025366  0.381469
-0.001818  0.027119  0.398222
-0.010854  0.028255  0.404703
-0.005951  0.025597  0.370357
-0.010896  0.005162  0.382930
-0.011383  0.015240  0.381317
-0.002317  0.023775  0.392626
-0.017627  0.027518  0.372142
-0.007364  0.016156  0.381619
-0.014871  0.017956  0.393001
-0.014853  0.017829  0.392747
-0.009220  0.021289  0.373922
-0.007811  0.024834  0.357824
-0.009186  0.023945  0.352644
-0.004168  0.021673  0.388346
-0.010669  0.010734  0.387498
-0.017849  0.010567  0.389698
-0.017364  0.029686  0.379408
-0.014607  0.027681  0.365146
-0.006488  0.029210  0.363148
-0.008754  0.022381  0.387751
-0.012203  0.021386  0.395693
-0.021067  0.022162  0.378760
-0.021045  0.022039  0.378330
-0.003883  0.007956  0.360976
-0.011215  0.011875  0.368583
-0.019146  0.020625  0.395329
-0.018256  0.015342  0.379247
-0.011963  0.013507  0.390921
-0.006638  0.020950  0.376195
-0.014670  0.015335  0.351777
-0.007928  0.019680  0.375794
-0.004664  0.020622  0.361462
-0.004290  -0.003962  0.369545
-0.004266  -0.004080  0.368985
-0.002464  0.018229  0.378620
-0.002440  0.018113  0.378037
-0.008167  0.003103  0.374039
-0.005199  0.001447  0.362101
-0.011842  -0.008599  0.366417
-0.021978  0.009284  0.348562
-0.018376  0.020317  0.359075
-0.011805  0.014202  0.347570
-0.001009  0.013977  0.400044
0.000146  0.017236  0.377073
-0.020429  0.017889  0.379213
-0.017351  0.012609  0.358007
-0.013388  0.016599  0.346257
-0.011842  0.014569  0.342716
-0.019040  0.005100  0.336627
-0.010314  0.010895  0.332850
-0.004923  0.024934  0.362688
-0.011420  0.019734  0.372046
0.005157  0.014187  0.353053
-0.001178  0.015063  0.363152
-0.004898  0.014517  0.358433
-0.025567  0.010776  0.349285
-0.020098  0.013266  0.347285
-0.016150  0.024242  0.359476
-0.003604  0.017660  0.360086
0.001774  0.014773  0.331442
-0.001140  0.008965  0.358145
-0.001111  0.008861  0.357315
0.007340  0.005665  0.348279
0.005083  -0.000800  0.330944
-0.006228  0.002158  0.334482
-0.012698  0.016639  0.335169
-0.004434  0.013308  0.345757
-0.006423  0.009934  0.320850
-0.011933  0.015914  0.334753
-0.008964  0.007429  0.339663
-0.009740  0.010714  0.348464
-0.012117  0.018781  0.349579
-0.013936  0.012317  0.356974
-0.004512  0.004539  0.346620
-0.001875  0.008424  0.340964
-0.001846  0.008327  0.340031
-0.001332  0.007981  0.313951
-0.006260  -0.003415  0.316787
-0.009425  0.002375  0.336055
-0.014732  0.003564  0.339138
-0.007123  0.013826  0.347537
-0.014404  0.001785  0.325912
-0.011082  -0.004035  0.339463
-0.002244  0.004678  0.336100
0.007838  0.019693  0.314214
-0.018194  0.008094  0.317572
-0.016659  0.012335  0.323588
-0.004077  0.009941  0.330089
-0.004048  0.009851  0.329081
-0.006426  0.006188  0.310636
-0.008575  0.006379  0.322367
-0.019201  0.003198  0.346228
-0.017610  -0.003250  0.321362
0.000201  0.012083  0.298675
0.008010  0.008769  0.296034
-0.005119  0.010121  0.300045
-0.014063  0.003962  0.305924
-0.011310  0.005621  0.318484
-0.001722  0.004092  0.298553
-0.011620  0.006701  0.296653
-0.011590  0.006617  0.295589
-0.001214  0.024133  0.317939
-0.003019  0.008214  0.307171
0.002852  0.012547  0.299877
-0.006331  0.007698  0.310057
-0.005160  0.017543  0.320289
-0.010719  0.004483  0.324344
-0.010690  0.004402  0.323250
-0.002965  -0.001536  0.283731
-0.002694  -0.003866  0.299794
0.002502  0.016257  0.309740
-0.013390  0.017583  0.290894
0.000600  0.016221  0.285386
0.000629  0.016141  0.284273
-0.015873  -0.004224  0.295538
-0.015976  -0.009844  0.289799
-0.005833  -0.000658  0.299420
-0.005941  0.001145  0.298305
-0.003601  0.011664  0.315036
-0.006774  0.014415  0.298321
-0.001902  -0.001817  0.304902
0.006004  0.000434  0.320408
-0.014802  -0.000407  0.306180
-0.003830  0.008239  0.279382
-0.000483  0.020208  0.270935
-0.014445  0.009941  0.259313
-0.014416  0.009869  0.258160
-0.006015  0.007119  0.254858
-0.005786  0.011079  0.278743
-0.000822  0.007253  0.286955
-0.008883  0.006791  0.279979
-0.011153  0.007006  0.287087
-0.009338  -0.012749  0.267737
0.007803  -0.008647  0.290614
-0.000457  -0.005915  0.290680
-0.015239  0.002774  0.285816
-0.014560  0.014143  0.283392
-0.006213  0.011144  0.276728
-0.010286  0.011029  0.279842
-0.010257  0.010962  0.278659
-0.009511  -0.002171  0.277312
-0.009481  -0.002237  0.276124
0.001688  0.006393  0.265044
-0.004334  0.008509  0.249982
-0.016840  -0.007282  0.258437
-0.003644  -0.003624  0.253880
-0.015579  0.012830  0.272057
0.001226  0.020316  0.267732
-0.003344  0.008651  0.275930
-0.010319  0.010557  0.254459
-0.018089  0.003939  0.266466
-0.013442  0.005174  0.245706
-0.013411  0.005112  0.244503
-0.000221  0.013779  0.257243
-0.006362  0.008728  0.249928
-0.011230  0.003666  0.242706
-0.002864  0.013288  0.232710
-0.007820  0.012045  0.234935
-0.002072  0.000754  0.249036
0.002290  -0.003905  0.251828
-0.004711  0.003415  0.240385
-0.006646  0.009738  0.248820
-0.004807  0.001988  0.234567
-0.000350  0.000957  0.210394
-0.000321  0.000898  0.209187
-0.000291  0.000840  0.207981
-0.020721  -0.019890  0.190999
-0.003169  -0.033316  0.224293
-0.007307  0.014464  0.253812
-0.012527  -0.007116  0.228681
-0.006863  -0.013984  0.210404
-0.019415  0.023952  0.233302
-0.009265  0.014312  0.219442
-0.005818  0.006546  0.220874
-0.005788  0.006493  0.219672
0.000411  0.003783  0.225740
-0.000757  -0.000580  0.232124
-0.000726  -0.000632  0.230923
-0.008719  0.000738  0.219359
0.005215  0.003494  0.217814
-0.002069  -0.010810  0.207149
-0.006720  0.001374  0.186174
-0.004925  0.006502  0.194887
-0.006983  -0.005627  0.219300
-0.008345  0.000693  0.215700
-0.002270  0.010603  0.220356
-0.006831  0.005504  0.222742
-0.004882  -0.007248  0.218381
0.003196  0.001713  0.206800
0.007409  0.002732  0.203981
0.007437  0.002685  0.202790
-0.019243  0.017631  0.207035
-0.027659  0.002164  0.193769
-0.013647  0.006767  0.202229
-0.010152  -0.003994  0.201893
-0.013003  -0.007864  0.176831
-0.012973  -0.007909  0.175648
-0.006467  0.003920  0.196160
-0.002426  0.011699  0.185946
0.002508  -0.002409  0.183575
-0.002834  -0.005805  0.214491
0.002468  0.005529  0.209597
-0.001482  0.016774  0.185218
-0.001453  0.016731  0.184043
-0.003648  0.000137  0.161244
-0.003283  0.004008  0.205716
-0.019874  -0.006211  0.194438
-0.008373  -0.001823  0.203318
0.000533  0.013949  0.192366
-0.002844  0.002735  0.161464
-0.009815  0.013206  0.165008
0.002921  0.014986  0.186387
0.000754  -0.007027  0.193403
-0.022376  0.000518  0.172916
-0.013609  0.003665  0.171574
-0.011822  -0.003150  0.189171
-0.011793  -0.003190  0.188017
-0.006081  0.000647  0.171173
0.002342  0.001499  0.162910
-0.005565  0.003301  0.171487
0.011134  -0.004965  0.172085
0.009864  -0.004716  0.180401
-0.002515  0.006750  0.164697
-0.004410  -0.000646  0.174035
-0.000290  -0.001583  0.161531
-0.011250  -0.004443  0.187092
-0.011222  -0.004480  0.185956
-0.008025  -0.011431  0.196156
0.000487  -0.005581  0.166415
-0.011438  0.002865  0.139853
0.001755  0.006485  0.157728
0.009847  0.008811  0.132751
0.005291  -0.002645  0.178761
0.005318  -0.002679  0.177641
-0.009032  -0.006184  0.160814
-0.009253  0.000365  0.150324
-0.001585  -0.002898  0.140190
-0.004285  -0.003015  0.137051
-0.002297  0.000693  0.173647
-0.002270  0.000662  0.172539
-0.009055  0.002119  0.129007
-0.015357  0.006475  0.127893
-0.015331  0.006444  0.126792
-0.000499  -0.002214  0.146067
-0.001651  -0.009972  0.142546
-0.007192  -0.001120  0.134431
-0.003179  0.005520  0.139621
0.008540  -0.000003  0.128539
0.007571  -0.004484  0.119749
0.000359  -0.001016  0.133646
-0.011022  0.007473  0.135193
-0.010706  0.002410  0.142979
0.003481  0.005783  0.128558
0.001548  -0.000177  0.147877
-0.008076  -0.003382  0.157519
-0.008051  -0.003410  0.156454
-0.010442  -0.002827  0.133885
-0.002396  0.005160  0.144952
-0.005185  -0.004873  0.142731
-0.008925  0.003946  0.128910
-0.007252  0.005933  0.138526
-0.006293  -0.000910  0.132323
-0.003489  -0.005028  0.122397
-0.002482  -0.010797  0.132455
-0.002414  0.000617  0.131097
0.000399  0.001535  0.119201
-0.000106  -0.005781  0.109576
-0.000188  0.011816  0.121356
-0.000163  0.011791  0.120324
0.010717  0.008982  0.129396
0.010741  0.008958  0.128370
0.002265  0.009745  0.098593
-0.023206  -0.042100  0.100319
-0.007215  -0.050180  0.087764
0.004444  -0.007814  0.096931
-0.005262  0.011314  0.121748
-0.008361  -0.007345  0.128773
-0.001760  -0.008080  0.126117
0.002774  0.002606  0.143295
-0.006444  -0.007865  0.124715
0.001759  -0.007496  0.089359
0.001782  -0.007514  0.088365
0.009478  0.000604  0.072865
-0.014081  -0.060714  0.059415
0.004108  0.117666  0.149874
-0.014086  0.007856  0.114573
0.000598  -0.000772  0.087339
0.000621  -0.000792  0.086364
-0.004604  0.001736  0.105470
0.002076  -0.011553  0.096025
0.012058  -0.019149  0.085539
0.017067  -0.010242  0.084538
-0.000376  -0.007920  0.070274
-0.015999  0.003267  0.090755
-0.015978  0.003250  0.089805
0.000955  -0.002454  0.081845
0.008282  -0.001498  0.091877
0.008302  -0.001514  0.090938
0.002189  -0.010609  0.088022
0.006146  -0.002811  0.079472
-0.004368  0.000511  0.102819
-0.004348  0.000496  0.101893
0.005975  0.012468  0.098704
0.000637  0.007052  0.083938
-0.003334  -0.001108  0.069634
-0.007148  -0.005734  0.092506
-0.000395  -0.009317  0.062510
0.002647  -0.003309  0.040246
0.005470  -0.006661  0.056739
-0.008910  -0.009928  0.071706
-0.009176  0.002262  0.072282
-0.005223  0.004511  0.062159
0.000488  -0.007166  0.053612
-0.017452  -0.002662  0.074494
-0.003708  -0.005041  0.077672
0.006609  -0.004629  0.070876
-0.005106  -0.000642  0.070966
-0.005276  0.004499  0.054736
-0.007227  0.000563  0.062183
-0.000448  -0.008057  0.053737
0.001437  -0.005346  0.075764
-0.001511  -0.003047  0.080079
0.011077  -0.004475  0.070354
0.010319  -0.001012  0.079506
0.013772  -0.006389  0.063178
0.013861  -0.000828  0.075693
-0.006964  -0.009707  0.078912
-0.001740  -0.004301  0.060952
-0.007027  -0.004660  0.056877
-0.007011  -0.004669  0.056046
-0.005941  -0.010190  0.064857
-0.005946  0.000788  0.040539
-0.002903  0.003074  0.043136
-0.003609  0.004633  0.078081
-0.005164  0.005590  0.070947
-0.001713  -0.003280  0.046882
0.004153  -0.005618  0.044467
0.000690  -0.005940  0.060656
0.000058  0.000297  0.087152
0.000073  0.000290  0.086355
-0.373160  0.033732  -0.510150
-2.369981  1.656426  -0.770193
-0.692565  0.637566  -0.382133
1.147391  -0.483570  0.087432
1.326250  -0.861967  -0.162584
1.326300  -0.862011  -0.163285
0.709552  -0.732110  -0.071956
-0.207397  0.110235  0.003489
-0.607012  0.550170  0.079997
-0.457290  0.441077  0.083908
-0.326717  0.294823  0.056406
-0.240196  0.221191  0.040031
-0.193766  0.166063  0.030567
-0.172375  0.142931  0.045341
-0.127250  0.111475  0.029751
-0.097832  0.080950  0.027529
-0.087182  0.074354  0.031068
-0.070886  0.058960  0.041528
-0.070818  0.058895  0.040874
-0.027043  0.015776  0.047720
-0.032791  0.021781  0.041918
-0.021013  0.016745  0.041504
-0.023879  0.025616  0.037498
-0.020885  0.016594  0.022301
-0.007030  0.013344  0.019562
-0.017526  0.006390  0.033794
-0.014340  0.001763  0.046478
-0.018761  -0.011382  0.041287
0.009609  -0.017235  0.034266
0.000044  -0.004080  0.044672
-0.010388  0.004996  0.057338
-0.010318  0.004933  0.056720
-0.003353  0.005437  0.065704
0.005323  -0.005135  0.029654
0.005392  -0.005197  0.029042
-0.003482  0.001397  0.033644
0.004200  -0.009817  0.026080
-0.009200  -0.011352  0.004390
-0.009133  -0.011411  0.003790
0.002898  0.001532  0.028546
0.003314  -0.001433  0.035123
0.000619  -0.003622  0.036706
0.003963  -0.008156  0.060751
0.001683  -0.008808  0.038204
0.001746  -0.008862  0.037619
0.002781  -0.006094  0.017769
0.012592  -0.005248  0.011451
0.010748  0.002653  0.025703
0.004368  -0.000839  0.017035
-0.005151  -0.010717  0.022190
-0.005092  -0.010768  0.021622
-0.000532  -0.002310  0.020595
0.006284  0.004325  0.009279
0.009436  -0.004700  0.021179
0.009492  -0.004749  0.020621
0.000729  -0.007280  0.036330
0.000784  -0.007328  0.035777
0.000838  -0.007374  0.035225
0.004744  -0.003823  0.007255
0.009045  0.001370  0.012206
0.003872  0.005044  0.017179
0.001234  0.006146  0.020917
0.006334  0.000770  -0.003444
0.008060  0.011051  0.009657
0.005333  -0.002025  -0.015813
0.003404  0.005716  0.020582
0.004793  -0.001352  0.016904
0.001518  -0.015463  0.014849
0.002503  -0.009454  0.018566
-0.006405  -0.002001  0.018469
-0.004080  -0.008286  0.015450
-0.003866  -0.008829  0.018946
-0.000429  -0.009227  0.019025
-0.007475  -0.001344  0.009571
-0.002272  0.007755  -0.007103
0.001616  0.005972  -0.007499
0.005646  -0.014956  0.012888
0.010264  -0.017856  0.014063
0.014452  -0.007042  0.019517
0.005534  0.000848  0.030156
-0.005240  -0.004150  0.009640
-0.002933  -0.004613  -0.003531
-0.002541  -0.005208  0.001599
-0.003142  -0.007627  0.008254
0.008522  -0.000679  0.006203
0.011069  0.001304  -0.016897
0.005548  -0.005838  -0.018149
0.003392  -0.012067  0.001684
0.010491  -0.005265  0.030322
0.004578  -0.010998  0.030157
0.004616  -0.011028  0.029691
0.005194  -0.003584  0.003183
0.002417  0.002116  -0.009385
0.009960  -0.004694  0.000036
0.009996  -0.004722  -0.000419
0.011923  -0.003163  -0.012309
0.011958  -0.003191  -0.012757
-0.002852  0.004890  -0.009415
-0.019007  -0.011024  -0.003254
-0.005579  -0.001610  0.003371
0.003499  0.001445  -0.024236
-0.003027  0.010014  -0.010221
-0.000039  0.007026  -0.008935
-0.005916  -0.002901  -0.000761
0.001369  -0.000055  -0.018109
0.014428  -0.005352  -0.017066
0.011374  0.005543  0.002018
-0.003001  0.002858  0.007759
-0.008576  -0.003151  0.024739
-0.008545  -0.003175  0.024323
-0.008968  -0.006744  -0.024436
-0.011424  -0.014829  -0.023081
-0.002442  -0.019518  -0.004131
0.001138  -0.019486  0.001139
0.004925  -0.000611  -0.006789
0.006009  0.007213  -0.007813
0.006038  0.007192  -0.008211
-0.002510  0.001476  -0.025881
0.004004  -0.003029  -0.023931
0.012033  -0.013125  -0.009639
-0.009753  -0.016661  -0.013070
-0.009725  -0.016679  -0.013453
-0.009697  -0.016697  -0.013834
0.006045  -0.000012  0.003206
0.010964  0.000300  -0.000796
0.002244  -0.000926  -0.015299
-0.005443  -0.005548  -0.024722
-0.001096  -0.015079  -0.037221
0.004908  -0.010530  -0.040757
0.006028  -0.002140  -0.000441
-0.003423  -0.000302  0.001080
0.015455  0.006761  0.004725
0.007873  -0.001594  -0.020461
0.004016  -0.016734  -0.018406
0.000423  -0.014008  -0.007479
0.000447  -0.014021  -0.007832
0.015089  0.003477  -0.020638
0.011483  -0.006056  -0.025234
-0.007957  -0.001005  -0.036104
0.002969  -0.005254  -0.039117
0.002404  -0.003295  -0.047345
0.002241  0.001313  -0.028602
0.005055  0.005161  -0.034600
0.015960  -0.008097  -0.018302
0.006699  -0.016488  0.003191
-0.003434  -0.006603  -0.035113
-0.014151  0.007254  -0.040348
-0.014131  0.007244  -0.040669
-0.006121  -0.003021  -0.023871
-0.006101  -0.003031  -0.024187
0.003058  -0.002998  -0.047907
0.006758  -0.011764  -0.035233
0.006778  -0.011773  -0.035541
0.015873  -0.010881  -0.032226
0.013216  -0.008390  -0.025479
-0.000900  0.003482  -0.039128
-0.000882  0.003474  -0.039428
0.006559  -0.012738  -0.019370
0.008315  0.000063  -0.014675
0.008456  0.006043  -0.033917
0.004979  -0.000954  -0.030787
0.004832  -0.009967  -0.019264
0.004848  -0.009974  -0.019552
0.007169  -0.000670  -0.035264
0.007185  -0.000676  -0.035547
-0.005038  -0.010039  -0.017553
-0.006600  0.007113  -0.015092
-0.008743  -0.002624  -0.030846
-0.002602  0.002640  -0.035694
-0.004535  -0.001051  -0.022068
0.006767  -0.000464  -0.011487
0.008959  -0.011654  -0.038482
0.004679  -0.001335  -0.054361
0.011803  0.001462  -0.036778
0.015963  -0.002959  -0.032765
0.015975  -0.002963  -0.033026
0.007522  -0.006648  -0.025241
0.008074  0.005046  -0.003797
0.006963  -0.001244  0.017686
0.005357  -0.003735  -0.013596
0.004891  -0.009636  -0.025714
0.001095  -0.009212  -0.021406
0.008351  -0.004487  -0.023459
0.008361  -0.004490  -0.023710
0.015006  0.000836  -0.024446
0.010796  -0.005099  -0.022488
0.000177  0.000015  -0.012923
0.006089  0.005180  -0.032454
0.006096  0.005178  -0.032698
0.000555  -0.024323  -0.035101
0.001035  -0.016673  -0.038716
0.000555  -0.000503  -0.037936
0.002665  0.005561  -0.019527
-0.003827  0.007915  -0.030084
0.009249  -0.001463  -0.041997
0.017158  -0.017664  -0.019853
0.017165  -0.017665  -0.020080
0.001531  0.004070  -0.026913
0.001792  -0.005795  -0.049143
0.001797  -0.005795  -0.049366
0.012312  -0.005333  -0.052506
0.012317  -0.005332  -0.052726
0.005992  -0.009590  -0.051090
0.006145  0.007731  -0.041381
0.013295  -0.002860  0.001917
-0.009616  -0.009667  -0.026730
-0.009612  -0.009666  -0.026941
-0.008289  -0.009508  -0.019064
-0.002178  -0.001692  -0.030599
-0.002403  -0.002647  -0.044778
0.014521  -0.002403  -0.029785
0.007779  -0.007757  -0.045184
0.007783  -0.007755  -0.045386
0.014976  -0.010168  -0.039593
0.014979  -0.010164  -0.039791
0.013604  -0.011449  -0.032537
0.001530  -0.001438  -0.036132
-0.000713  -0.000833  -0.021214
-0.000218  -0.012153  -0.035354
0.004313  -0.012561  -0.048409
0.005933  -0.000595  -0.030153
0.005933  -0.000590  -0.030341
0.005508  -0.010515  -0.048425
0.004575  -0.007431  -0.055543
0.016398  -0.003186  -0.027369
-0.003094  -0.001683  -0.044069
-0.003095  -0.001677  -0.044248
-0.006636  -0.005716  -0.050620
-0.003346  -0.005361  -0.050770
0.001255  -0.004388  -0.039068
0.010550  -0.008743  -0.040245
0.019239  -0.012282  -0.026219
0.011911  -0.015665  -0.047787
-0.001524  -0.007130  -0.030566
0.003081  -0.004397  -0.036191
0.002144  -0.012608  -0.040729
0.002143  -0.012600  -0.040892
0.002141  -0.012591  -0.041051
0.005604  0.008013  -0.018950
0.005703  -0.001923  -0.031780
0.005701  -0.001915  -0.031937
0.001635  -0.017584  -0.067497
-0.001897  -0.007042  -0.045024
0.001236  -0.006322  -0.036667
0.000060  -0.002928  -0.038897
-0.007865  -0.006381  -0.059218
0.000662  0.004570  -0.041853
0.018108  -0.004375  -0.029896
-0.003216  -0.015411  -0.020934
-0.001918  -0.007719  -0.064342
0.006200  0.003561  -0.049694
0.001490  -0.001971  -0.042240
0.005561  -0.003522  -0.031246
0.012521  -0.013477  -0.068196
0.000441  -0.006454  -0.061870
0.015678  -0.002995  -0.027598
0.006363  -0.000891  -0.022618
-0.004537  0.001957  -0.012506
0.009932  0.001894  -0.020599
0.004525  -0.002368  -0.021815
0.003065  -0.010784  -0.037164
-0.004496  -0.015033  -0.046552
0.006490  -0.010472  -0.032821
0.010796  -0.005459  -0.023743
0.006763  0.003624  -0.031834
0.001036  0.005586  -0.056456
0.007712  -0.001287  -0.072421
-0.003108  0.001894  -0.058331
-0.005853  -0.000235  -0.033654
-0.003768  -0.003097  -0.037086
0.005334  -0.013710  -0.027379
0.015908  -0.011248  -0.048286
0.011224  -0.000279  -0.053061
0.003120  -0.007892  -0.045485
0.009193  -0.004951  -0.040031
0.010823  -0.015496  -0.031147
0.006180  -0.007563  -0.048361
0.001199  -0.001612  -0.039033
0.011950  -0.001696  -0.055772
0.011943  -0.001683  -0.055879
0.006723  -0.006907  -0.017134
-0.007683  -0.015762  -0.051129
0.006175  -0.012492  -0.073212
0.005452  -0.003768  -0.032162
-0.000395  -0.006998  -0.055552
0.002704  -0.000813  -0.055884
0.006646  -0.000162  -0.055120
0.008659  0.001366  -0.052418
0.015530  -0.011890  -0.041116
-0.003981  -0.005270  -0.039121
0.000463  0.003991  -0.051117
0.004583  0.000121  -0.036850
0.004575  0.000134  -0.036940
0.004151  0.006437  -0.047561
-0.000074  -0.005239  -0.047384
-0.004843  0.000831  -0.046149
0.008484  0.003490  -0.043853
0.012184  -0.001921  -0.022351
0.012176  -0.001908  -0.022435
0.013710  -0.003091  -0.010669
0.004859  -0.007353  -0.059000
-0.007109  -0.011814  -0.050920
-0.004900  -0.006774  -0.049895
-0.004909  -0.006760  -0.049975
0.000268  -0.007742  -0.037258
0.000259  -0.007728  -0.037335
-0.003444  -0.003474  -0.050071
0.003534  -0.004194  -0.038058
0.014739  -0.005795  -0.029169
0.006904  -0.005061  -0.028625
-0.000135  -0.001246  -0.041543
0.010918  -0.012471  -0.049873
0.008706  -0.009746  -0.068692
0.011852  -0.000330  -0.062318
0.006556  -0.007352  -0.031635
0.014567  -0.003219  -0.059826
0.013373  -0.003179  -0.059902
0.013362  -0.003164  -0.059968
0.011390  0.000195  -0.065871
-0.009925  -0.001321  -0.043208
-0.009989  -0.004340  -0.065008
-0.004186  -0.005382  -0.047873
-0.002649  -0.007358  -0.042775
0.004193  -0.000062  -0.057830
0.012323  0.003776  -0.062848
-0.002836  0.002802  -0.043265
-0.001029  -0.014585  -0.052094
-0.001039  -0.014570  -0.052148
-0.000660  -0.007515  -0.063453
0.003746  -0.000152  -0.071606
0.003736  -0.000136  -0.071654
0.003793  -0.000986  -0.044581
0.021829  0.002187  -0.059749
0.013786  -0.007831  -0.049139
0.013774  -0.007815  -0.049183
-0.008215  -0.001337  -0.038701
0.012877  0.002016  -0.043756
0.010970  -0.006876  -0.032218
0.001029  -0.003558  -0.052862
0.005100  -0.014906  -0.060174
0.005081  -0.016278  -0.078899
0.008777  -0.002655  -0.044905
0.005882  0.004470  -0.076379
0.014849  -0.000612  -0.066086
0.012430  -0.001397  -0.066146
-0.001210  -0.002857  -0.051371
-0.012492  -0.022723  -0.044922
-0.016780  -0.015563  -0.044948
-0.014350  -0.004717  -0.028844
-0.014361  -0.004700  -0.028874
0.001670  0.002686  -0.041286
0.008476  -0.003877  -0.052977
0.019464  -0.006390  -0.066146
0.013449  -0.004887  -0.062566
0.010367  -0.004307  -0.055267
-0.000009  -0.007959  -0.075640
-0.004522  0.003802  -0.081884
0.003509  -0.001292  -0.068729
0.003272  0.000306  -0.051606
0.007268  -0.009065  -0.033486
0.018306  -0.006013  -0.053616
0.014943  -0.002451  -0.054658
0.004481  -0.004580  -0.061615
0.005879  -0.013602  -0.069281
0.005866  -0.013585  -0.069296
0.003466  -0.012345  -0.044539
-0.001739  -0.010024  -0.055430
0.003980  -0.011042  -0.063625
-0.001855  0.011215  -0.053822
-0.005979  0.004789  -0.042316
0.002086  -0.009226  -0.050643
0.003848  -0.013767  -0.032054
0.010663  0.002576  -0.038090
0.009026  -0.005526  -0.062093
0.011897  -0.003528  -0.054966
-0.002795  -0.001618  -0.043541
-0.003753  -0.003051  -0.038113
0.006614  0.001543  -0.041884
-0.005028  -0.004406  -0.046887
0.001369  -0.012258  -0.050128
0.008898  -0.015849  -0.052767
0.016077  -0.017208  -0.045668
0.008615  0.002057  -0.018874
0.003210  -0.004740  -0.053355
0.006116  -0.001166  -0.041903
0.006354  -0.001303  -0.039263
0.002892  -0.004254  -0.052932
0.011935  -0.000652  -0.064778
0.001175  -0.002916  -0.050776
0.002684  -0.003665  -0.058704
0.000999  0.004931  -0.063508
-0.000262  -0.000935  -0.066000
0.006034  -0.011345  -0.059749
0.002780  -0.005716  -0.065041
0.000878  0.000524  -0.093554
0.008285  -0.000920  -0.056477
0.007787  0.007330  -0.053337
-0.001879  -0.006990  -0.070533
-0.008522  -0.026148  -0.048737
0.009996  -0.007482  -0.056657
0.005211  -0.007111  -0.064478
-0.002503  -0.014427  -0.040179
-0.000438  -0.013384  -0.049948
0.006310  0.001195  -0.039145
0.015841  0.005821  -0.040313
0.000445  -0.011604  -0.056419
0.000432  -0.011585  -0.056406
0.002632  -0.012027  -0.031682
0.002618  -0.012007  -0.031667
0.005873  0.000542  -0.076289
-0.002737  -0.005466  -0.059627
0.002302  -0.005462  -0.081495
0.002289  -0.005442  -0.081478
0.000229  -0.008620  -0.075270
0.000537  -0.003416  -0.042664
0.006537  -0.003044  -0.037900
0.004839  -0.001500  -0.027598
-0.001713  -0.010328  -0.043454
-0.007796  0.003922  -0.048800
-0.000418  0.006567  -0.059222
-0.003671  0.002571  -0.063356
-0.001847  0.000537  -0.044422
-0.001859  0.000556  -0.044400
0.007481  -0.009903  -0.045578
0.003072  -0.002308  -0.044360
0.002743  -0.002801  -0.048467
0.007209  -0.008018  -0.049094
0.003861  -0.003618  -0.054605
0.003230  -0.006664  -0.083599
0.000752  -0.012030  -0.067080
0.006722  -0.002038  -0.038484
0.006710  -0.002019  -0.038459
0.003697  -0.005222  -0.049247
0.003931  -0.008032  -0.067596
0.007192  -0.012519  -0.053795
0.007180  -0.012499  -0.053768
0.002635  0.006990  -0.043107
0.013088  0.012457  -0.047042
0.003075  -0.003007  -0.031439
0.004434  -0.007952  -0.042823
0.001520  0.007286  -0.043510
0.002977  0.004268  -0.042992
0.004718  -0.005482  -0.038182
0.004705  -0.005463  -0.038158
0.007031  0.003437  -0.046728
0.005586  -0.001986  -0.032273
-0.004185  0.002464  -0.029881
0.003323  -0.003618  -0.062573
0.003310  -0.003600  -0.062551
-0.004404  -0.001864  -0.059819
0.002649  0.000157  -0.055886
-0.000718  -0.008212  -0.023982
0.001146  -0.006969  -0.024419
0.004299  0.011331  -0.033347
0.005884  0.015667  -0.033189
-0.009518  -0.004865  -0.042871
-0.004514  -0.008988  -0.040722
-0.000168  0.005876  -0.056256
0.007295  -0.001553  -0.061169
0.002957  -0.002219  -0.030366
-0.003554  -0.006891  -0.046426
-0.003566  -0.006874  -0.046404
0.003592  0.004807  -0.058677
0.003580  0.004824  -0.058655
0.007765  -0.002469  -0.068025
0.006555  -0.011268  -0.044720
0.008170  0.004820  -0.053612
-0.003215  -0.005389  -0.038264
-0.003227  -0.005373  -0.038240
-0.007320  -0.000193  -0.038298
-0.005276  -0.002541  -0.063892
-0.000305  -0.003009  -0.065803
0.003072  0.002979  -0.054754
-0.001690  -0.001140  -0.045772
-0.001700  -0.001124  -0.045747
0.003533  -0.006831  -0.041776
0.010592  -0.000631  -0.050249
-0.000417  0.017555  -0.039743
-0.011268  0.010493  -0.048402
0.000647  0.006883  -0.042746
0.005594  -0.007053  -0.029267
0.005584  -0.007039  -0.029243
-5.211658  -0.296593  -8.195956
-3.584536  -0.235606  -9.045595
-3.051483  -0.211184  -9.231441
-2.443514  -0.172775  -9.373953
-2.001920  -0.146936  -9.500461
-1.590060  -0.126906  -9.586855
-1.252425  -0.118379  -9.649281
-0.991964  -0.097679  -9.677037
-0.764636  -0.087478  -9.675465
-0.617553  -0.069630  -9.692620
-0.483173  -0.053429  -9.687442
-0.482361  -0.053369  -9.683554
-0.214074  -0.062346  -9.682407
-0.172896  -0.051457  -9.686911
-0.143767  -0.041669  -9.670522
-0.093390  -0.042783  -9.669632
-0.073487  -0.049841  -9.683766
-0.027500  -0.038135  -9.683599
-0.007370  -0.035110  -9.660908
0.014252  -0.041917  -9.665866
0.018574  -0.048599  -9.648976
0.033735  -0.057614  -9.627334
0.034617  -0.061116  -9.614964
0.025584  -0.050312  -9.607538
0.026346  -0.050235  -9.599392
0.017880  -0.027931  -9.618393
0.016620  -0.035065  -9.584778
0.034550  -0.028632  -9.581600
0.034919  -0.031630  -9.591398
0.027741  -0.033993  -9.573989
0.029977  -0.024871  -9.561557
0.034302  -0.015097  -9.553951
0.042094  -0.001175  -9.517648
0.056424  0.004199  -9.537908
0.040562  0.000372  -9.521684
0.042231  0.002054  -9.496316
0.042901  0.002132  -9.484697
0.043563  0.002210  -9.472809
0.077237  0.012819  -9.451695
0.063032  0.003332  -9.467669
0.084512  0.007660  -9.461796
0.089434  0.014049  -9.437331
0.105228  0.008154  -9.427637
0.096937  -0.007113  -9.409861
0.085560  -0.000905  -9.375829
0.086805  0.005169  -9.386097
0.098458  -0.003146  -9.371038
0.090569  -0.012158  -9.351097
0.103277  -0.012818  -9.337417
0.103834  -0.012749  -9.322502
0.093450  -0.012158  -9.287616
0.102175  -0.008708  -9.284960
0.108589  -0.002258  -9.273973
0.102132  0.005173  -9.237678
0.090770  -0.004272  -9.240404
0.094764  -0.011976  -9.228188
0.101515  -0.008024  -9.211705
0.111187  -0.001631  -9.184402
0.115540  0.000942  -9.171017
0.109397  -0.001105  -9.159881
0.112639  -0.007797  -9.160177
0.112610  -0.010326  -9.119215
0.113055  -0.010262  -9.101460
0.113591  0.012497  -9.090104
0.120419  0.002433  -9.076324
0.105470  -0.005146  -9.059400
0.111256  -0.001806  -9.035890
0.119150  0.001045  -8.970720
0.117539  -0.011901  -8.986928
0.113061  -0.025535  -8.974914
0.120736  -0.015833  -8.965408
0.110571  -0.007505  -8.917561
0.099418  -0.006452  -8.895153
0.118576  -0.006504  -8.891564
0.118850  -0.005545  -8.865590
0.119192  -0.005484  -8.845419
0.111429  -0.009093  -8.838161
0.123405  -0.004553  -8.808086
0.118343  -0.004224  -8.781340
0.106805  -0.006366  -8.767333
0.109549  -0.009281  -8.739308
0.113537  -0.003819  -8.705578
0.120610  -0.014785  -8.727051
0.124905  -0.014526  -8.699103
0.109828  0.004656  -8.674705
0.119487  -0.017235  -8.624289
0.119748  -0.017177  -8.602380
0.122922  -0.016202  -8.577551
0.123169  -0.016144  -8.555357
0.112184  0.002017  -8.559512
0.121952  -0.005616  -8.554064
0.120792  -0.015376  -8.497820
0.125304  -0.008519  -8.463272
0.127730  -0.005300  -8.466252
0.107094  -0.002447  -8.452046
0.122157  0.004645  -8.416993
0.122007  -0.005665  -8.398308
0.125075  -0.007231  -8.356557
0.122888  0.001878  -8.348429
0.116955  -0.005122  -8.344311
0.130264  -0.004110  -8.304774
0.130425  -0.004056  -8.280913
0.121854  0.002793  -8.245263
0.133483  0.001351  -8.200563
0.108525  0.000872  -8.196846
0.108662  0.000925  -8.172543
0.120861  0.010113  -8.164193
0.121927  0.005791  -8.149829
0.118545  0.007931  -8.104229
0.118658  0.007981  -8.079511
0.129298  -0.008415  -8.045720
0.122398  -0.006883  -8.034342
0.118459  0.009623  -8.028580
0.126433  -0.009056  -8.012203
0.126518  -0.009009  -7.987008
0.101946  0.009289  -7.942874
0.106967  0.015648  -7.902069
0.107036  0.015694  -7.876609
0.115170  -0.001385  -7.860435
0.117099  -0.003204  -7.825700
0.126580  -0.009553  -7.795068
0.123923  -0.019724  -7.783740
0.118480  -0.015752  -7.774864
0.115110  -0.007219  -7.738995
0.107055  -0.000694  -7.696096
0.107084  -0.000649  -7.670010
0.122309  0.003753  -7.660437
0.122329  0.003796  -7.634210
0.121620  0.002018  -7.589576
0.123200  -0.008885  -7.581414
0.135134  -0.010540  -7.536920
0.133323  0.003230  -7.513743
0.132114  -0.001653  -7.488145
0.121340  -0.016339  -7.467597
0.117199  -0.010928  -7.448310
0.127879  0.004881  -7.445407
0.123863  0.002100  -7.390403
0.116061  -0.008950  -7.339181
0.123091  -0.007781  -7.333978
0.128358  -0.000078  -7.313513
0.125442  -0.002573  -7.267195
0.121619  -0.004767  -7.234842
0.116573  -0.008572  -7.220274
0.119814  -0.002753  -7.195459
0.124919  -0.012648  -7.175745
0.119961  -0.003024  -7.153453
0.124583  -0.003815  -7.119494
0.125061  -0.009954  -7.099610
0.127279  -0.006463  -7.054775
0.123387  -0.008453  -7.040582
0.122197  -0.001363  -6.994348
0.119982  -0.006812  -6.955215
0.123377  -0.010454  -6.948617
0.126065  -0.008784  -6.924313
0.125963  -0.008745  -6.896807
0.100621  0.000063  -6.874210
0.103142  -0.007971  -6.832425
0.098552  -0.005505  -6.811563
0.108546  -0.013058  -6.791832
0.110983  0.003607  -6.763484
0.127942  0.004408  -6.743894
0.112401  -0.000278  -6.681615
0.129209  -0.006644  -6.658933
0.129076  -0.006607  -6.631230
0.104069  0.002829  -6.612344
0.113860  0.001944  -6.586944
0.113717  0.001980  -6.559198
0.113571  0.002016  -6.531441
0.116904  0.001951  -6.524650
0.122002  0.002610  -6.492455
0.124160  0.004228  -6.441968
0.130251  0.008042  -6.406596
0.129861  0.008730  -6.380589
0.117948  -0.004669  -6.364579
0.107518  -0.005700  -6.339209
0.114566  -0.015513  -6.298733
0.110282  -0.010836  -6.278800
0.120907  -0.008097  -6.268521
0.119003  0.004943  -6.233641
0.118818  0.004976  -6.205830
0.113440  0.002892  -6.189494
0.116621  -0.007009  -6.152803
0.119981  -0.008219  -6.129188
0.124203  -0.001921  -6.100616
0.101149  -0.003016  -6.066489
0.113599  -0.003912  -6.062151
0.119695  0.004029  -6.031173
0.119487  0.004060  -6.003409
0.120994  0.003477  -5.952209
0.120876  0.008709  -5.944721
0.122404  -0.003570  -5.882909
0.117920  -0.009321  -5.861058
0.117698  -0.009291  -5.833361
0.123840  -0.005596  -5.813651
0.103793  -0.017245  -5.792684
0.112203  -0.015209  -5.771499
0.123857  -0.008263  -5.730528
0.112042  -0.006414  -5.694386
0.103574  -0.003483  -5.677768
0.102123  -0.002243  -5.645071
0.101882  -0.002213  -5.617529
0.121983  -0.005962  -5.574942
0.122261  -0.001524  -5.588286
0.119871  0.011947  -5.522441
0.119620  0.011976  -5.494999
0.086760  0.000828  -5.481755
0.092059  0.006196  -5.442758
0.091804  0.006223  -5.415400
0.095972  0.008685  -5.386089
0.108361  0.008663  -5.341228
0.106165  -0.000431  -5.349662
0.119649  0.000801  -5.322218
0.117072  0.004564  -5.292317
0.109224  -0.004491  -5.277021
0.099485  -0.002826  -5.241144
0.105224  -0.000732  -5.193375
0.116331  0.006200  -5.161297
0.116056  0.006224  -5.134270
0.107269  -0.002159  -5.143926
0.092735  0.001834  -5.089754
0.102739  0.002501  -5.083115
0.118466  0.003277  -5.065778
0.113578  0.004259  -5.042416
0.107591  -0.008348  -4.987951
0.100081  0.001528  -4.972068
0.092863  -0.011823  -4.966928
0.094122  -0.003438  -4.946599
0.113814  0.003174  -4.906176
0.108512  0.004721  -4.875058
0.103722  -0.000626  -4.777999
0.103426  -0.000604  -4.751509
0.101676  0.004070  -4.790630
0.108656  -0.007391  -4.775796
0.110124  -0.012280  -4.748127
0.093903  -0.010049  -4.719645
0.105180  -0.007436  -4.673937
0.105557  0.002908  -4.642947
0.102003  -0.007829  -4.611030
0.118783  -0.015359  -4.597134
0.105438  -0.002685  -4.575541
0.101177  0.011646  -4.551796
0.094600  0.013940  -4.524439
0.110167  0.000428  -4.463722
0.109853  0.000448  -4.437881
0.104676  -0.002512  -4.410462
0.095785  -0.000769  -4.424147
0.110517  -0.002308  -4.391884
0.099597  0.013719  -4.356043
0.105635  0.000412  -4.322950
0.102858  0.001482  -4.290615
0.109317  0.000434  -4.279589
0.111634  0.009252  -4.257142
0.112857  -0.007847  -4.236310
0.100578  -0.000931  -4.196720
0.087679  0.004286  -4.184049
0.079575  -0.003559  -4.166560
0.079246  -0.003541  -4.141464
0.098587  0.006215  -4.126175
0.094230  -0.000317  -4.079766
0.096766  -0.004306  -4.048121
0.107317  0.002820  -4.048922
0.097599  0.009022  -4.020764
0.104725  -0.000374  -3.996895
0.101244  0.003851  -3.963881
0.081585  0.004466  -3.952788
0.087692  -0.001674  -3.909418
0.093185  0.003982  -3.885900
0.090407  0.003389  -3.875833
0.103709  -0.000129  -3.842103
0.102355  -0.006640  -3.832427
0.100563  -0.009063  -3.797513
0.093641  -0.008754  -3.762627
0.088626  -0.001794  -3.743050
0.092539  0.005349  -3.693303
0.085611  0.010399  -3.667367
0.077509  0.000316  -3.636624
0.084167  0.005806  -3.620518
0.087230  0.008161  -3.600534
0.079983  0.016186  -3.593282
0.071967  -0.007096  -3.564563
0.082898  -0.005449  -3.565184
0.093184  0.002870  -3.516812
0.092839  0.002882  -3.493414
0.098056  0.001055  -3.453106
0.099439  0.000028  -3.461504
0.094001  0.002081  -3.475554
0.088377  -0.005464  -3.425977
0.089245  -0.002846  -3.365124
0.089437  0.005953  -3.368252
0.091296  -0.000085  -3.338881
0.078752  -0.004850  -3.285522
0.084597  -0.002018  -3.278705
0.094617  0.010608  -3.271112
0.088455  0.014441  -3.247180
0.083750  0.004727  -3.242695
0.083399  0.004737  -3.220230
0.081546  -0.004790  -3.162889
0.074477  0.010440  -3.141129
0.077031  0.006103  -3.147439
0.079292  -0.002352  -3.109996
0.082562  -0.005084  -3.075562
0.081959  -0.012113  -3.066703
0.077805  -0.003851  -3.057599
0.088302  0.012323  -3.018106
0.074296  0.009424  -3.021251
0.070009  -0.012315  -3.006401
0.082287  -0.009223  -2.951775
0.067510  -0.004542  -2.913914
0.072179  -0.004846  -2.904678
0.071829  -0.004837  -2.883271
0.077012  -0.007911  -2.876624
0.073734  0.001245  -2.859970
0.091181  -0.004896  -2.843082
0.083169  0.000560  -2.807039
0.072229  0.008521  -2.770792
0.068050  0.009237  -2.757365
0.067700  0.009246  -2.736499
0.080925  0.000931  -2.709910
0.080312  0.002467  -2.706500
0.076876  0.003832  -2.689500
0.080415  0.003111  -2.663611
0.080065  0.003119  -2.643135
0.079535  0.001399  -2.636571
0.078426  0.006110  -2.596235
0.066238  0.005876  -2.596547
0.083211  0.000392  -2.591749
0.077710  0.007420  -2.560524
0.065346  0.000922  -2.536039
0.069794  0.004179  -2.506764
0.075578  -0.003775  -2.477768
0.070945  -0.000196  -2.458166
0.069259  0.002684  -2.426353
0.072789  0.004182  -2.414683
0.076631  0.009320  -2.392210
0.076284  0.009326  -2.372759
0.043358  0.000388  -2.355708
0.056995  0.007368  -2.347363
0.061783  0.013032  -2.325324
0.070169  0.010840  -2.311905
0.075166  0.007464  -2.299462
0.061394  0.010894  -2.299551
0.055742  0.007467  -2.248893
0.066093  -0.000168  -2.232222
0.079833  0.005058  -2.207290
0.071337  0.008665  -2.227727
0.070391  0.004005  -2.208536
0.058180  0.001679  -2.182287
0.057839  0.001681  -2.163868
0.063295  -0.005808  -2.125772
0.074890  -0.009486  -2.111473
0.072604  -0.002684  -2.088945
0.077061  0.005993  -2.062249
0.071111  0.008326  -2.050451
0.065867  0.009840  -2.053497
0.057994  0.005349  -2.025231
0.073104  0.002410  -1.997832
0.065040  0.003299  -1.989787
0.062357  0.004586  -1.961687
0.066423  -0.007261  -1.943122
0.064869  -0.003162  -1.928338
0.064532  -0.003161  -1.910953
0.047142  0.005343  -1.900611
0.042390  0.021580  -1.879306
0.063432  0.002335  -1.861655
0.056907  0.004089  -1.873099
0.050878  -0.002597  -1.829863
0.062363  -0.000639  -1.812944
0.049806  0.007296  -1.790477
0.054705  0.007415  -1.768026
0.062352  0.006060  -1.758234
0.070728  -0.008693  -1.732856
0.052010  -0.002261  -1.732906
0.059561  0.003739  -1.730759
0.059234  0.003738  -1.714404
0.058759  0.000884  -1.692607
0.058679  -0.003959  -1.663429
0.056735  -0.005088  -1.642236
0.063972  -0.003252  -1.601167
0.062359  -0.005586  -1.605607
0.053124  -0.005198  -1.617519
0.050039  0.007871  -1.565777
0.057829  0.007132  -1.560661
0.063346  0.000356  -1.543955
0.063024  0.000356  -1.528390
0.035433  0.004741  -1.491181
0.034281  0.005277  -1.493782
0.033963  0.005276  -1.478453
0.046785  -0.013448  -1.456474
0.047141  -0.012710  -1.454486
0.045884  0.000784  -1.442764
0.047975  -0.001528  -1.400420
0.055759  0.006426  -1.402590
0.057583  0.001576  -1.411126
0.049760  0.013235  -1.398191
0.033718  -0.004775  -1.359917
0.047928  -0.003689  -1.354499
0.041811  -0.014705  -1.315301
0.053806  -0.003936  -1.327859
0.053499  -0.003936  -1.313465
0.055329  -0.001961  -1.292024
0.049790  -0.016463  -1.285823
0.042415  -0.006518  -1.274869
0.061228  -0.009500  -1.229847
0.057824  -0.011508  -1.231428
0.029103  -0.007554  -1.244180
0.045804  0.004078  -1.226991
0.057378  0.007420  -1.186731
0.045476  0.003978  -1.188820
0.046283  0.012238  -1.179591
0.048889  0.004885  -1.181120
0.044479  0.003579  -1.143249
0.044181  0.003579  -1.129845
0.047875  0.005064  -1.135946
0.042801  0.004776  -1.092166
0.036013  -0.002180  -1.096080
0.052815  0.003348  -1.092536
0.051343  0.006837  -1.074825
0.046877  -0.005091  -1.042358
0.037239  -0.016537  -1.052305
0.042472  -0.000982  -1.041230
0.036039  0.000284  -1.016001
0.032811  0.003033  -0.990759
0.041406  -0.000102  -0.985772
0.040443  -0.005529  -0.955920
0.040158  -0.005528  -0.943484
0.028630  -0.003116  -0.945132
0.037411  0.004243  -0.941573
0.037516  -0.004147  -0.921729
0.039485  0.000036  -0.910686
0.033981  0.016640  -0.869101
0.039996  -0.004146  -0.871429
0.044428  -0.005599  -0.876161
0.040930  -0.014649  -0.853065
0.040654  -0.014647  -0.841290
0.030640  0.011110  -0.828496
0.022892  0.004827  -0.808787
0.026078  0.000982  -0.825080
0.025807  0.000983  -0.813594
0.029776  0.010984  -0.792756
0.037705  0.008362  -0.772252
0.041417  0.003135  -0.757799
0.032043  -0.000231  -0.749951
0.032909  -0.001027  -0.747728
0.039256  0.002523  -0.719500
0.030119  0.007616  -0.719739
0.033088  -0.000501  -0.725071
0.038877  -0.002579  -0.694415
0.041476  -0.005085  -0.693120
0.033265  -0.009145  -0.701860
0.029994  -0.003564  -0.669430
0.029736  -0.003563  -0.658859
0.038883  -0.001575  -0.631589
0.049808  0.012627  -0.633730
0.041714  0.001762  -0.637189
0.019210  -0.004650  -0.629848
0.040601  -0.007895  -0.585775
0.039426  -0.001240  -0.597743
0.041042  -0.007834  -0.602345
0.035810  -0.011256  -0.579210
0.025784  -0.000418  -0.570777
0.027463  -0.003945  -0.587184
0.027695  -0.002377  -0.571342
0.035433  -0.003735  -0.550850
0.035186  -0.003733  -0.541157
0.036277  -0.004693  -0.528666
0.017843  0.000254  -0.523255
0.023645  0.001462  -0.507538
0.026373  0.010075  -0.485713
0.019965  -0.009732  -0.485642
0.026131  -0.011432  -0.477052
0.037511  -0.012157  -0.451062
0.033062  -0.004649  -0.452998
0.036483  -0.001626  -0.439635
0.035791  0.002523  -0.447468
0.015221  -0.001421  -0.440901
0.024757  -0.001531  -0.423233
0.024523  -0.001528  -0.414382
0.024434  0.003962  -0.417719
0.030327  0.012485  -0.409785
0.021659  0.006735  -0.388068
0.026487  -0.005204  -0.362360
0.035892  -0.007931  -0.354140
0.032823  0.006244  -0.350580
0.030588  0.009322  -0.368505
0.020880  -0.002382  -0.349513
0.014829  -0.000870  -0.358297
0.018529  -0.002606  -0.338037
0.018307  -0.002604  -0.329874
0.022951  0.003563  -0.318457
0.022731  0.003565  -0.310414
0.028824  0.001279  -0.288832
0.032313  0.001362  -0.282518
0.031581  -0.000147  -0.266415
0.044055  0.003403  -0.275113
0.031061  0.001991  -0.285143
0.025672  0.008728  -0.258492
0.021266  0.003206  -0.224406
0.018201  0.013396  -0.253422
0.026166  0.011531  -0.272794
0.030304  0.015902  -0.242447
0.027643  -0.011193  -0.193506
0.024898  -0.006849  -0.212284
0.024688  -0.006849  -0.205012
0.022162  0.003079  -0.197881
0.025176  0.006896  -0.213491
0.028214  -0.002089  -0.182647
0.029144  -0.001631  -0.149237
0.021963  -0.004146  -0.157596
0.016073  0.000777  -0.183228
0.018784  -0.003692  -0.176950
0.026921  0.000953  -0.148362
0.025767  0.007953  -0.124022
0.016824  0.004966  -0.127782
0.026146  0.008210  -0.139104
0.025844  -0.004376  -0.124109
0.023829  0.010976  -0.100845
0.027629  0.011719  -0.128454
0.012037  0.008454  -0.119497
0.015498  -0.000052  -0.094603
0.030849  0.014595  -0.093937
0.037251  0.004209  -0.048869
0.033196  0.005178  -0.045557
0.032014  0.008638  -0.051566
0.016366  -0.008880  -0.046676
0.003956  -0.015877  -0.062975
0.013648  0.004912  -0.038875
0.009510  0.012632  -0.030896
0.015607  0.008653  -0.024699
0.015421  0.008650  -0.018857
0.025343  0.006666  -0.018107
0.032548  -0.002825  -0.018691
0.020249  0.016429  -0.017425
0.032832  0.005862  -0.009580
0.024161  -0.014362  -0.008551
0.004426  -0.014926  -0.004637
0.005123  -0.004616  0.010092
0.012613  -0.000767  0.020540
0.006863  0.006222  -0.001225
0.013250  0.000148  0.023010
0.010455  -0.003703  0.056812
0.026402  0.002094  0.047071
0.026228  0.002091  0.052255
0.026053  -0.007641  0.052908
0.030539  -0.001154  0.059071
0.010235  0.002971  0.034749
0.003513  0.017257  0.042856
-0.000205  0.000527  0.074511
0.001535  0.000068  0.074661
0.009331  -0.006649  0.040579
0.018240  -0.000132  0.076744
0.018075  -0.000134  0.081493
0.018375  0.008272  0.070094
0.030061  0.002878  0.086435
0.029796  0.000262  0.100241
0.000581  0.004228  0.090264
0.000419  0.004225  0.094783
0.009393  0.003833  0.104105
0.012714  0.002034  0.098540
0.031615  -0.001424  0.115844
0.030612  -0.005748  0.145506
0.009100  0.001504  0.133997
0.015801  0.003517  0.138365
0.022046  -0.007755  0.146168
0.031826  -0.007091  0.156503
0.010739  0.000041  0.155331
0.011736  0.010679  0.142536
0.009379  -0.003101  0.141794
0.009265  0.002412  0.151767
0.008795  0.004997  0.165966
0.005084  -0.008193  0.173679
0.002306  -0.013108  0.166117
0.014202  -0.002977  0.163255
0.005328  0.002770  0.181352
0.000393  0.003380  0.170608
0.018519  0.004049  0.159859
0.018413  0.000186  0.178782
0.001936  0.001864  0.199306
0.009608  0.011875  0.164291
0.018259  0.002994  0.193475
0.017571  0.004236  0.214115
0.010774  0.008457  0.228967
0.010634  0.008453  0.232371
0.012325  0.004945  0.203642
0.021067  -0.013680  0.217388
0.006674  -0.001731  0.211289
-0.003872  0.003734  0.216558
0.002302  -0.015814  0.229411
0.003103  -0.007271  0.207330
0.014844  -0.001509  0.228050
0.016210  0.006926  0.219942
0.002648  0.002094  0.253386
0.010724  0.001728  0.268115
0.015304  -0.008031  0.251467
0.011667  0.002518  0.237077
0.011538  0.002516  0.239980
-0.011327  0.001658  0.254627
-0.011519  0.010116  0.246062
-0.002005  0.009648  0.251192
-0.002130  0.009645  0.253951
0.011612  0.003728  0.256892
0.005865  0.003234  0.259729
-0.003335  -0.005529  0.270409
0.001590  -0.000300  0.285778
0.003471  -0.004433  0.279722
-0.006221  0.001839  0.252020
-0.000856  0.001418  0.257462
0.009441  0.011260  0.267592
0.009325  0.011256  0.270037
0.006084  0.009927  0.264715
0.021114  -0.024279  0.284652
0.026576  -0.015217  0.324690
0.019648  -0.011553  0.305482
0.014573  -0.012233  0.296046
0.013024  -0.006936  0.289592
-0.001422  0.004762  0.317043
0.005509  -0.005268  0.314643
0.005398  -0.005270  0.316782
0.004577  0.002139  0.291743
-0.010359  0.002481  0.301250
0.001317  0.005468  0.315725
0.001210  0.005466  0.317738
0.014091  0.011783  0.312206
0.002793  0.002224  0.344376
0.005053  -0.004922  0.344782
0.001273  0.001479  0.319333
-0.008267  0.006270  0.311998
-0.009343  -0.009794  0.307867
0.004078  -0.011347  0.352798
-0.001175  -0.012646  0.332994
0.009238  0.001656  0.326674
0.003063  0.004202  0.335158
0.000043  0.003646  0.317457
0.004197  -0.007775  0.330815
0.004101  -0.007777  0.332435
0.018397  -0.007556  0.309527
-0.004739  0.011971  0.334319
-0.001533  0.003476  0.334702
0.002414  0.001264  0.340983
0.005051  -0.000019  0.366975
0.002867  0.007811  0.331272
-0.012691  0.001526  0.356123
-0.004663  -0.010661  0.347576
0.003215  -0.000826  0.366267
0.000080  0.003986  0.369939
-0.000235  0.009975  0.370083
-0.004195  0.001125  0.364386
-0.004281  0.001124  0.365639
0.002970  -0.001868  0.340894
0.012559  -0.002859  0.356358
-0.010740  0.009324  0.334997
-0.010823  0.009323  0.336146
0.007408  0.006422  0.346611
0.004638  0.006142  0.340182
0.005192  0.008162  0.346721
0.001277  -0.002904  0.362567
0.003595  -0.004577  0.366373
0.003682  -0.003794  0.345811
-0.005388  -0.006566  0.339199
-0.006257  0.006094  0.345266
-0.006334  0.006092  0.346193
0.006953  -0.010063  0.406144
0.008122  0.003144  0.377801
0.002845  -0.005566  0.358720
0.004915  0.002800  0.349328
-0.007231  0.005309  0.354406
-0.006471  -0.008112  0.376360
0.001703  -0.000463  0.368085
0.003600  0.001977  0.391127
0.006444  0.016398  0.382289
-0.004119  0.005483  0.352669
-0.007560  0.003195  0.371453
-0.000739  0.003500  0.375988
-0.000807  0.003497  0.376616
0.012628  -0.001746  0.365939
-0.018146  0.002638  0.380968
0.001804  0.002366  0.357506
0.013907  0.005169  0.381008
0.002195  0.003873  0.381723
-0.015233  0.002640  0.365865
-0.000457  0.003580  0.400868
-0.003703  0.003840  0.386838
-0.005434  0.000992  0.388369
-0.010051  -0.000489  0.381434
-0.002397  -0.005984  0.377146
-0.002667  0.003067  0.390022
-0.002726  0.003064  0.390377
-0.002785  0.003060  0.390712
0.009580  -0.009341  0.382249
0.013072  -0.005227  0.378229
0.005109  -0.002509  0.372384
0.002402  0.000755  0.378575
-0.000773  0.001324  0.377752
0.005191  -0.001534  0.363572
0.013370  0.007045  0.372743
-0.012067  0.008700  0.403037
-0.009163  0.002050  0.420382
-0.002860  0.003087  0.391571
0.001690  0.002340  0.394230
0.001636  0.002337  0.394339
0.006313  -0.001934  0.359869
0.016931  -0.005768  0.390058
0.001578  -0.000696  0.384878
-0.015973  0.005860  0.387825
-0.009766  -0.002605  0.363172
-0.013490  0.002039  0.378628
0.003007  0.002228  0.387349
-0.001267  -0.005595  0.390398
0.001306  -0.009696  0.402225
0.001300  0.004894  0.425639
-0.005765  0.000299  0.410162
-0.001539  0.000066  0.392300
-0.001586  0.000063  0.392192
-0.007562  -0.005087  0.383427
-0.008474  -0.007562  0.387241
-0.020326  -0.012809  0.384225
-0.002148  -0.012198  0.383081
-0.000007  -0.003536  0.377629
-0.001323  -0.004683  0.413951
0.001113  -0.001248  0.395184
0.006548  -0.005562  0.387138
-0.001296  0.001832  0.393717
-0.010519  0.002102  0.405686
-0.007741  0.002731  0.385324
-0.005101  -0.006334  0.411163
-0.005141  -0.006335  0.410859
-0.024024  -0.001183  0.393790
-0.035094  -0.001848  0.392140
-0.014455  0.002967  0.400184
-0.010941  0.017616  0.366041
-0.018208  0.022698  0.364788
-0.000802  0.005328  0.394342
-0.005609  -0.005366  0.394203
0.000008  -0.010151  0.367642
0.003049  -0.004039  0.360516
-0.007260  -0.011164  0.379554
-0.010395  0.000232  0.371297
-0.010426  0.000231  0.370831
-0.015462  0.001206  0.382510
0.007492  0.006230  0.384848
0.003333  0.003426  0.372215
0.009730  -0.006110  0.396046
-0.001068  0.008482  0.364839
-0.001985  -0.000571  0.371060
0.002987  0.001974  0.365555
-0.020714  0.008712  0.357653
-0.008276  0.003047  0.368916
-0.000832  -0.000389  0.374898
-0.002807  -0.005938  0.373655
-0.014710  0.012735  0.378506
-0.015060  0.010969  0.368576
-0.015085  0.010966  0.367953
-0.002370  0.005623  0.377223
0.004181  -0.005039  0.374568
0.002703  0.010083  0.388663
-0.005174  0.004318  0.388698
0.001275  0.002800  0.402533
-0.007609  0.002827  0.392946
-0.004108  0.008317  0.378736
0.002725  0.000256  0.356620
-0.002830  -0.005547  0.379571
-0.000414  0.000266  0.379642
0.009210  0.006157  0.361923
0.005612  0.002589  0.386757
0.005591  0.002585  0.385997
0.010478  -0.001927  0.379867
-0.000983  -0.004436  0.350121
0.001138  0.001585  0.343214
-0.005929  0.007086  0.356853
-0.006651  -0.002132  0.356082
-0.007286  -0.002153  0.351149
-0.002865  0.004265  0.339006
-0.002313  0.003848  0.353872
-0.006517  0.002931  0.369200
0.006053  -0.001291  0.350247
-0.024655  0.006254  0.365390
-0.027975  0.008372  0.353694
-0.021667  0.005023  0.350361
-0.001921  -0.003667  0.355645
0.004913  0.008450  0.349744
-0.003956  0.008916  0.337177
0.004717  -0.002828  0.362411
-0.002886  0.002608  0.366534
0.003492  -0.003693  0.376189
0.003657  -0.000159  0.364296
-0.010883  0.009879  0.371595
-0.004726  -0.004615  0.330575
-0.004977  -0.002281  0.347077
-0.003982  0.002997  0.358871
-0.010697  0.010307  0.337703
-0.010710  0.010302  0.336736
-0.006245  0.000474  0.333395
-0.004262  0.011662  0.339187
0.002356  0.008424  0.324884
0.000371  0.009680  0.316829
-0.018026  -0.007100  0.306558
-0.016279  -0.001249  0.297041
-0.005838  -0.002826  0.313529
-0.003552  0.014701  0.334743
-0.010260  0.008487  0.343916
-0.005628  0.007475  0.315347
-0.007345  0.007423  0.316052
0.006869  -0.005709  0.342451
0.006861  -0.005716  0.341412
-0.002120  0.003030  0.335585
-0.008842  -0.003921  0.301506
-0.003765  -0.002113  0.317995
-0.008186  0.000903  0.334162
-0.009707  -0.003835  0.324056
-0.003082  -0.007763  0.306997
-0.009828  -0.005635  0.324268
-0.002764  0.002031  0.313525
0.009026  -0.000334  0.309011
-0.002074  0.004971  0.313685
-0.006794  -0.003691  0.324530
-0.010016  -0.005109  0.312240
-0.006695  -0.005873  0.301942
-0.006700  -0.005878  0.300837
-0.014083  0.003332  0.306656
-0.002545  0.006318  0.316355
0.008785  0.003634  0.314813
0.003912  -0.012569  0.291575
0.003908  -0.012574  0.290451
-0.003877  0.002644  0.311051
0.001426  -0.007705  0.317556
-0.009587  -0.000560  0.296688
-0.009967  -0.000091  0.297989
0.002893  -0.002890  0.312500
-0.002534  -0.000638  0.298862
-0.015180  0.012405  0.289962
-0.002997  0.002126  0.299096
-0.007599  0.016002  0.294472
-0.002532  0.012739  0.290149
0.009120  0.017060  0.283693
0.005344  0.009664  0.295753
-0.029361  -0.004606  0.264075
-0.010615  -0.001805  0.279183
-0.005208  0.005719  0.295985
-0.010000  -0.001790  0.293605
-0.021379  -0.002698  0.309381
-0.006283  0.004851  0.304273
0.005337  0.002907  0.268147
-0.006367  -0.006924  0.249015
-0.006366  -0.006929  0.247832
0.011184  0.006188  0.278627
0.004626  0.014461  0.278122
0.000686  0.005475  0.262034
0.002266  -0.014969  0.264315
-0.000404  -0.011695  0.262396
0.000065  -0.010246  0.309361
0.002810  0.011188  0.294125
-0.005908  0.006062  0.279352
-0.004463  -0.000382  0.267968
-0.004693  0.002089  0.255198
-0.002208  -0.000995  0.252580
-0.002207  -0.001000  0.251377
-0.028559  -0.000022  0.265686
-0.031054  0.021026  0.248984
-0.029187  0.011199  0.273503
-0.018497  -0.003845  0.279928
-0.008533  -0.013877  0.257966
-0.006407  -0.002603  0.265001
-0.002075  0.000727  0.263089
-0.002183  -0.009392  0.251640
-0.000334  0.002036  0.267339
-0.012297  0.009272  0.262487
-0.015485  -0.004494  0.259795
-0.013569  -0.005672  0.268155
-0.017064  0.004539  0.263791
-0.017056  0.004535  0.262569
0.000281  0.003540  0.256482
0.003496  -0.000593  0.250934
-0.001569  -0.001257  0.243827
-0.012529  -0.014729  0.257981
-0.011660  -0.012868  0.238274
-0.011246  0.006245  0.245544
-0.007990  0.013209  0.251206
0.000617  0.008441  0.230644
-0.001033  0.019535  0.258216
-0.001024  0.001975  0.233983
-0.012759  -0.007009  0.213315
-0.011386  -0.004137  0.220290
-0.011375  -0.004142  0.219066
-0.002238  0.006151  0.250708
0.001126  -0.011954  0.221492
-0.001681  -0.004803  0.228595
-0.004654  0.002762  0.246820
-0.012828  -0.004437  0.253881
-0.011410  0.005499  0.240636
0.004265  -0.007447  0.227612
0.009171  -0.003650  0.226093
-0.004655  0.006586  0.241646
-0.012057  0.005793  0.221671
-0.016137  -0.006746  0.233059
-0.010414  -0.006648  0.215595
-0.010402  -0.006652  0.214373
-0.011592  0.011591  0.218660
-0.009161  0.009273  0.207955
-0.016767  0.006811  0.223400
-0.011717  -0.000411  0.222168
-0.007575  -0.004926  0.225312
-0.005356  -0.001861  0.203401
-0.002494  0.012771  0.233936
-0.002374  -0.010793  0.222458
0.002807  -0.006333  0.205944
-0.016398  0.001457  0.209509
-0.008081  0.006534  0.210800
-0.006117  0.003612  0.215190
-0.002859  0.004715  0.217993
-0.002844  0.004711  0.216781
-0.007139  0.007146  0.194823
-0.003578  0.005060  0.208638
-0.010778  -0.004497  0.197672
-0.006577  -0.000825  0.171582
-0.008806  0.001109  0.187902
-0.009441  0.000675  0.187147
-0.002234  -0.004007  0.174689
0.001088  0.002174  0.185192
0.008736  -0.009589  0.199059
0.002263  -0.010214  0.196691
-0.000526  -0.001219  0.193021
-0.000511  -0.001222  0.191829
-0.000497  -0.001226  0.190638
0.002000  -0.004044  0.186989
-0.004744  -0.000743  0.169806
-0.023196  0.002218  0.184134
-0.020299  -0.000492  0.170546
-0.020283  -0.000495  0.169366
-0.001940  0.002014  0.167810
0.003877  -0.013668  0.179909
-0.002500  -0.009622  0.185487
-0.006802  -0.002862  0.154221
-0.003386  0.003253  0.185231
0.004805  0.002218  0.174974
0.004821  0.002216  0.173806
0.004999  -0.003266  0.176766
-0.011422  -0.001668  0.164493
-0.004566  -0.002167  0.171522
-0.015437  0.010233  0.149763
-0.010024  -0.000547  0.168059
-0.006468  0.002744  0.143695
-0.005010  -0.000104  0.160130
-0.002937  0.000298  0.163425
-0.009629  0.004699  0.154338
0.002514  -0.000962  0.171745
-0.004791  -0.005779  0.184395
-0.004678  0.001319  0.147968
-0.004661  0.001317  0.146832
0.003536  0.001463  0.137984
-0.004424  -0.006648  0.163031
-0.012829  -0.007803  0.156871
-0.000763  -0.003027  0.157997
-0.011412  -0.000055  0.166657
-0.003748  0.000439  0.145973
-0.003730  0.000438  0.144855
-0.023053  0.008725  0.134220
-0.022337  0.004824  0.133392
-0.020607  0.001632  0.156584
-0.015011  -0.005099  0.179154
-0.014588  -0.000710  0.148975
-0.014567  -0.000712  0.147873
-0.006881  0.002129  0.153271
0.001278  -0.009586  0.147369
0.006910  0.000884  0.124443
-0.000962  0.011436  0.129696
-0.000877  0.014456  0.121499
0.001154  -0.012354  0.113970
-0.006908  -0.016079  0.131063
0.002764  -0.008786  0.121188
-0.008645  0.001430  0.132333
0.001314  0.000052  0.147297
-0.003885  -0.007330  0.140104
0.002995  -0.000974  0.111944
0.003015  -0.000974  0.110879
-0.003488  0.014179  0.134727
-0.010856  -0.000801  0.131331
0.004319  0.005325  0.133592
-0.003992  0.002069  0.134847
-0.012298  0.007874  0.115101
-0.013695  -0.001045  0.127608
0.004123  -0.004474  0.123561
0.008201  -0.003653  0.141099
0.004054  0.004020  0.144624
0.007172  -0.006171  0.137539
0.002685  -0.014070  0.113843
-0.000393  0.006419  0.119245
-0.000375  0.006418  0.118216
-0.010941  0.007833  0.102529
-0.011355  0.005528  0.103899
-0.009630  0.002962  0.099619
-0.000244  0.008915  0.098766
-0.003122  0.011740  0.108181
-0.002910  0.010268  0.118510
0.001657  0.014266  0.103943
0.001255  0.004970  0.102333
-0.011739  -0.006677  0.118357
-0.008980  -0.000594  0.107503
-0.006298  0.006597  0.106972
-0.007185  0.004344  0.107667
-0.007167  0.004340  0.106680
0.000344  0.005610  0.100523
-0.001549  -0.003497  0.127885
-0.005239  0.002927  0.106170
0.006129  0.009399  0.089796
0.001048  0.003725  0.075493
-0.012985  -0.006874  0.121765
-0.013973  0.002057  0.124948
-0.001699  -0.008104  0.107463
-0.001729  -0.002269  0.090599
-0.000937  0.002893  0.112819
-0.004701  0.002185  0.102579
-0.005187  -0.011325  0.112597
-0.005168  -0.011328  0.111650
0.005731  0.000482  0.099844
-0.004663  0.001036  0.103098
-0.013142  0.012406  0.082279
-0.008629  0.000489  0.083693
-0.007876  0.002799  0.087774
-0.013954  0.004647  0.115396
