1.066572  0.472291  0.459876
1.066656  0.476108  0.463983
1.066672  0.475817  0.468124
1.066963  0.479860  0.471857
1.066918  0.476791  0.475979
1.066674  0.474836  0.480132
1.066868  0.476066  0.483873
1.066632  0.475576  0.487980
1.066537  0.484182  0.492137
1.049724  0.508765  0.497712
1.050358  0.508534  0.503908
1.066751  0.479915  0.508036
1.066348  0.478038  0.511783
1.066521  0.483556  0.515905
1.066804  0.482977  0.520006
1.066811  0.475306  0.524094
1.067249  0.483483  0.529648
1.066332  0.483912  0.535763
1.066666  0.480765  0.541884
1.066861  0.473699  0.548009
1.067090  0.474734  0.553524
1.066295  0.467591  0.559637
1.067349  0.478542  0.565758
1.066493  0.469329  0.571929
1.067396  0.472338  0.578048
1.067110  0.472211  0.583581
1.067131  0.479505  0.589734
1.067585  0.475330  0.595916
1.090674  0.522799  0.602078
1.090297  0.523069  0.607638
1.067492  0.465563  0.613813
1.031553  0.416296  0.619983
1.030990  0.416030  0.625477
1.067670  0.469156  0.631645
1.068189  0.478861  0.637835
1.067645  0.463166  0.644001
1.068789  0.473186  0.649593
1.068724  0.472246  0.655806
1.068892  0.467275  0.661980
1.070139  0.473585  0.667491
1.050651  0.509844  0.673724
1.052057  0.510853  0.679913
1.051775  0.511135  0.686128
1.072341  0.478359  0.691686
1.071563  0.478199  0.697806
1.072940  0.469986  0.703960
1.074551  0.498559  0.709460
1.095772  0.529980  0.715563
1.097063  0.530579  0.721694
1.076195  0.467928  0.727843
1.058239  0.515778  0.733980
1.058612  0.516525  0.739566
1.060488  0.518147  0.745723
1.081368  0.484268  0.751874
1.102246  0.536124  0.758022
1.102747  0.536110  0.763572
1.083649  0.483625  0.769740
1.084829  0.506486  0.775901
1.088378  0.492764  0.782065
1.088512  0.488919  0.787614
1.069182  0.525033  0.793804
1.110327  0.542430  0.800013
1.110327  0.542430  0.805549
1.091803  0.542738  0.811695
1.093910  0.543970  0.817875
1.094457  0.544881  0.824058
1.096820  0.546025  0.829649
1.098589  0.547709  0.835839
1.100180  0.548817  0.842003
1.100180  0.548817  0.847589
1.125039  0.553339  0.853772
1.125039  0.553339  0.859963
1.146635  0.517889  0.865470
1.147979  0.519920  0.871586
1.149574  0.520351  0.877713
1.151872  0.521217  0.883854
1.152758  0.522256  0.889980
1.152758  0.522256  0.895554
1.158382  0.526061  0.901692
1.074114  0.487333  0.907885
1.093025  0.489621  0.914196
1.080735  0.490242  0.919788
1.075387  0.513111  0.926001
1.077608  0.514403  0.931619
1.077608  0.514403  0.937812
1.153576  0.583609  0.943990
1.106210  0.469344  0.949463
1.106322  0.471846  0.955588
1.109954  0.477211  0.961725
1.109954  0.477211  0.967853
1.106281  0.486803  0.974030
1.106281  0.486803  0.979588
1.106281  0.486803  0.985710
1.119959  0.536901  0.991848
1.118862  0.536871  0.997980
1.116518  0.537188  1.003468
1.111065  0.537200  1.009615
1.105173  0.537882  1.015751
1.104725  0.539650  1.021883
1.096315  0.547354  1.028047
1.096315  0.547354  1.033569
1.089412  0.552619  1.039723
1.085073  0.555383  1.046053
1.082031  0.558814  1.051662
1.077237  0.561579  1.057847
1.071459  0.564179  1.063997
1.066006  0.566513  1.069563
1.061406  0.566875  1.075765
1.061406  0.566875  1.081937
1.061406  0.566875  1.088075
1.061406  0.566875  1.093712
1.061406  0.566875  1.099857
1.061406  0.566875  1.105984
1.061406  0.566875  1.111486
1.061406  0.566875  1.117646
1.061406  0.566875  1.123868
1.061406  0.566875  1.130075
1.061406  0.566875  1.135653
1.061406  0.566875  1.141812
1.061406  0.566875  1.147981
1.061406  0.566875  1.153562
1.061406  0.566875  1.159707
1.061406  0.566875  1.165845
1.061406  0.566875  1.172041
1.061406  0.566875  1.177626
1.061406  0.566875  1.183809
1.061406  0.566875  1.189606
1.061406  0.566875  1.195790
1.061406  0.566875  1.201910
1.061406  0.566875  1.208099
1.061406  0.566875  1.213634
1.061406  0.566875  1.219801
1.061406  0.566875  1.225992
1.061406  0.566875  1.231616
1.061406  0.566875  1.237755
1.061406  0.566875  1.243923
1.061406  0.566875  1.249475
1.061406  0.566875  1.255651
1.061406  0.566875  1.261825
1.061406  0.566875  1.267993
1.061406  0.566875  1.273572
1.061406  0.566875  1.279784
1.061406  0.566875  1.286005
1.061406  0.566875  1.291585
1.061406  0.566875  1.297750
1.061406  0.566875  1.303911
1.061406  0.566875  1.309459
1.061406  0.566875  1.315641
1.061406  0.566875  1.321781
0.379804  0.475969  1.327945
0.379804  0.475969  1.333454
0.379804  0.475969  1.339604
0.301476  0.521090  1.345768
0.277088  0.526908  1.351937
0.319458  0.462417  1.357473
0.319458  0.462417  1.363664
0.270881  0.566622  1.369825
0.270881  0.566622  1.376008
0.270881  0.566622  1.381567
0.270881  0.566622  1.387750
0.270881  0.566622  1.393913
0.270881  0.566622  1.399465
0.270881  0.566622  1.405647
0.270881  0.566622  1.411813
0.270881  0.566622  1.417981
0.270881  0.566622  1.423511
0.270881  0.566622  1.429722
0.270881  0.566622  1.435920
0.270881  0.566622  1.442065
0.270881  0.566622  1.447593
-0.009524  0.412983  1.453732
-0.008407  0.412321  1.459850
-0.008905  0.412618  1.466037
-0.008905  0.412618  1.471599
-0.008905  0.412618  1.477770
-0.008905  0.412618  1.483952
-0.068282  0.449652  1.489433
-0.082735  0.451234  1.495569
-0.082735  0.451234  1.501734
-0.082735  0.451234  1.507932
-0.082735  0.451234  1.514101
-0.192590  0.439419  1.519656
-0.211483  0.433456  1.525815
-0.211483  0.433456  1.532007
-0.211483  0.433456  1.537619
-0.211483  0.433456  1.543788
-0.211483  0.433456  1.549940
-0.211483  0.433456  1.555447
-0.211483  0.433456  1.561618
-0.211483  0.433456  1.567772
-0.211483  0.433456  1.573901
-0.211483  0.433456  1.580053
-0.211483  0.433456  1.585576
-0.211483  0.433456  1.591743
-0.211483  0.433456  1.597868
-0.211483  0.433456  1.603983
-0.211483  0.433456  1.609479
-0.211483  0.433456  1.615631
-0.211483  0.433456  1.621796
-0.211483  0.433456  1.627951
-0.211483  0.433456  1.633493
-0.211483  0.433456  1.639675
-0.211483  0.433456  1.645904
-0.211483  0.433456  1.652073
-0.211483  0.433456  1.657611
-0.211483  0.433456  1.663767
-0.211483  0.433456  1.669895
-0.211483  0.433456  1.676059
-0.211483  0.433456  1.681605
-0.211483  0.433456  1.687746
-0.211483  0.433456  1.693883
-0.211483  0.433456  1.700016
-0.211483  0.433456  1.705518
-0.355238  0.384028  1.711660
-0.357557  0.386368  1.717764
-0.361065  0.386893  1.723866
-0.362081  0.386531  1.730036
-0.362982  0.386650  1.735548
-0.363535  0.386395  1.741741
-0.363587  0.386065  1.747893
-0.364449  0.385756  1.754063
-0.365009  0.384819  1.759630
-0.366320  0.386616  1.765825
-0.366453  0.387252  1.771970
-0.366793  0.387037  1.777496
-0.367177  0.387035  1.783668
-0.366807  0.386862  1.789832
-0.366710  0.387107  1.795978
-0.366647  0.386941  1.801487
-0.366405  0.387049  1.807633
-0.366706  0.386923  1.813770
-0.366014  0.387208  1.819931
-0.365949  0.387156  1.826108
-0.366089  0.387076  1.831705
-0.365701  0.387458  1.837890
-0.365517  0.387517  1.844075
-0.365778  0.387599  1.849632
