0.119732  0.100000  0.100000
0.100000  0.100000  10.000000
0.111773  0.100000  0.100000
0.100000  0.100000  0.100000
0.298547  0.100000  0.149470
0.100000  0.100000  5.594090
0.100000  0.100000  0.100000
0.100000  0.100000  3.986912
0.213290  0.100000  0.100000
0.100000  0.100000  0.861895
0.100000  0.100000  2.613774
0.100000  0.100000  0.100000
0.156305  0.100000  0.100000
0.100000  0.100000  7.431731
0.100000  0.100000  0.100000
0.201961  0.100000  1.062549
0.141203  0.100000  0.100000
0.100000  0.124356  8.258123
0.276222  0.100000  0.100000
0.100000  0.100000  3.480353
0.100000  0.153191  2.856839
0.100000  0.100000  0.100000
0.135026  0.100000  0.576752
0.100000  0.100000  3.111394
0.231931  0.100000  0.739097
0.100000  0.100000  3.552351
0.100000  0.100000  0.100000
0.100000  0.100000  4.955785
0.294122  0.100000  0.100000
0.100000  0.100000  3.399884
0.100000  0.100000  4.081241
0.100000  0.106759  1.597278
0.144161  0.100000  0.100000
0.100000  0.100000  2.270134
0.100000  0.100000  0.953991
0.100000  0.181175  5.119563
0.323841  0.100000  0.100000
0.100000  0.100000  3.397844
0.100000  0.100000  1.302840
0.204009  0.100000  2.655466
0.100000  0.100000  1.801287
0.100000  1.000000  0.100000
1.000000  0.100000  10.000000
0.100000  0.372838  10.000000
0.685389  0.100000  0.100000
0.178495  0.100000  3.530142
0.100000  0.330711  2.264268
0.100000  0.100000  3.570499
0.100000  0.100000  2.004282
0.100000  0.207383  3.813694
1.000000  0.100000  0.100000
0.100000  0.433979  6.559504
0.243273  0.100000  4.901161
0.814657  0.100000  0.100000
0.100000  0.301505  4.016984
0.100000  0.100000  2.849318
0.100000  0.264030  8.499213
1.000000  0.100000  0.100000
0.100000  0.271389  5.472970
0.183115  0.100000  0.599891
0.100000  0.100000  4.877502
0.100000  0.119045  1.750120
0.100000  0.100000  2.152619
0.100000  0.100000  2.066317
0.100000  0.100000  1.649789
0.100000  0.100000  4.801264
0.189946  0.100000  0.880206
0.860357  0.100000  3.636584
0.100000  0.367200  1.971167
0.148676  0.100000  1.260971
0.100000  0.100000  8.807240
0.100000  0.100000  0.100000
0.100000  0.100000  9.524027
0.100000  0.100000  1.097676
0.100000  0.196305  5.328481
0.641074  0.100000  0.100000
0.270720  0.100000  9.573133
0.100000  0.181052  2.271061
0.100000  0.100000  2.993558
1.000000  0.100000  1.493280
0.100000  0.318227  3.445620
0.100000  0.100000  2.212714
0.100000  0.100000  4.961012
1.000000  0.100000  0.100000
0.100000  0.468554  6.219504
0.246119  0.100000  2.014667
0.100000  0.112863  5.796307
0.100000  0.100000  1.482699
0.351038  0.100000  2.085771
0.100000  0.100000  1.775258
0.100000  0.164959  6.657953
0.100000  0.100000  1.834289
0.262890  0.100000  4.293416
0.754335  0.100000  0.100000
0.100000  0.352355  8.383825
0.100000  0.100000  3.416526
0.100000  0.100000  4.767256
0.244416  0.100000  0.100000
0.100000  0.100000  6.025400
0.127575  0.100000  2.825407
0.100000  0.100000  4.490141
0.100000  0.122181  5.821597
0.172349  0.100000  0.100000
0.100000  0.100000  5.393839
0.100000  0.100000  2.063766
0.178152  0.100000  3.011173
0.100000  0.146209  8.988116
0.245505  0.100000  0.100000
0.100000  0.100000  5.480995
0.266852  0.100000  4.163073
0.100000  0.100000  4.092048
0.100000  1.000000  0.100000
1.000000  0.100000  10.000000
0.218338  0.167083  10.000000
0.100000  0.130670  0.100000
0.100000  0.100000  4.609426
0.100000  0.100000  5.403185
0.100000  0.100000  0.100000
0.100000  0.100000  7.612186
0.252802  0.100000  0.100000
1.000000  0.100000  10.000000
0.100000  1.000000  0.100000
0.100000  0.408477  8.830207
0.395999  0.100000  4.707382
0.647268  0.100000  0.100000
0.100000  0.330525  7.460152
0.100000  0.100000  2.173237
0.100000  0.100000  7.694265
0.100000  0.100000  2.855061
0.152134  0.100000  2.953304
0.172081  0.100000  3.619633
0.100000  0.120241  7.763758
0.171192  0.100000  1.647848
0.100000  0.115581  7.487186
0.100000  0.100000  2.078614
0.235560  0.100000  4.968718
0.100000  0.100000  3.624867
0.151334  0.100000  5.536973
0.100000  0.100000  5.266197
0.128870  0.100000  2.524826
0.168635  0.100000  4.066821
0.100000  0.100000  7.621612
0.100000  0.100000  1.861588
0.100000  0.150976  10.000000
0.304628  0.100000  0.100000
0.100000  0.100000  10.000000
0.431222  0.100000  0.100000
0.100000  0.185645  7.484521
0.100000  0.100000  6.222764
0.100000  0.122399  6.413455
0.100000  0.100000  3.390868
0.100000  0.114048  5.231017
0.361466  0.100000  3.558727
0.100000  0.100000  5.969528
0.129522  0.100000  3.550519
0.100000  0.100000  7.205297
0.100000  0.206264  6.100598
0.100000  0.100000  3.489440
0.268606  0.100000  2.363681
0.100000  0.100000  7.742301
0.202803  0.100000  5.945624
0.100000  0.100000  1.455655
0.271070  0.100000  7.925716
0.100000  0.114514  7.503997
1.000000  0.100000  0.100000
0.100000  0.305859  7.186587
0.100000  1.000000  0.100000
1.000000  0.100000  10.000000
0.100000  0.377094  10.000000
0.100000  0.100000  0.100000
0.100000  0.100000  2.931117
0.100000  0.100000  8.484875
0.100000  0.100000  2.735032
0.100000  0.100000  9.182101
0.100000  0.100000  4.278948
0.100000  0.100000  4.000553
0.113012  0.100000  10.000000
0.100000  0.100000  0.100000
0.406346  0.100000  4.649158
0.100000  0.100000  7.076722
0.100000  0.192690  10.000000
0.387451  0.100000  0.100000
0.100000  0.100000  9.712170
0.100000  0.124222  8.926577
0.586048  0.100000  0.100000
0.100000  0.100000  8.386913
0.100000  0.100000  7.854589
0.100000  0.100000  5.334929
0.100000  0.100000  4.662644
0.100000  0.100000  7.621558
0.100000  0.100000  2.320285
0.100000  0.100000  7.420789
0.100000  0.150345  9.162741
0.100000  0.100000  4.504067
0.100000  0.168238  8.987308
0.629882  0.100000  0.306342
0.100000  0.100000  10.000000
0.184877  0.100000  3.496368
0.100000  0.131892  10.000000
0.116297  0.100000  4.047887
0.100000  0.100000  5.800013
0.100000  0.100000  8.580545
0.482403  0.100000  3.552130
0.100000  0.131515  7.423898
0.100000  0.100000  6.827582
0.100000  0.100000  7.134590
0.100000  0.270486  8.646080
0.100000  0.100000  3.210168
0.440121  0.100000  7.279895
0.493635  0.100000  5.586903
0.667545  0.100000  4.695653
0.100000  0.201725  10.000000
0.100000  0.100000  5.824799
0.228403  0.100000  6.157618
0.100000  0.105349  8.681249
0.100000  0.100000  5.775433
0.100000  0.100000  6.591222
0.201543  0.100000  6.637909
0.100000  0.106401  7.700927
0.276970  0.100000  5.434135
0.100000  0.100000  5.473901
0.100000  0.100000  10.000000
0.100000  0.100000  4.718662
0.125079  0.100000  7.547618
0.100000  0.100000  6.879272
0.100000  0.100000  8.196226
0.100000  0.100000  5.832854
0.218731  0.100000  8.435341
0.100000  0.138936  8.821157
0.100000  0.100000  5.425817
0.100000  0.100000  6.915075
0.100000  0.100000  7.587660
0.100000  0.100000  9.322588
0.462198  0.100000  2.215307
0.100000  0.105446  9.223545
0.309801  0.100000  8.959950
0.100000  0.222365  9.908605
0.434536  0.100000  6.884207
0.100000  0.100000  2.935502
0.100000  0.100000  8.195316
0.100000  0.100000  10.000000
0.100000  0.100000  5.036835
0.100000  0.100000  7.908704
1.000000  0.100000  7.708588
0.132611  0.100000  5.830659
0.100000  0.305131  10.000000
0.100000  0.100000  3.695556
0.100000  0.100000  10.000000
0.100000  0.100000  6.961909
0.472900  0.100000  4.392192
0.100000  0.100000  10.000000
0.100000  0.107044  7.634663
0.100000  0.100000  7.015163
0.100000  0.107668  7.706338
0.359820  0.100000  5.654290
0.100000  0.140400  10.000000
0.458622  0.100000  7.041179
0.100000  0.121339  6.966117
0.100000  0.100000  9.722898
0.100000  0.166866  10.000000
0.612668  0.100000  2.685066
0.100000  0.191130  10.000000
0.284626  0.100000  3.181993
0.264580  0.100000  9.541092
0.100000  0.100000  10.000000
0.109361  0.100000  6.508234
0.489112  0.100000  0.100000
1.000000  0.100000  10.000000
0.100000  1.000000  0.100000
0.100000  0.249296  9.787300
0.410225  0.100000  0.100000
1.000000  0.100000  10.000000
0.100000  1.000000  0.100000
0.100000  0.475482  10.000000
0.865328  0.100000  5.947104
0.912368  0.100000  4.108208
0.100000  1.000000  0.100000
1.000000  0.100000  10.000000
0.100000  0.341152  10.000000
0.100000  0.100000  0.100000
0.100000  0.100000  9.368738
0.100000  0.100000  8.623542
0.161896  0.100000  6.548805
0.100000  1.000000  0.100000
1.000000  0.100000  10.000000
0.282142  0.100000  10.000000
0.100000  0.447073  0.100000
0.438096  0.100000  3.046583
0.100000  0.218187  10.000000
0.284945  0.100000  5.732001
0.100000  0.100000  8.838129
0.234538  0.100000  6.737780
0.100000  0.109648  10.000000
0.100000  0.100000  5.354441
0.100000  0.100000  10.000000
0.100000  0.100000  9.657751
0.821741  0.100000  6.954511
0.100000  0.438377  10.000000
0.214459  0.100000  7.163605
0.100000  0.100000  10.000000
0.100000  0.100000  7.381184
0.100000  0.100000  10.000000
0.251016  0.100000  4.478194
0.100000  0.245357  10.000000
0.641805  0.100000  5.819613
0.100000  0.100000  7.076232
0.100000  0.100000  8.845772
0.100000  0.100000  10.000000
0.100000  0.100000  5.752905
0.128253  0.100000  9.835451
0.100000  0.100000  9.420099
0.100000  0.100000  9.671728
0.100000  0.100000  9.156853
0.100000  0.100000  8.361224
0.100000  0.100000  10.000000
0.516836  0.100000  3.543615
0.100000  0.100000  9.008340
0.100000  0.140080  10.000000
0.342429  0.100000  10.000000
0.100000  0.171603  5.510226
0.255459  0.100000  3.277489
0.100000  0.100000  10.000000
0.100000  0.100000  8.424262
0.100000  0.113781  9.659693
0.100000  0.100000  6.295324
0.100000  0.312060  10.000000
0.833474  0.100000  4.926229
0.113225  0.100000  4.654238
0.100000  0.100000  10.000000
0.100000  0.100000  10.000000
0.100000  0.100000  2.866258
0.100000  0.100000  6.875121
0.136659  0.100000  10.000000
0.100000  1.000000  0.100000
1.000000  0.100000  10.000000
0.100000  0.384197  10.000000
0.100000  1.000000  0.100000
1.000000  0.100000  10.000000
0.100000  0.108791  10.000000
0.100000  0.196234  0.100000
0.279995  0.100000  10.000000
0.100000  0.100000  7.613666
0.563067  0.100000  10.000000
0.100000  0.218235  8.841434
0.468253  0.100000  9.380977
0.100000  0.251501  0.100000
0.115093  0.100000  10.000000
0.100000  0.115829  10.000000
0.634128  0.100000  0.100000
1.000000  0.100000  10.000000
0.100000  1.000000  0.100000
0.100000  0.392795  10.000000
0.465649  0.100000  0.100000
0.100000  0.100000  10.000000
0.100000  0.119843  10.000000
0.100000  1.000000  0.100000
1.000000  0.100000  10.000000
0.100000  0.362035  10.000000
0.100000  0.100000  0.100000
0.386850  0.100000  10.000000
0.310271  0.100000  0.100000
0.100000  0.166038  10.000000
0.100000  0.100000  0.100000
0.225174  0.100000  10.000000
0.100000  0.297094  10.000000
0.460311  0.100000  0.100000
0.343383  0.100000  0.100000
1.000000  0.100000  10.000000
0.100000  1.000000  0.100000
0.501018  0.100000  10.000000
0.100000  0.114307  10.000000
0.324844  0.100000  0.619263
0.719088  0.100000  8.087647
0.100000  0.100000  0.100000
1.000000  0.100000  10.000000
0.100000  1.000000  0.100000
0.100000  0.241646  10.000000
0.574365  0.100000  0.100000
0.100000  0.712181  10.000000
0.100000  0.100000  10.000000
0.100000  0.100000  0.100000
0.155284  0.100000  0.100000
0.100000  0.100000  10.000000
0.100000  0.339826  10.000000
0.100228  0.100000  0.100000
0.100000  0.431526  0.100000
0.940129  0.100000  10.000000
0.100000  0.100000  0.100000
0.305602  0.100000  10.000000
0.358945  0.100000  10.000000
0.100000  0.232914  0.100000
0.100000  0.474492  10.000000
0.612249  0.100000  0.100000
0.797059  0.100000  10.000000
0.100000  0.100000  0.100000
1.000000  0.100000  10.000000
0.100000  1.000000  0.100000
0.325990  0.100000  10.000000
0.392968  0.100000  0.100000
0.100000  0.100000  10.000000
0.100000  0.107071  10.000000
0.100000  0.100000  0.100000
0.582835  0.100000  10.000000
0.100000  0.108399  0.100000
0.100000  0.144563  10.000000
0.100000  0.100000  0.100000
0.249442  0.100000  0.100000
0.100000  0.100000  10.000000
0.100000  0.100000  8.730133
0.100000  0.100000  8.572794
0.100000  0.100000  10.000000
0.100000  0.100000  8.836573
0.100000  0.100000  0.100000
0.100000  0.100000  10.000000
0.100000  0.100000  10.000000
0.100000  0.100000  0.100000
0.100000  0.100000  10.000000
0.100000  0.100000  0.100000
0.100000  0.100000  10.000000
0.100000  0.100000  0.100000
0.100000  0.100000  10.000000
0.100000  0.100000  10.000000
0.100000  0.100000  0.100000
0.100000  0.100000  10.000000
0.100000  0.100000  8.012970
0.100000  0.100000  6.878360
0.100000  0.100000  10.000000
0.100000  0.100000  0.100000
0.100000  0.100000  10.000000
0.100000  0.100000  6.843763
0.100000  0.100000  10.000000
0.100000  0.100000  0.100000
0.100000  0.100000  10.000000
0.100000  0.100000  0.603318
0.100000  0.100000  10.000000
0.100000  0.100000  1.007463
0.100000  0.100000  10.000000
0.100000  0.100000  2.220647
0.100000  0.100000  10.000000
0.100000  0.100000  0.100000
0.100000  0.100000  10.000000
0.100000  0.100000  2.398335
0.100000  0.100000  10.000000
0.100000  0.100000  7.022525
0.100000  0.100000  3.431352
0.100000  0.100000  10.000000
0.100000  0.100000  0.100000
0.100000  0.100000  10.000000
0.100000  0.100000  0.100000
0.100000  0.100000  10.000000
0.100000  0.100000  8.597646
0.100000  0.100000  8.600456
0.100000  0.100000  8.603017
0.100000  0.100000  8.605558
0.100000  0.100000  8.608334
0.100000  0.100000  8.610785
0.100000  0.100000  3.397258
0.100000  0.100000  10.000000
0.100000  0.651872  0.100000
0.100000  0.100000  10.000000
0.100000  0.100000  1.754738
0.100000  0.100000  8.459309
0.100000  0.100000  9.094050
0.100000  0.100000  8.573524
0.100000  0.100000  8.571769
0.100000  0.100000  8.569675
0.100000  0.100000  8.567600
0.100000  0.100000  8.565310
0.100000  0.100000  8.562994
0.100000  0.100000  8.560833
0.100000  0.100000  8.558415
0.100000  0.100000  8.556234
0.100000  0.100000  4.329873
0.100000  0.250616  10.000000
0.100000  0.100000  0.100000
0.100000  0.100000  10.000000
0.100000  0.100000  8.666349
0.100000  0.100000  7.808662
0.100000  0.100000  8.691927
0.100000  0.100000  8.855824
0.100000  0.100000  8.501561
0.100000  0.100000  8.508857
0.100000  0.479550  9.266911
0.100000  0.100000  1.530397
0.100000  0.100000  10.000000
0.100000  0.100000  7.421487
0.100000  0.100000  10.000000
0.217048  0.100000  0.151115
0.100000  0.100000  10.000000
0.100000  1.000000  10.000000
1.000000  0.100000  0.100000
0.100000  0.100000  10.000000
0.214319  0.100000  0.317794
0.100000  0.100000  10.000000
0.100000  0.100000  4.846372
0.100000  0.100000  7.780383
0.100000  0.100000  8.582088
0.231575  0.100000  1.445253
0.100000  0.737215  0.100000
1.000000  0.100000  10.000000
0.100000  0.100000  0.100000
0.100000  0.100000  10.000000
0.141741  0.153490  0.100000
0.100000  0.100000  10.000000
0.100000  0.100000  10.000000
0.100000  0.228297  0.100000
0.100000  0.100000  9.130674
0.100000  0.782424  10.000000
0.431327  0.100000  0.100000
0.100000  0.100000  10.000000
0.100000  0.100000  10.000000
0.100000  0.100000  0.100000
0.100000  0.100000  10.000000
0.100000  0.100000  10.000000
0.100000  0.100000  10.000000
0.100000  0.100000  10.000000
0.100000  0.100000  0.100000
0.100000  0.100000  10.000000
0.100000  0.100000  8.252682
0.100000  0.100000  8.239006
0.100000  0.100000  8.297205
0.100000  0.100000  8.292288
0.100000  0.100000  8.286787
0.100000  0.100000  8.281867
0.100000  0.100000  8.455713
0.100000  0.100000  8.709148
0.100000  0.100000  10.000000
0.110301  0.127026  0.100000
0.100000  0.100000  10.000000
0.131776  0.100000  9.495617
0.100000  0.118091  2.919084
0.100000  0.100000  10.000000
0.100000  0.100000  7.983771
0.100000  0.100000  8.052763
0.100000  0.100000  10.000000
0.667796  0.479921  0.100000
0.100000  0.100000  10.000000
0.100000  0.100000  8.296786
0.100000  0.100000  4.682172
0.246219  0.100000  10.000000
0.100000  0.100000  0.100000
0.100000  0.100000  10.000000
0.100000  0.100000  8.064810
0.100000  0.100000  8.065801
0.100000  0.100000  7.449856
0.100000  0.100000  8.614813
0.100000  0.100000  8.286738
0.100000  0.100000  7.515868
0.100000  0.100000  10.000000
0.100000  0.100000  0.100000
0.100000  0.100000  10.000000
0.100000  0.100000  8.219907
0.100000  0.100000  8.175831
0.100000  0.100000  8.179326
0.100000  0.100000  8.183157
0.100000  0.100000  8.186585
0.100000  0.100000  8.184411
0.100000  0.100000  8.187153
0.100000  0.100000  8.254129
0.100000  0.100000  10.000000
0.100000  0.100000  0.100000
0.100000  0.104393  9.665079
0.100000  0.100000  10.000000
0.100000  0.100000  0.100000
0.100000  0.100000  10.000000
0.100000  0.100000  0.100000
0.100000  0.100000  10.000000
0.100000  0.100000  10.000000
0.100000  0.100000  0.100000
0.100000  0.100000  10.000000
0.100000  0.102423  0.100000
0.100000  0.100000  10.000000
0.100000  0.132859  0.100000
0.100000  0.100000  10.000000
0.100000  0.100000  0.100000
0.100000  0.100000  10.000000
0.100000  0.100000  0.100000
0.100000  0.114972  10.000000
0.100000  0.100000  0.100000
0.100000  0.100000  10.000000
0.100000  0.100000  0.100000
0.100000  0.100000  10.000000
0.100000  0.121092  0.100000
0.100000  0.100000  10.000000
0.100000  0.100000  10.000000
0.100000  0.100000  0.100000
