0.100000  0.100000  0.100000
0.100000  0.100000  10.000000
0.100000  0.100000  0.942197
0.100000  0.100000  0.884865
0.100000  0.100000  1.042949
0.100000  0.100000  0.120961
0.100000  0.100000  0.726418
0.100000  0.100000  1.357182
0.100000  0.100000  0.482819
0.100000  0.100000  1.104977
0.100000  0.100000  0.924561
0.100000  0.100000  0.897035
0.100000  0.100000  0.190636
0.100000  0.100000  1.858084
0.100000  0.100000  1.260938
0.100000  0.100000  0.100000
0.100000  0.100000  1.919650
0.100000  0.100000  2.823788
0.100000  0.100000  2.385764
0.100000  0.100000  0.100000
0.100000  0.100000  2.564271
0.100000  0.100000  1.702337
0.100000  0.100000  0.826914
0.100000  0.100000  1.090522
0.100000  0.100000  1.814282
0.100000  0.100000  1.758321
0.100000  0.108931  0.297673
0.100000  0.100000  2.554150
0.100000  0.100000  1.849443
0.100000  0.100000  0.877668
0.100000  0.100000  1.785962
0.100000  0.100000  3.854772
0.100000  0.100000  0.100000
0.100000  0.100000  1.159633
0.100000  0.100000  1.369624
0.100000  0.100000  0.710010
0.100000  0.100000  4.930092
0.100000  0.100000  0.100000
0.100000  0.100000  3.769902
0.100000  0.100000  2.961625
0.100000  0.100000  0.905018
0.100000  0.100000  0.491439
0.100000  0.100000  2.861771
0.100000  0.100000  1.341259
0.100000  0.100000  1.371452
0.100000  0.100000  4.711747
0.100000  0.100000  0.605311
0.100000  0.100000  1.485389
0.100000  0.100000  2.083400
0.100000  0.100000  2.284004
0.100000  0.100000  2.582788
0.100000  0.100000  0.100000
0.100000  0.100000  3.922004
0.100000  0.100000  1.960511
0.100000  0.100000  2.877136
0.100000  0.100000  3.297951
0.100000  0.100000  1.128560
0.100000  0.100000  1.277102
0.100000  0.100000  3.576701
0.100000  0.100000  1.546959
0.100000  0.100000  2.848704
0.100000  0.100000  0.535928
0.100000  0.100000  3.556322
0.100000  0.100000  2.581177
0.100000  0.100000  3.117988
0.100000  0.100000  1.804079
0.100000  0.100000  3.267008
0.100000  0.100000  1.224077
0.100000  0.100000  4.010806
0.100000  0.100000  3.434712
0.100000  0.100000  0.108385
0.100000  0.100000  3.741939
0.100000  0.100000  2.656322
0.100000  0.100000  2.245413
0.100000  0.100000  3.457490
0.100000  0.100000  2.055083
0.100000  0.100000  3.664523
0.100000  0.100000  2.118958
0.100000  0.100000  3.095316
0.100000  0.100000  2.275009
0.100000  0.100000  2.937015
0.100000  0.100000  3.622819
0.100000  0.100000  2.983451
0.100000  0.100000  2.169964
0.100000  0.100000  3.498292
0.100000  0.100000  2.169630
0.100000  0.100000  4.895392
0.100000  0.100000  1.194287
0.100000  0.100000  4.311160
0.100000  0.100000  2.602588
0.100000  0.100000  3.250758
0.100000  0.100000  3.362473
0.100000  0.100000  2.838773
0.100000  0.100000  4.401388
0.100000  0.100000  3.271028
0.100000  0.100000  2.141435
0.100000  0.100000  3.700656
0.100000  0.100000  2.941256
0.100000  0.100000  4.360187
0.100000  0.100000  2.421595
0.100000  0.100000  3.098520
0.100000  0.100000  3.185882
0.100000  0.100000  4.999293
0.100000  0.100000  3.127431
0.100000  0.100000  3.735863
0.100000  0.100000  1.964020
0.100000  0.100000  4.655889
0.100000  0.100000  4.569683
0.100000  0.100000  3.028630
0.100000  0.100000  3.334069
0.100000  0.100000  3.684908
0.100000  0.100000  4.171759
0.100000  0.100000  4.526801
0.100000  0.100000  2.585271
0.100000  0.100000  4.960422
0.100000  0.100000  2.855217
0.100000  0.100000  4.162567
0.100000  0.100000  3.792512
0.100000  0.100000  3.054893
0.100000  0.100000  5.182927
0.100000  0.100000  3.008935
0.100000  0.100000  7.816414
0.100000  0.100000  0.100000
0.100000  0.100000  9.359143
0.100000  0.100000  5.677502
0.100000  0.100000  2.664723
0.100000  0.100000  1.424445
0.100000  0.100000  9.107942
0.100000  0.100000  2.208698
0.117519  0.100000  2.512765
0.100000  0.100000  4.607679
0.114282  0.103928  7.071443
0.100000  0.100000  3.170070
0.228372  0.169320  3.763563
0.100000  0.100000  5.654764
0.100000  0.100000  2.526379
0.100000  0.100000  4.895756
0.100000  0.100000  4.342109
0.100000  0.100000  2.471720
0.100000  0.100000  4.571227
0.100000  0.100000  5.151721
0.100000  0.100000  2.388150
0.135693  0.100000  6.081840
0.100000  0.100000  7.940841
0.100000  0.100000  0.100000
0.120439  0.181156  10.000000
0.100000  0.100000  0.100000
0.210886  0.100000  0.577745
0.100000  0.158830  7.696552
0.160555  0.100000  8.080973
0.100000  0.100000  0.100000
0.253910  0.181498  8.207080
0.116389  0.101802  8.683277
0.100000  0.100000  0.100000
0.100000  0.100000  1.099551
0.100000  0.100000  9.362260
0.100000  0.100000  3.968100
0.121319  0.100000  3.993043
0.100000  0.117343  4.400863
0.100000  0.100868  7.547759
0.100000  0.100000  3.534389
0.100000  0.100000  5.284660
0.100000  0.100000  4.126055
0.100000  0.100000  5.897017
0.166326  0.132297  5.557914
0.100000  0.100000  2.965780
0.100000  0.100000  7.428805
0.100000  0.100000  5.839008
0.174302  0.159584  8.701029
0.100000  0.100000  2.951529
0.100000  0.100000  0.100000
0.346544  0.228281  3.049397
0.100687  0.100000  9.708092
0.100000  0.100000  5.050082
0.100000  0.100000  4.302164
0.100000  0.100000  6.942369
0.100000  0.100000  5.059069
0.100000  0.100000  5.527139
0.100000  0.100000  5.952023
0.100000  0.100000  4.889897
0.100000  0.100000  5.706414
0.100000  0.100000  6.216994
0.100000  0.100000  5.355792
0.100000  0.103684  10.000000
0.144632  0.100000  0.100000
0.100000  0.100000  10.000000
0.100000  0.100000  5.403017
0.102295  0.100000  10.000000
0.100000  0.100000  3.217318
0.100000  0.100000  1.864461
0.100000  0.100000  8.728288
0.100000  0.100000  6.013534
0.100000  0.100000  10.000000
0.100000  0.100000  1.552180
0.128865  0.100000  1.949740
0.100000  0.100000  9.419230
0.100000  0.100000  7.195141
0.159754  0.100000  7.423596
0.100000  0.100000  5.496753
0.100000  0.100000  3.376943
0.100000  0.100000  8.793777
0.100000  0.100000  7.996305
0.180754  0.102653  5.583319
0.100000  0.100000  7.023648
1.000000  0.100000  10.000000
0.100000  1.000000  2.287229
0.100000  0.100000  8.293235
0.186761  0.118498  8.466763
0.100000  0.100000  4.421543
0.100000  1.000000  10.000000
1.000000  0.100000  0.100000
0.114381  0.100000  4.201826
0.100000  0.158316  8.888382
0.100000  0.100000  6.201976
0.100000  0.320062  10.000000
0.333392  0.100000  0.100000
0.100000  0.100000  10.000000
0.127278  0.100000  0.843627
0.100000  0.100000  8.095547
0.100000  0.100000  6.212236
0.100000  0.315228  10.000000
0.100000  0.100000  0.100000
0.107887  0.100000  10.000000
0.100000  0.100000  6.376065
0.160978  0.113716  7.968260
0.100000  0.100000  7.909664
0.100000  0.100000  6.604564
0.137804  0.100000  9.503886
0.127344  0.137417  4.296930
0.100000  0.100000  5.629304
1.000000  0.819907  10.000000
0.100000  0.100000  0.100000
1.000000  0.836985  10.000000
0.100000  0.100000  8.087244
1.000000  0.100000  10.000000
0.100000  0.433546  0.100000
1.000000  0.100000  9.157936
0.158402  0.100000  8.547487
0.100000  0.100000  0.100000
1.000000  0.447805  10.000000
0.141358  0.197110  10.000000
0.100000  0.100000  0.100000
0.100000  0.100000  4.070391
0.100000  0.100000  10.000000
0.598462  0.302783  0.100000
0.100000  0.100000  8.425928
0.100000  0.100000  6.425743
0.100000  1.000000  10.000000
1.000000  0.100000  0.100000
0.100000  0.100000  10.000000
0.584097  0.198955  0.100000
0.240470  0.194463  1.191203
0.100000  0.100000  8.127231
0.100000  0.100000  7.163153
0.100000  0.100000  8.641959
0.100000  0.100000  7.936072
0.100000  0.100000  7.348480
0.100000  0.100000  8.783884
0.100000  0.100000  8.095703
0.100000  0.100000  7.534321
0.100000  0.100000  8.273233
0.100000  0.100000  8.189684
0.100000  0.100000  8.784561
0.100000  0.100000  7.624291
0.100000  0.100000  8.889846
0.100000  0.100000  6.964833
0.100000  0.100000  9.580488
0.100000  0.100000  7.677511
0.100000  0.100000  9.061848
0.100000  0.100000  7.105018
0.100000  0.100000  9.701729
0.100000  0.100000  7.809096
0.100000  0.100000  9.153925
0.100000  0.100000  7.122751
0.100000  0.100000  9.324823
0.100000  0.100000  9.414840
0.100000  0.100000  8.408430
0.100000  0.100000  8.988127
0.100000  0.100000  8.702129
0.100000  0.100000  9.503499
0.100000  0.100000  8.090652
0.100000  0.100000  9.384229
0.100000  0.100000  7.483778
0.100000  0.100000  10.000000
0.100000  0.100000  8.228374
0.100000  0.100000  9.496083
0.100000  0.100000  7.533406
0.100000  0.100000  10.000000
0.100000  0.100000  8.208353
0.100000  0.100000  9.542727
0.100000  0.100000  8.255628
0.100000  0.100000  8.652719
0.100000  0.100000  8.826279
0.100000  0.100000  9.505424
0.100000  0.100000  8.182403
0.100000  0.100000  9.479954
0.100000  0.100000  7.525855
0.100000  0.100000  10.000000
0.100000  0.100000  8.116692
0.100000  0.100000  9.428333
0.100000  0.100000  7.507649
0.100000  0.100000  10.000000
0.100000  0.100000  8.162753
0.100000  0.100000  9.496258
0.100000  0.100000  8.191235
0.100000  0.100000  9.422883
0.100000  0.100000  7.524178
0.100000  0.100000  10.000000
0.100000  0.100000  8.057295
0.100000  0.100000  9.398757
0.100000  0.100000  7.571642
0.100000  0.100000  9.916686
0.100000  0.100000  8.699954
0.100000  0.100000  7.943965
0.100000  0.100000  9.197800
0.100000  0.100000  8.592773
0.100000  0.100000  0.100000
0.100000  0.100000  9.183796
0.100000  0.100000  7.578793
0.100000  0.100000  7.673594
0.100000  0.100000  7.663325
0.100000  0.100000  7.659117
0.100000  0.100000  7.644697
0.561813  1.000000  0.100000
0.100000  0.100000  10.000000
0.100000  0.501087  5.060367
0.100000  0.149646  9.377012
0.100000  0.100000  7.763125
0.100000  0.100000  7.358842
0.100000  0.100000  7.310428
0.100000  0.100000  7.402482
0.100000  0.100000  7.408909
1.000000  0.100000  0.100000
0.100000  1.000000  10.000000
0.100000  0.111535  8.212610
0.100000  0.115455  0.100000
0.100000  0.126753  8.217230
0.100000  0.129616  7.322093
0.100000  0.131721  7.243029
0.100000  0.128021  7.222604
0.100000  0.124429  7.311061
0.100000  0.120379  7.213897
0.100000  0.116621  7.216859
0.100000  0.116607  7.272769
0.100000  0.116591  7.267703
0.100000  0.104623  7.529850
0.100000  0.100000  7.557679
0.100000  0.100000  7.407332
0.100000  0.100000  7.281856
0.100000  0.100000  7.283799
0.100000  0.100000  7.274727
0.100000  0.100000  7.489108
0.100000  0.100000  7.386022
0.100000  0.100000  7.319062
0.100000  0.100000  7.379962
0.100000  0.100000  7.620362
0.100000  0.100000  7.506999
0.100000  0.100000  7.507970
0.100000  0.100000  7.386603
0.100000  0.100000  7.366742
0.100000  0.100000  7.360357
0.100000  0.100000  7.450325
0.100000  0.100000  7.538596
0.100000  0.100000  10.000000
0.518749  1.000000  0.100000
0.100000  0.100000  10.000000
0.100000  0.127039  7.965774
0.100000  0.100000  6.676448
1.000000  0.153804  10.000000
0.100000  0.100000  0.100000
0.100000  0.100000  10.000000
0.100000  0.100000  6.174353
0.100000  0.106670  10.000000
0.100000  0.100000  0.100000
0.100000  0.100000  10.000000
0.100000  0.100000  7.583062
1.000000  1.000000  4.497440
0.100000  0.100000  10.000000
0.100000  0.100000  10.000000
0.100000  0.100000  0.100000
0.100000  0.100000  10.000000
0.100000  0.100000  7.473358
0.100000  0.100000  7.592132
0.100000  0.100000  7.001373
0.100000  0.100000  10.000000
0.100000  0.100000  0.100000
0.100000  0.100000  10.000000
0.100000  0.100000  10.000000
0.100000  0.100000  0.100000
0.100000  0.100000  10.000000
0.100000  0.100000  10.000000
0.100000  0.100000  0.100000
0.100000  0.100000  10.000000
0.100000  0.100000  10.000000
0.100000  0.100000  0.100000
0.100000  0.100000  10.000000
0.100000  0.204194  10.000000
0.100000  0.100000  0.100000
0.100000  0.100000  10.000000
0.100000  0.100000  10.000000
0.100000  0.100000  0.100000
0.100000  0.100000  10.000000
0.100000  0.100000  7.751788
0.100000  0.100000  7.428502
0.100000  0.100000  10.000000
0.100000  0.100000  0.100000
0.100000  0.100000  4.976919
0.100000  0.100000  7.000772
0.100000  0.100000  10.000000
0.100000  0.100000  3.997186
0.100000  0.100000  5.501551
0.100000  0.100000  8.551620
0.100000  0.100000  9.419229
0.100000  0.100000  10.000000
0.100000  0.100000  0.100000
0.100000  0.100000  10.000000
0.100000  0.100000  7.765033
0.100000  0.100000  10.000000
1.000000  1.000000  0.100000
0.100000  0.100000  10.000000
0.100000  0.100000  7.458214
0.100000  1.000000  6.695783
0.100000  0.100000  0.100000
0.206782  1.000000  10.000000
0.100000  0.100000  0.100000
0.100000  0.100000  10.000000
0.100000  0.100000  0.100000
0.100000  0.100000  10.000000
0.100000  0.100000  0.100000
0.100000  0.100000  10.000000
0.100000  0.100000  10.000000
0.100000  0.100000  0.100000
0.100000  0.100000  10.000000
0.100000  0.100000  7.855203
0.100000  0.100000  10.000000
0.100000  0.897971  3.712377
0.100000  0.100000  7.142039
0.100000  0.100000  9.729494
0.100000  0.100000  7.875996
0.100000  0.124621  7.387908
0.100000  0.100000  10.000000
0.100000  0.100000  4.171800
0.100000  0.100000  8.819456
0.100000  0.100000  1.721195
0.100000  1.000000  10.000000
0.100000  0.100000  0.100000
0.100000  0.100000  9.246406
0.100000  0.100000  10.000000
0.100000  0.100000  10.000000
0.100000  0.100000  0.100000
0.100000  0.100000  10.000000
0.100000  0.100000  0.100000
0.100000  0.100000  9.892025
0.100000  1.000000  10.000000
1.000000  0.100000  0.100000
0.100000  0.100000  10.000000
0.100000  0.100000  8.018956
0.100000  0.100000  8.007839
0.100000  0.100000  8.000417
0.100000  0.100000  7.990976
0.100000  0.100000  7.993737
0.100000  0.100000  7.999804
0.100000  0.100000  8.002905
0.100000  0.100000  8.006369
0.100000  0.100000  8.029714
0.100000  0.100000  8.017967
0.100000  0.100000  8.027394
0.100000  0.100000  8.015839
0.100000  0.100000  8.018152
0.100000  0.100000  8.032767
0.100000  0.100000  8.036769
0.100000  0.100000  8.040329
0.100000  0.100000  8.044311
0.100000  0.100000  8.051031
0.100000  0.100000  8.065624
0.100000  0.100000  8.071357
0.100000  0.100000  8.076492
0.100000  0.100000  8.082232
0.100000  0.100000  8.093538
0.100000  0.100000  8.070718
0.100000  0.100000  8.073000
0.100000  0.100000  8.095268
0.100000  0.100000  8.100363
0.100000  0.100000  8.093554
0.100000  0.100000  8.104610
0.100000  0.100000  8.109208
0.100000  0.100000  8.113859
0.100000  0.100000  8.118024
0.100000  0.100000  8.120224
0.100000  0.100000  8.124035
0.100000  0.100000  8.128284
0.100000  0.100000  8.132098
0.100000  0.100000  8.139076
0.100000  0.100000  8.142246
0.100000  0.100000  8.137727
0.100000  0.100000  8.140577
0.100000  0.100000  8.154750
0.100000  0.100000  8.156071
0.100000  0.100000  8.159196
0.100000  0.100000  8.167981
0.100000  0.100000  8.167295
0.100000  0.100000  8.172154
0.100000  0.100000  8.176280
0.100000  0.100000  8.179314
0.100000  0.100000  8.186509
0.100000  0.100000  8.184287
0.100000  0.100000  8.187603
0.100000  0.100000  8.196089
0.100000  0.100000  8.198338
0.100000  0.100000  8.202483
0.100000  0.100000  8.204264
0.100000  0.100000  8.207668
