0.100000  0.100000  0.100000
0.100000  0.241094  10.000000
0.100000  0.100000  0.100000
0.100000  0.414490  2.373464
0.100000  0.100000  0.980644
0.100000  0.100000  0.100000
0.100000  0.101010  1.064487
0.100000  0.100000  1.120843
0.927729  0.100000  10.000000
0.100000  1.000000  0.100000
0.100000  1.000000  0.100000
0.927970  0.100000  10.000000
0.100000  0.100000  0.100000
0.100000  0.435593  3.088935
0.100000  0.124722  1.869871
0.100000  0.100000  0.100000
0.100000  0.443869  2.865747
0.100000  0.430232  4.560184
0.100000  0.100000  0.100000
0.100000  0.100000  4.956069
0.100000  0.422547  2.285228
0.100000  0.100000  0.100000
0.100000  0.100000  5.265096
0.100000  0.174293  2.392883
0.100000  0.549476  4.755546
0.100000  0.100000  0.100000
0.100000  0.630468  6.262199
0.100000  0.100000  10.000000
1.000000  1.000000  0.100000
1.000000  1.000000  0.100000
0.100000  0.100000  10.000000
0.100000  0.284207  10.000000
0.100000  0.100000  0.100000
1.000000  1.000000  10.000000
0.100000  1.000000  10.000000
0.100000  0.100000  0.100000
0.100000  0.658769  8.468530
0.100000  0.215992  6.250247
0.100000  0.100000  0.100000
1.000000  0.100000  10.000000
0.100000  1.000000  0.100000
0.100000  0.100000  2.798993
0.100000  1.000000  0.100000
1.000000  0.100000  10.000000
0.100000  0.911064  10.000000
0.100000  0.100000  0.100000
0.100000  0.100000  10.000000
1.000000  1.000000  0.100000
1.000000  1.000000  0.100000
0.100000  0.100000  10.000000
0.100000  1.000000  0.100000
0.100000  0.100000  0.880137
0.100000  0.100000  3.360864
0.100000  0.100000  6.756967
1.000000  1.000000  0.100000
1.000000  1.000000  0.100000
0.100000  0.100000  10.000000
0.100000  0.645350  10.000000
0.100444  0.797349  0.100000
1.000000  0.100000  10.000000
0.100000  1.000000  0.100000
1.000000  0.959992  0.541927
1.000000  0.100000  0.100000
0.100000  0.100000  6.320090
0.108004  0.100000  4.301477
0.100000  0.100000  1.676971
0.100000  0.100000  2.345949
0.100000  0.100000  1.589849
0.114564  0.100000  4.806376
0.100000  0.100000  2.018331
1.000000  0.242979  3.187288
0.100000  1.000000  7.581090
1.000000  0.100000  0.100000
0.100000  0.100000  2.369872
0.100000  0.100000  3.315290
0.117995  0.100000  1.689636
0.100000  0.100000  2.849915
0.100000  0.100000  3.220171
1.000000  1.000000  10.000000
0.100000  0.100000  0.100000
1.000000  0.100000  0.100000
0.100000  0.100000  0.100000
0.100000  1.000000  10.000000
0.160558  0.100000  0.241266
0.100000  0.100000  3.905066
1.000000  1.000000  0.100000
0.100000  0.100000  10.000000
0.100000  0.100000  2.342401
0.241978  0.306889  2.488894
0.100000  0.100000  2.535691
0.100000  0.100000  10.000000
0.100000  0.100000  0.100000
0.100000  0.100000  0.100000
0.921663  1.000000  10.000000
0.100000  0.100000  6.242191
0.141702  0.100000  1.225860
0.100000  0.100000  4.878176
0.100000  0.100000  2.085825
0.254290  0.100000  0.100000
0.100000  0.321079  5.768618
0.387956  0.100000  5.351049
0.100000  0.115305  3.172982
0.100000  0.100000  6.495840
0.100000  0.100000  3.150611
0.100000  0.100000  5.483584
0.100000  0.100000  1.806069
0.100000  0.100000  0.100000
0.100000  0.100000  5.508572
0.100000  0.100000  4.027645
0.100000  0.100000  3.765523
0.100000  0.100000  2.803224
0.100000  0.100000  5.187181
0.100000  0.100000  3.329525
0.100000  0.100000  3.999843
0.100000  0.100000  4.717584
0.100000  0.100000  3.573730
0.100000  0.100000  4.785517
0.100000  0.100000  3.592782
0.100000  0.100000  4.958250
0.100000  0.100000  4.555448
0.104963  0.100000  3.313088
0.113561  0.100000  5.051177
0.110940  0.100000  4.851714
0.108343  0.100000  4.584925
0.105388  0.100000  2.975355
0.102701  0.100000  5.687505
0.102140  0.100000  3.276043
0.101628  0.100000  5.575810
0.101111  0.100000  4.499853
0.100527  0.100000  3.920044
0.100000  0.100000  4.342887
0.100000  0.100000  4.583595
0.100000  0.100000  4.993453
0.100000  0.100000  4.084600
0.100427  0.100000  5.161381
0.102617  0.100000  4.792248
0.105077  0.100000  3.370326
0.107308  0.100000  5.936682
0.109475  0.100000  5.002916
0.111885  0.100000  4.096003
0.114168  0.100000  4.449110
0.116423  0.100000  5.593117
0.118977  0.100000  4.101058
0.121274  0.100000  4.779444
0.123568  0.100000  5.536465
0.125914  0.100000  4.778567
0.128252  0.100000  4.260822
0.130561  0.100000  5.731250
0.133072  0.100000  4.424788
0.100000  0.100000  10.000000
0.110567  0.100000  0.100000
1.000000  0.100000  10.000000
0.100000  1.000000  0.100000
0.100000  1.000000  0.100000
1.000000  0.100000  5.233875
1.000000  0.100000  10.000000
0.100000  1.000000  0.100000
0.125510  0.100000  6.163663
0.128256  0.100000  4.735905
0.131279  0.100000  5.530964
0.134123  0.100000  5.902905
0.108194  0.100000  4.934573
0.100000  0.100000  6.126153
0.100000  0.100000  5.597073
0.100000  0.100000  4.972524
0.100000  0.100000  5.418399
0.100000  0.100000  6.478989
0.100000  0.100000  5.940885
0.100000  0.100000  4.999639
1.000000  1.000000  10.000000
0.100000  0.100000  0.100000
0.230736  0.100000  5.672793
0.100000  0.100000  1.955742
0.100000  0.100000  4.597660
0.100000  0.100000  7.115125
1.000000  0.100000  10.000000
0.100000  1.000000  0.100000
0.100000  0.100000  6.366883
0.100000  0.100000  5.955495
0.100000  0.100000  5.930274
1.000000  0.482199  10.000000
0.100000  0.100000  0.100000
0.100000  0.100000  8.698388
0.100000  0.100000  6.730791
0.100000  0.100000  5.431930
0.100000  0.100000  6.926341
0.100000  0.100000  5.520226
0.100000  0.100000  6.183389
0.100000  0.100000  6.371770
0.100000  0.100000  6.923288
0.100000  0.100000  5.579940
0.100000  0.100000  6.161144
0.100000  0.100000  6.047106
0.100000  0.100000  7.084630
0.100000  0.100000  5.701534
0.100000  0.100000  7.249722
0.100000  0.100000  5.130304
0.100000  0.100000  7.922529
0.100000  0.100000  5.936597
0.100000  0.100000  7.178465
0.100000  0.100000  5.742350
0.100000  0.100000  7.357250
0.100000  0.100000  6.716728
0.100000  0.100000  6.143385
0.100000  0.100000  6.743502
0.100000  0.100000  6.778381
0.100000  0.100000  7.329217
0.100000  0.100000  6.159731
0.100000  0.100000  6.725204
0.100000  0.100000  6.835394
0.100000  0.100000  7.580384
0.100000  0.100000  6.274622
1.000000  1.000000  10.000000
0.100000  0.100000  0.100000
0.100000  0.100000  7.777459
0.100000  0.100000  6.527067
0.100000  0.100000  7.762866
0.100000  0.100000  5.660279
0.100000  0.100000  9.083969
0.100000  0.100000  7.094493
0.100000  0.100000  6.509986
0.100000  0.100000  4.085485
0.100000  0.100000  10.000000
0.100000  0.100000  8.941074
0.100000  0.100000  2.136121
0.100000  0.100000  10.000000
0.100000  0.100000  9.476006
0.100000  0.100000  3.851318
0.100000  0.100000  8.298026
0.100000  0.100000  7.069798
0.100000  0.100000  10.000000
0.100000  0.100000  5.789399
0.100000  0.100000  6.444694
0.100000  0.100000  9.700008
0.100000  0.100000  4.709707
0.100000  0.100000  10.000000
0.100000  0.100000  7.569482
