-0.053309  0.005894  -0.074211
-0.102196  0.012007  -0.162364
-0.140135  0.017308  -0.249828
-0.173276  0.022120  -0.338798
-0.201020  0.026458  -0.440700
-0.221158  0.029754  -0.533442
-0.239931  0.032796  -0.626914
-0.255681  0.035177  -0.720507
-0.267905  0.036874  -0.813524
-0.277225  0.037248  -0.917114
-0.284440  0.037502  -1.010991
-0.290369  0.037578  -1.105044
-0.296847  0.037660  -1.207914
-0.300525  0.037413  -1.302036
-0.303386  0.037224  -1.395341
-0.305716  0.037045  -1.496012
-0.307462  0.036958  -1.586706
-0.309395  0.036860  -1.687692
-0.310395  0.036967  -1.788600
-0.310988  0.037094  -1.880057
-0.311216  0.037360  -1.971221
-0.311313  0.037880  -2.071401
-0.311393  0.038361  -2.164425
-0.311029  0.038894  -2.268189
-0.310641  0.039359  -2.362371
-0.310128  0.039872  -2.456477
-0.309581  0.040407  -2.556870
-0.308949  0.040863  -2.646432
-0.308083  0.041443  -2.745691
-0.307302  0.042085  -2.844741
-0.306600  0.042610  -2.934410
-0.305557  0.043276  -3.033683
-0.304598  0.043872  -3.124010
-0.303524  0.044431  -3.223574
-0.302638  0.044948  -3.311881
-0.301637  0.045526  -3.410696
-0.300512  0.046204  -3.509356
-0.299551  0.046804  -3.597609
-0.298445  0.047552  -3.696751
-0.297180  0.048169  -3.794711
-0.296096  0.048623  -3.882881
-0.294954  0.049167  -3.980733
-0.293937  0.049723  -4.071997
-0.292809  0.050394  -4.172989
-0.291637  0.050952  -4.265792
-0.290548  0.051464  -4.355095
-0.289266  0.052099  -4.453181
-0.288133  0.052591  -4.541462
-0.286833  0.053154  -4.639299
-0.285661  0.053661  -4.727040
-0.284302  0.054216  -4.824419
-0.283193  0.054704  -4.911229
-0.282014  0.055245  -5.008309
-0.280758  0.055746  -5.096550
-0.279290  0.056328  -5.196155
-0.277953  0.056847  -5.286301
-0.276651  0.057284  -5.375669
-0.275350  0.057798  -5.473961
-0.274218  0.058316  -5.564339
-0.272965  0.058806  -5.650979
-0.271543  0.059244  -5.746538
-0.270228  0.059646  -5.834296
-0.268991  0.060171  -5.930917
-0.267795  0.060732  -6.019055
-0.266545  0.061339  -6.106210
-0.265166  0.061901  -6.202703
-0.263736  0.062385  -6.291512
-0.262272  0.062805  -6.380672
-0.260962  0.063330  -6.469053
-0.259643  0.063834  -6.556545
-0.258055  0.064357  -6.653025
-0.256591  0.064880  -6.741040
-0.255240  0.065407  -6.828753
-0.253913  0.065972  -6.915806
-0.252441  0.066526  -7.008636
-0.251172  0.066969  -7.092250
-0.249714  0.067341  -7.184403
-0.248360  0.067801  -7.267290
-0.246830  0.068272  -7.359561
-0.245518  0.068643  -7.441864
-0.244062  0.069219  -7.535592
-0.242635  0.069686  -7.621694
-0.241162  0.070253  -7.706704
-0.239808  0.070722  -7.791143
-0.238336  0.071141  -7.884441
-0.237019  0.071582  -7.968386
-0.235635  0.072173  -8.052116
-0.234217  0.072659  -8.136341
-0.232627  0.073023  -8.225649
-0.231115  0.073365  -8.306525
-0.229618  0.073781  -8.396420
-0.228301  0.074246  -8.477407
-0.226895  0.074738  -8.559377
-0.225257  0.075245  -8.650594
-0.223725  0.075693  -8.733405
-0.222208  0.076029  -8.815974
-0.220756  0.076262  -8.897823
-0.219250  0.076670  -8.987916
-0.217779  0.077088  -9.068894
-0.216336  0.077527  -9.149315
-0.214838  0.078055  -9.235371
-0.213415  0.078531  -9.312624
-0.211805  0.078984  -9.399310
-0.210300  0.079429  -9.486100
-0.208912  0.079870  -9.564450
-0.207476  0.080355  -9.650047
-0.206076  0.080697  -9.730453
-0.204602  0.081078  -9.810992
-0.203083  0.081524  -9.889874
-0.201585  0.081969  -9.967919
-0.200046  0.082531  -10.054216
-0.198602  0.083066  -10.133209
-0.197257  0.083430  -10.208676
-0.195675  0.083791  -10.291496
-0.194073  0.084154  -10.374944
-0.192566  0.084663  -10.449333
-0.190994  0.085090  -10.532364
-0.189442  0.085415  -10.610793
-0.187989  0.085811  -10.687444
-0.186447  0.086131  -10.771110
-0.184904  0.086415  -10.847525
-0.183518  0.086729  -10.924068
-0.182065  0.087225  -10.999907
-0.180590  0.087727  -11.074882
-0.178987  0.088314  -11.158038
-0.177464  0.088656  -11.234295
-0.175955  0.089010  -11.307014
-0.174289  0.089400  -11.387030
-0.172951  0.089724  -11.459306
-0.171333  0.090049  -11.538933
-0.169893  0.090380  -11.609761
-0.168528  0.090930  -11.688201
-0.167283  0.091430  -11.759525
-0.165647  0.091973  -11.838591
-0.164128  0.092475  -11.911683
-0.162623  0.092970  -11.983862
-0.161129  0.093461  -12.055234
-0.159449  0.094010  -12.135239
-0.157938  0.094502  -12.206884
-0.156452  0.094985  -12.277161
-0.154811  0.095516  -12.354468
-0.153329  0.095995  -12.424035
-0.151859  0.096467  -12.492813
-0.150221  0.096992  -12.569163
-0.148705  0.097476  -12.639602
-0.147165  0.097966  -12.710866
-0.145647  0.098448  -12.780917
-0.143987  0.098973  -12.857254
-0.142459  0.099454  -12.927283
-0.140911  0.099940  -12.997957
-0.139408  0.100411  -13.066414
-0.137937  0.100870  -13.133129
-0.136323  0.101372  -13.206111
-0.134722  0.101868  -13.278243
-0.133209  0.102336  -13.346240
-0.131687  0.102804  -13.414347
-0.130162  0.103273  -13.482434
-0.128644  0.103738  -13.549958
-0.127128  0.104200  -13.617171
-0.125609  0.104662  -13.684282
-0.124095  0.105121  -13.750970
-0.122601  0.105573  -13.816562
-0.122274  0.096095  -13.888618
-0.121979  0.087506  -13.953640
-0.121683  0.078844  -14.018935
-0.121372  0.069692  -14.087627
-0.121088  0.061309  -14.150273
-0.120778  0.052130  -14.218585
-0.120497  0.043741  -14.280755
-0.120215  0.035293  -14.343102
-0.119901  0.025840  -14.412568
-0.119618  0.017270  -14.475288
-0.119333  0.008614  -14.538370
-0.119024  -0.000820  -14.606847
-0.118743  -0.009446  -14.669193
-0.118461  -0.018139  -14.731777
-0.118187  -0.026624  -14.792608
-0.117890  -0.035855  -14.858522
-0.117619  -0.044342  -14.918885
-0.117351  -0.052727  -14.978276
-0.117055  -0.062087  -15.044309
-0.116788  -0.070542  -15.103724
-0.116524  -0.078944  -15.162528
-0.116230  -0.088356  -15.228143
-0.115963  -0.096913  -15.287556
-0.115697  -0.105497  -15.346930
-0.115438  -0.113892  -15.404771
-0.115151  -0.123244  -15.468949
-0.114893  -0.131683  -15.526641
-0.114609  -0.141012  -15.590166
-0.114353  -0.149452  -15.647417
-0.094903  -0.145274  -15.701178
-0.073433  -0.140653  -15.760236
-0.054084  -0.136483  -15.813206
-0.032712  -0.131868  -15.871435
-0.013628  -0.127740  -15.923186
0.007709  -0.123117  -15.980772
0.013476  -0.134130  -16.040897
0.018689  -0.144090  -16.095053
0.024485  -0.155168  -16.155029
0.029750  -0.165237  -16.209320
0.035143  -0.175558  -16.264732
0.041037  -0.186841  -16.325066
0.038947  -0.186071  -16.379164
0.038004  -0.186177  -16.431988
0.036976  -0.186283  -16.488953
0.036049  -0.186371  -16.539747
0.035003  -0.186461  -16.596312
0.034057  -0.186535  -16.646961
0.033003  -0.186608  -16.702675
0.032042  -0.186667  -16.752934
0.030974  -0.186725  -16.808144
0.030002  -0.186770  -16.857882
0.028917  -0.186812  -16.912724
0.027928  -0.186843  -16.962208
0.026798  -0.186871  -17.018126
0.025771  -0.186889  -17.068426
0.024753  -0.186899  -17.117764
0.023763  -0.186903  -17.165207
0.022657  -0.186899  -17.217703
0.021521  -0.186888  -17.271017
0.029806  -0.188604  -17.321428
0.038030  -0.190301  -17.371239
0.046240  -0.191990  -17.420738
0.054441  -0.193671  -17.469955
0.063472  -0.195516  -17.523903
0.071651  -0.197181  -17.572542
0.079902  -0.198856  -17.621389
0.088074  -0.200509  -17.669552
0.096159  -0.202140  -17.716980
0.104161  -0.203748  -17.763718
0.113132  -0.205546  -17.815874
0.108210  -0.197694  -17.860828
0.102812  -0.189091  -17.909779
0.097874  -0.181225  -17.954248
0.092399  -0.172512  -18.003195
0.087295  -0.164395  -18.048512
0.082167  -0.156244  -18.093729
0.077107  -0.148208  -18.138029
0.071451  -0.139230  -18.187218
0.066327  -0.131104  -18.231462
0.061169  -0.122927  -18.275705
0.056013  -0.114761  -18.319624
0.050960  -0.106762  -18.362377
0.045329  -0.097856  -18.409693
0.040175  -0.089707  -18.452721
0.035204  -0.081854  -18.493933
0.029718  -0.073193  -18.539110
0.024088  -0.064309  -18.585175
0.018961  -0.056224  -18.626841
0.041694  -0.064137  -18.665531
0.064438  -0.072054  -18.704000
0.089482  -0.080773  -18.746098
0.112310  -0.088720  -18.784233
0.135431  -0.096771  -18.822620
0.140157  -0.091570  -18.863304
0.144909  -0.086331  -18.904030
0.149541  -0.081214  -18.943558
0.154664  -0.075543  -18.987082
0.159289  -0.070414  -19.026203
0.164389  -0.064747  -19.069153
0.169026  -0.059584  -19.108036
0.173666  -0.054407  -19.146778
0.178351  -0.049170  -19.185724
0.183043  -0.043916  -19.224560
0.187650  -0.038747  -19.262524
0.192774  -0.032987  -19.304569
0.197435  -0.027738  -19.342646
0.202049  -0.022533  -19.380178
0.206687  -0.017290  -19.417746
0.211622  -0.011702  -19.457542
0.216032  -0.006699  -19.492947
0.220526  -0.001592  -19.528877
0.225460  0.004026  -19.568155
0.229904  0.009095  -19.603380
0.234803  0.014692  -19.642040
0.239291  0.019829  -19.677311
0.243859  0.025066  -19.713047
0.230470  0.011179  -19.746584
0.215740  -0.004091  -19.783201
0.202360  -0.017954  -19.816208
0.189128  -0.031656  -19.848604
0.175897  -0.045349  -19.880753
0.162744  -0.058954  -19.912470
0.148314  -0.073872  -19.947004
0.135464  -0.087150  -19.977530
0.121172  -0.101909  -20.011223
0.106754  -0.116791  -20.044960
0.093361  -0.130608  -20.076065
0.107919  -0.111038  -20.105659
0.122625  -0.091261  -20.135340
0.137288  -0.071533  -20.164722
0.151935  -0.051819  -20.193863
0.156266  -0.045812  -20.228769
0.160216  -0.040324  -20.260441
0.164191  -0.034793  -20.292139
0.166179  -0.032179  -20.322575
0.168399  -0.029695  -20.355709
0.169891  -0.027774  -20.385273
0.171582  -0.025591  -20.418663
0.172725  -0.024047  -20.448555
0.173865  -0.022499  -20.478325
0.175013  -0.021259  -20.511391
0.175848  -0.020015  -20.541845
0.176811  -0.019045  -20.571585
0.177703  -0.017994  -20.600962
0.178415  -0.016952  -20.629635
0.179191  -0.015808  -20.660915
0.179881  -0.014783  -20.688774
0.180665  -0.013828  -20.719389
0.181241  -0.012955  -20.746424
0.181795  -0.012238  -20.776239
0.182345  -0.011519  -20.805971
0.182840  -0.010865  -20.832853
0.183381  -0.010145  -20.862320
0.183880  -0.009473  -20.889643
0.184370  -0.008807  -20.916559
0.184984  -0.007990  -20.943525
0.185673  -0.007048  -20.969719
0.186109  -0.006162  -20.996662
0.186562  -0.005228  -21.024908
0.187008  -0.004298  -21.052849
0.187559  -0.003501  -21.077858
0.188172  -0.002605  -21.105789
0.188723  -0.001793  -21.130943
0.189263  -0.000990  -21.155661
0.189791  -0.000200  -21.179857
0.190386  0.000699  -21.207214
0.190919  0.001511  -21.231787
0.191450  0.002326  -21.256283
0.191755  0.002991  -21.280436
0.192015  0.003693  -21.306923
0.192397  0.004457  -21.330853
0.192774  0.005220  -21.354599
0.193149  0.006022  -21.380440
0.193476  0.006732  -21.403202
0.193829  0.007508  -21.427896
0.194153  0.008229  -21.450739
0.194465  0.008935  -21.472952
0.194806  0.009716  -21.497385
0.195117  0.010437  -21.519829
0.195425  0.011162  -21.542253
0.195728  0.011886  -21.564497
0.196323  0.012629  -21.588470
0.196830  0.013301  -21.609917
0.197305  0.013817  -21.631428
0.197772  0.014326  -21.652552
0.198276  0.014880  -21.675467
0.198773  0.015611  -21.696169
0.199257  0.016231  -21.716080
0.199787  0.016916  -21.737949
0.200335  0.017627  -21.760553
0.200818  0.018260  -21.780531
0.201292  0.018885  -21.800131
0.201824  0.019590  -21.822151
0.202302  0.020229  -21.841984
0.202782  0.020874  -21.861872
0.203257  0.021518  -21.881624
0.203531  0.022241  -21.900640
0.203827  0.023035  -21.921366
0.204091  0.023756  -21.940060
0.204344  0.024454  -21.958073
0.204616  0.025217  -21.977600
0.204977  0.025891  -21.995275
0.205360  0.026665  -22.014462
0.205880  0.027445  -22.033602
0.206350  0.028154  -22.050884
0.206867  0.028940  -22.069902
0.207169  0.029700  -22.086971
0.207475  0.030479  -22.104315
0.207920  0.031601  -22.122850
0.208324  0.032628  -22.139681
0.208718  0.033640  -22.156155
0.208898  0.034137  -22.172953
0.209564  0.034717  -22.191244
0.210019  0.034666  -22.207285
0.210533  0.034605  -22.225391
0.210995  0.034548  -22.241703
0.211345  0.035268  -22.257273
0.211734  0.036076  -22.274635
0.212082  0.036806  -22.290197
0.212324  0.037462  -22.305876
0.212602  0.038112  -22.322796
0.212850  0.038700  -22.338022
0.213094  0.039282  -22.353001
0.213329  0.039854  -22.367611
0.213588  0.040491  -22.383783
0.213816  0.041058  -22.398071
0.214208  0.041879  -22.414476
0.214600  0.042707  -22.430901
0.215870  0.043770  -22.445047
0.217267  0.044941  -22.460499
0.224482  0.047898  -22.473654
0.234837  0.051112  -22.488760
0.238509  0.055443  -22.502718
0.235805  0.058480  -22.515890
0.234947  0.060870  -22.529926
0.233435  0.062070  -22.543758
0.231922  0.063264  -22.557419
0.230425  0.064440  -22.570753
0.228756  0.065744  -22.585434
0.227237  0.066926  -22.598621
0.227530  0.067516  -22.610905
0.227656  0.066896  -22.625608
0.227766  0.066332  -22.638798
0.227874  0.065757  -22.652027
0.227976  0.065187  -22.664980
0.228076  0.064610  -22.677860
0.228182  0.063967  -22.692022
0.228276  0.063374  -22.704891
0.228365  0.062787  -22.717443
0.228450  0.062198  -22.729851
0.224337  0.055987  -22.740726
0.221104  0.045438  -22.751066
0.217486  0.033643  -22.762487
0.216278  0.026947  -22.773094
0.213975  0.019753  -22.782042
0.211394  0.011700  -22.791920
0.210535  0.008765  -22.802299
0.209676  0.005842  -22.812513
0.208726  0.002617  -22.823641
0.207861  -0.000307  -22.833612
0.208905  0.000740  -22.843079
0.209936  0.001778  -22.852335
0.211086  0.002937  -22.862543
0.209857  0.002726  -22.871359
0.208506  0.002495  -22.880907
0.207298  0.002288  -22.889307
0.203081  -0.000437  -22.899464
0.202777  0.000117  -22.909781
0.202492  0.000633  -22.919271
0.202205  0.001149  -22.928648
0.203039  0.002097  -22.936613
0.203872  0.003046  -22.944475
0.204938  0.005168  -22.953524
0.205908  0.007105  -22.961668
0.205368  0.006538  -22.969692
0.204840  0.005986  -22.977394
0.205495  0.006854  -22.986074
0.206107  0.008142  -22.994520
0.206653  0.009293  -23.001959
0.207145  0.010589  -23.010008
0.207589  0.011764  -23.017199
0.208080  0.013068  -23.025068
0.208529  0.014265  -23.032188
0.208662  0.014953  -23.039299
0.208795  0.015647  -23.046366
0.208938  0.016408  -23.054010
0.209067  0.017105  -23.060902
0.209180  0.017687  -23.067564
0.209289  0.018258  -23.074011
0.209294  0.018752  -23.080971
0.209358  0.019363  -23.087196
0.209427  0.020046  -23.094040
0.209489  0.020672  -23.100227
0.209513  0.021248  -23.106617
0.209577  0.021883  -23.113543
0.209632  0.022463  -23.119781
0.209755  0.022879  -23.126022
0.209905  0.023414  -23.131767
0.209923  0.023928  -23.137316
0.209883  0.024447  -23.143158
0.209950  0.024952  -23.148701
0.210015  0.025449  -23.154085
0.210084  0.025992  -23.159857
0.210114  0.026562  -23.164726
0.210214  0.027083  -23.170425
0.210276  0.027582  -23.175335
0.210345  0.028235  -23.180590
0.210467  0.028907  -23.185202
0.210423  0.029468  -23.190147
0.210335  0.029819  -23.195282
0.210371  0.030190  -23.200367
0.210249  0.030639  -23.205147
0.210124  0.031090  -23.209866
0.210222  0.031590  -23.214119
0.210328  0.032143  -23.218742
0.210347  0.032604  -23.223021
0.210275  0.033151  -23.226940
0.210357  0.033763  -23.231337
0.210392  0.034239  -23.235359
0.210379  0.034718  -23.239208
0.210317  0.035295  -23.243130
0.210338  0.035842  -23.246607
0.210359  0.036317  -23.250080
0.210357  0.036898  -23.254063
0.210315  0.037499  -23.257431
0.210421  0.038025  -23.260866
0.210477  0.038465  -23.264236
0.210531  0.038900  -23.267498
0.210477  0.039387  -23.270498
0.210452  0.039837  -23.273163
0.210582  0.040334  -23.276001
0.210670  0.040868  -23.278864
0.210657  0.041337  -23.281317
0.210705  0.041930  -23.284304
0.210717  0.042486  -23.286821
0.210630  0.042887  -23.289265
0.210578  0.043219  -23.292158
0.210549  0.043652  -23.294500
0.210554  0.044152  -23.296850
0.210623  0.044622  -23.298883
0.210689  0.045085  -23.300821
0.210756  0.045512  -23.303257
0.210753  0.046096  -23.305645
0.210722  0.046528  -23.307728
0.210756  0.046993  -23.309692
0.210736  0.047572  -23.311762
0.210682  0.048070  -23.313581
0.210537  0.048653  -23.315664
0.210526  0.049064  -23.317503
0.210502  0.049608  -23.319353
0.210533  0.050182  -23.320749
0.210522  0.050654  -23.322205
0.210598  0.051025  -23.323788
0.210557  0.051492  -23.325308
0.210489  0.051869  -23.326483
0.210420  0.052247  -23.327600
0.210390  0.052734  -23.328642
0.210303  0.053251  -23.329941
0.210241  0.053732  -23.330912
0.210331  0.054166  -23.331703
0.210386  0.054550  -23.332483
0.210453  0.054856  -23.333200
0.210423  0.055314  -23.334156
0.210368  0.055832  -23.334984
0.210375  0.056316  -23.335644
0.210378  0.056862  -23.336082
0.210380  0.057360  -23.336426
0.210260  0.057744  -23.336798
0.210123  0.058140  -23.337090
0.210057  0.058596  -23.337393
0.210009  0.059029  -23.337822
0.210039  0.059496  -23.338179
0.210095  0.059998  -23.338377
0.210101  0.060500  -23.338312
0.210009  0.061122  -23.338392
0.209945  0.061665  -23.338507
0.209845  0.062091  -23.338612
0.209738  0.062503  -23.338587
0.209697  0.062901  -23.338390
0.209570  0.063350  -23.338047
0.209436  0.063903  -23.337839
0.209360  0.064387  -23.337435
0.209303  0.064868  -23.336998
0.209412  0.065348  -23.336718
0.209391  0.065747  -23.336224
0.209415  0.066064  -23.335619
0.209514  0.066457  -23.335169
0.209574  0.066932  -23.334421
0.209617  0.067408  -23.333927
0.209629  0.067893  -23.332996
0.209578  0.068292  -23.332108
0.209527  0.068684  -23.331184
0.209486  0.069133  -23.330544
0.209338  0.069591  -23.329638
0.209333  0.069970  -23.328650
0.209380  0.070454  -23.327753
0.209425  0.070933  -23.326820
0.209336  0.071417  -23.325497
0.209257  0.071753  -23.324051
0.209156  0.072196  -23.322998
0.209021  0.072616  -23.321968
0.208933  0.073055  -23.320889
0.208948  0.073482  -23.319710
0.208922  0.073809  -23.318489
0.208893  0.074170  -23.317091
0.208751  0.074591  -23.315872
0.208682  0.074925  -23.314737
0.208702  0.075309  -23.313284
0.208706  0.075809  -23.311790
0.208559  0.076099  -23.310230
0.208447  0.076400  -23.308876
0.208492  0.076821  -23.307402
0.208379  0.077218  -23.305481
0.208359  0.077589  -23.303890
0.208254  0.077956  -23.302286
0.208200  0.078359  -23.300383
0.208093  0.078758  -23.298552
0.208046  0.079231  -23.296513
0.208003  0.079658  -23.294632
0.207951  0.080079  -23.292782
0.208018  0.080332  -23.290771
0.207969  0.080661  -23.288679
0.207883  0.081052  -23.286509
0.207758  0.081387  -23.284527
0.207666  0.081847  -23.282484
0.207570  0.082380  -23.280275
0.207478  0.082741  -23.278214
0.207422  0.083088  -23.276173
0.207427  0.083404  -23.273571
0.207336  0.083701  -23.271391
0.207234  0.084028  -23.268951
0.207192  0.084391  -23.266741
0.207158  0.084832  -23.264236
0.206973  0.085186  -23.261593
0.206741  0.085527  -23.259443
0.206528  0.085951  -23.257147
0.206258  0.086260  -23.254387
0.206195  0.086486  -23.251947
0.206086  0.086840  -23.249479
0.205909  0.087190  -23.247030
0.205790  0.087506  -23.244522
0.205778  0.087843  -23.241877
0.205812  0.088168  -23.239788
0.205765  0.088531  -23.237339
0.205718  0.088894  -23.234848
0.205580  0.089389  -23.231865
0.205516  0.089883  -23.229149
0.205522  0.090334  -23.226425
0.205460  0.090665  -23.223755
0.205366  0.090913  -23.221094
0.205205  0.091152  -23.218227
0.204995  0.091571  -23.215675
0.204842  0.092087  -23.212946
0.204801  0.092556  -23.209871
0.204731  0.092949  -23.207243
0.204599  0.093261  -23.204369
0.204461  0.093565  -23.201534
0.204305  0.093902  -23.198351
0.204346  0.094224  -23.195477
0.204293  0.094381  -23.192501
0.204196  0.094668  -23.189669
0.204089  0.095012  -23.186539
0.204163  0.095388  -23.183428
0.204124  0.095745  -23.180336
0.203940  0.096109  -23.176981
0.203909  0.096346  -23.173891
0.203802  0.096656  -23.170795
0.203721  0.097007  -23.167326
0.203722  0.097268  -23.164280
0.203569  0.097520  -23.160877
0.203414  0.097771  -23.157442
0.203266  0.098084  -23.154261
0.203121  0.098502  -23.150681
0.202972  0.098796  -23.147297
0.202851  0.098950  -23.143871
0.202721  0.099254  -23.140289
0.202765  0.099531  -23.137022
0.202734  0.099835  -23.133736
0.202514  0.100177  -23.130527
0.202330  0.100521  -23.126820
0.202189  0.100870  -23.123671
0.201997  0.101158  -23.119860
0.201888  0.101409  -23.116276
0.201803  0.101707  -23.113018
0.201739  0.102025  -23.109798
0.201672  0.102221  -23.106672
0.201717  0.102461  -23.103413
0.201668  0.102809  -23.099545
0.201599  0.103089  -23.095753
0.201419  0.103327  -23.092228
0.201191  0.103540  -23.088448
0.200973  0.103796  -23.085043
0.200792  0.104013  -23.081459
0.200647  0.104297  -23.078119
0.200553  0.104614  -23.074652
0.200462  0.104961  -23.071190
0.200416  0.105230  -23.067533
0.200286  0.105573  -23.063675
0.200131  0.105855  -23.060110
0.200002  0.106097  -23.056570
0.199859  0.106362  -23.052649
0.199728  0.106596  -23.049274
0.199692  0.106852  -23.045544
0.199778  0.106990  -23.042252
0.199831  0.107184  -23.038437
0.199879  0.107354  -23.035048
0.199799  0.107614  -23.030943
0.199677  0.107934  -23.027197
0.199469  0.108200  -23.023172
0.199400  0.108349  -23.019758
0.199332  0.108495  -23.016380
0.199215  0.108951  -23.012390
0.199148  0.109314  -23.008785
0.199075  0.109595  -23.005192
0.198989  0.109857  -23.001232
0.198682  0.110244  -22.996889
0.198395  0.110473  -22.993229
0.198254  0.110688  -22.989302
0.198324  0.111005  -22.985962
0.198395  0.111325  -22.982113
0.198253  0.111479  -22.978510
0.198091  0.111652  -22.974405
0.197847  0.111885  -22.970552
0.197603  0.112116  -22.966698
0.197647  0.112171  -22.963017
0.197651  0.112302  -22.959352
0.197698  0.112504  -22.955574
0.197584  0.112764  -22.952217
0.197414  0.113005  -22.948128
0.197307  0.113279  -22.944435
0.197162  0.113568  -22.940720
0.197023  0.113839  -22.936714
0.196930  0.114066  -22.932909
0.196847  0.114389  -22.929052
0.196757  0.114740  -22.924856
0.196599  0.114933  -22.921146
0.196443  0.115122  -22.917494
0.196287  0.115309  -22.913830
0.196129  0.115434  -22.909958
0.196004  0.115397  -22.906248
0.195898  0.115734  -22.902452
0.195776  0.116039  -22.898575
0.195610  0.116376  -22.894670
0.195421  0.116632  -22.891188
0.195246  0.116751  -22.887398
0.195084  0.116911  -22.883781
0.195040  0.117010  -22.880142
0.195049  0.117122  -22.876377
0.195010  0.117186  -22.872860
0.194966  0.117256  -22.868938
0.194851  0.117630  -22.865040
0.194749  0.117823  -22.861338
0.194598  0.118067  -22.857674
0.194579  0.118357  -22.853415
0.194475  0.118628  -22.849535
0.194412  0.118896  -22.845648
0.194309  0.118945  -22.842018
0.194190  0.119105  -22.838017
0.194168  0.119332  -22.834276
0.193983  0.119619  -22.830387
0.193911  0.119779  -22.826612
0.193765  0.119956  -22.822750
0.193620  0.120129  -22.818926
0.193520  0.120359  -22.814880
0.193444  0.120603  -22.811377
0.193354  0.120837  -22.807919
0.193313  0.121050  -22.804111
0.193210  0.121153  -22.800377
0.193018  0.121267  -22.796194
0.192854  0.121548  -22.792593
0.192700  0.121840  -22.788744
0.192637  0.122122  -22.785240
0.192544  0.122359  -22.781137
0.192424  0.122570  -22.777235
0.192217  0.122788  -22.773514
0.192008  0.123007  -22.769749
0.191969  0.123085  -22.766180
0.191859  0.123202  -22.762571
0.191674  0.123402  -22.758734
0.191476  0.123568  -22.754620
0.191359  0.123701  -22.750793
0.191293  0.123909  -22.747057
0.191148  0.124060  -22.743591
0.191073  0.124246  -22.740034
0.191024  0.124464  -22.736204
0.190982  0.124426  -22.732603
0.190936  0.124382  -22.728657
0.190912  0.124560  -22.724960
0.190889  0.124734  -22.721336
0.190802  0.124767  -22.717373
0.190752  0.124781  -22.713902
0.190639  0.124699  -22.710407
0.190407  0.124797  -22.706726
0.190228  0.124995  -22.703215
0.190102  0.125146  -22.699524
0.190093  0.125279  -22.695721
0.190094  0.125459  -22.691776
0.189894  0.125635  -22.688059
0.189724  0.125759  -22.684542
0.189591  0.125923  -22.681116
0.189475  0.126066  -22.677755
0.189269  0.126121  -22.674118
0.189169  0.126227  -22.670870
0.189120  0.126472  -22.667309
0.189008  0.126666  -22.663641
0.189058  0.126806  -22.660166
0.189047  0.126954  -22.656609
0.188996  0.127106  -22.652855
0.188756  0.127207  -22.649584
0.188546  0.127345  -22.645950
0.188376  0.127600  -22.642174
0.188342  0.127767  -22.638763
0.188361  0.127922  -22.635290
0.188350  0.128007  -22.631893
0.188339  0.128093  -22.628431
0.188418  0.128154  -22.624697
0.188467  0.128146  -22.621490
0.188406  0.128167  -22.618231
0.188269  0.128346  -22.614616
0.188227  0.128474  -22.611311
0.188167  0.128567  -22.608299
0.188038  0.128739  -22.604685
0.187950  0.128812  -22.601349
0.187854  0.128918  -22.597900
0.187734  0.129103  -22.594458
0.187585  0.129235  -22.590633
0.187541  0.129279  -22.587250
0.187523  0.129361  -22.583908
0.187505  0.129442  -22.580606
0.187492  0.129519  -22.577595
0.187426  0.129483  -22.574291
0.187327  0.129508  -22.570745
0.187188  0.129542  -22.567549
0.187114  0.129687  -22.563908
0.186977  0.129704  -22.560814
0.186861  0.129661  -22.557251
0.186839  0.129706  -22.554071
0.186921  0.129911  -22.550789
0.186747  0.129989  -22.547749
0.186571  0.130119  -22.544329
0.186531  0.130216  -22.541124
0.186492  0.130311  -22.537926
0.186429  0.130372  -22.534864
0.186337  0.130441  -22.531408
0.186154  0.130471  -22.528105
0.185969  0.130437  -22.524734
0.185971  0.130552  -22.521891
0.186048  0.130637  -22.519022
0.185993  0.130747  -22.515778
0.185855  0.130786  -22.512770
0.185744  0.130841  -22.509647
0.185727  0.130881  -22.506716
0.185615  0.130946  -22.503843
0.185492  0.131016  -22.500708
0.185480  0.131250  -22.497627
0.185451  0.131329  -22.494684
0.185481  0.131461  -22.491531
0.185415  0.131541  -22.488279
0.185366  0.131708  -22.485239
0.185254  0.131754  -22.481865
0.185153  0.131796  -22.478806
0.185122  0.131780  -22.475822
0.185096  0.131743  -22.472982
0.185123  0.131919  -22.469641
0.184991  0.132092  -22.466776
0.184997  0.132250  -22.463995
0.185003  0.132407  -22.461235
0.184850  0.132366  -22.458382
0.184682  0.132263  -22.455339
0.184621  0.132256  -22.452215
0.184564  0.132267  -22.449331
0.184530  0.132377  -22.446356
0.184459  0.132528  -22.443222
0.184441  0.132511  -22.440336
0.184504  0.132516  -22.436941
0.184364  0.132512  -22.434034
0.184323  0.132601  -22.431023
0.184318  0.132800  -22.428352
0.184176  0.132898  -22.425804
0.184036  0.132993  -22.423302
0.183972  0.133070  -22.420568
0.183920  0.133169  -22.418058
0.183911  0.133246  -22.415024
0.183826  0.133311  -22.412352
0.183707  0.133385  -22.409296
0.183619  0.133264  -22.406754
0.183701  0.133173  -22.403690
0.183696  0.133115  -22.400837
0.183547  0.133142  -22.398035
0.183406  0.133279  -22.395298
0.183339  0.133399  -22.392307
0.183239  0.133507  -22.389568
0.183139  0.133614  -22.386864
0.183045  0.133592  -22.384130
0.182945  0.133569  -22.381197
0.182961  0.133629  -22.378689
0.182915  0.133718  -22.376080
0.182757  0.133649  -22.373650
0.182718  0.133610  -22.370911
0.182564  0.133737  -22.368237
0.182577  0.133938  -22.365582
0.182544  0.134023  -22.362875
0.182442  0.134127  -22.360374
0.182268  0.134165  -22.357805
0.182123  0.134220  -22.355158
0.181991  0.134271  -22.352751
0.181989  0.134401  -22.350323
0.181921  0.134494  -22.347645
0.181810  0.134530  -22.345257
0.181782  0.134660  -22.342979
0.181705  0.134779  -22.340656
0.181685  0.134787  -22.338226
0.181710  0.134744  -22.335485
0.181663  0.134778  -22.333094
0.181599  0.134872  -22.330694
0.181552  0.134891  -22.328426
0.181549  0.134901  -22.326361
0.181545  0.134910  -22.324150
0.181543  0.134918  -22.322197
0.181328  0.134712  -22.320215
0.181294  0.134362  -22.317858
0.181222  0.134505  -22.315353
0.181099  0.134435  -22.313108
0.181032  0.134297  -22.311037
0.180844  0.134529  -22.308777
0.180744  0.134683  -22.306417
0.180687  0.134747  -22.304258
0.180630  0.134811  -22.302101
0.180634  0.134847  -22.299911
0.180626  0.134841  -22.297413
0.180619  0.134835  -22.295162
0.180532  0.134842  -22.292974
0.180582  0.134876  -22.290886
0.180560  0.134763  -22.288715
0.180497  0.134775  -22.286964
0.180445  0.134845  -22.284889
0.180377  0.134790  -22.282770
0.180288  0.134798  -22.280468
0.180266  0.134901  -22.278332
0.180200  0.134954  -22.276180
0.180148  0.134876  -22.273834
0.180179  0.134893  -22.271801
0.180252  0.134919  -22.269808
0.180325  0.134946  -22.267824
0.180137  0.135118  -22.265802
0.179839  0.135141  -22.263721
0.179709  0.135206  -22.261784
0.179611  0.135168  -22.259846
0.179474  0.135085  -22.257980
0.179351  0.135010  -22.256313
0.179283  0.135051  -22.254261
0.179261  0.135160  -22.252529
0.179288  0.135133  -22.250544
0.179260  0.135077  -22.248446
0.179284  0.135131  -22.246389
0.179270  0.135295  -22.244581
0.179254  0.135475  -22.242601
0.179218  0.135476  -22.241016
0.179186  0.135515  -22.239023
0.178993  0.135454  -22.237127
0.178903  0.135435  -22.234949
0.178908  0.135571  -22.233072
0.178881  0.135597  -22.231550
0.178779  0.135734  -22.229832
0.178810  0.135891  -22.227875
0.178817  0.135825  -22.226044
0.178598  0.135830  -22.224354
0.178451  0.135869  -22.222504
0.178336  0.135839  -22.220650
0.178219  0.135807  -22.218798
0.178160  0.135813  -22.217131
0.178183  0.135828  -22.215569
0.178123  0.135863  -22.213726
0.178232  0.135815  -22.212044
0.178329  0.135768  -22.210270
0.178304  0.135835  -22.208643
0.178258  0.135828  -22.206821
0.178255  0.135813  -22.205282
0.178136  0.135766  -22.203306
0.178028  0.135723  -22.201513
0.177951  0.135614  -22.199636
0.177956  0.135554  -22.197865
0.177844  0.135582  -22.196495
0.177862  0.135646  -22.194958
0.177968  0.135741  -22.193527
0.178019  0.135715  -22.191793
0.178071  0.135689  -22.190073
0.177983  0.135629  -22.188522
0.177886  0.135633  -22.186934
0.177871  0.135606  -22.185617
0.177826  0.135574  -22.184179
0.177802  0.135582  -22.182356
0.177779  0.135588  -22.180649
0.177690  0.135609  -22.179371
0.177538  0.135673  -22.178108
0.177386  0.135737  -22.176851
0.177381  0.135715  -22.175407
0.177365  0.135618  -22.174019
0.177288  0.135606  -22.172571
0.177257  0.135660  -22.171215
0.177338  0.135660  -22.169996
0.177417  0.135613  -22.168743
0.177420  0.135603  -22.167492
0.177305  0.135681  -22.166080
0.177193  0.135706  -22.164579
0.177227  0.135764  -22.163305
0.177243  0.135762  -22.161852
0.177163  0.135729  -22.160307
0.177085  0.135696  -22.158781
0.176972  0.135665  -22.157337
0.176949  0.135716  -22.155910
0.176898  0.135669  -22.154526
0.176811  0.135707  -22.153267
0.176739  0.135766  -22.151884
0.176672  0.135757  -22.150484
0.176639  0.135709  -22.149319
0.176613  0.135594  -22.147909
0.176589  0.135600  -22.146645
0.176593  0.135615  -22.145472
0.176592  0.135558  -22.144392
0.176590  0.135673  -22.143215
0.176589  0.135800  -22.141922
0.176694  0.135888  -22.140650
0.176799  0.135975  -22.139400
0.176821  0.136072  -22.138426
0.176591  0.135654  -22.137432
0.176515  0.135124  -22.136505
0.176557  0.135050  -22.135582
0.176502  0.135169  -22.134302
0.176422  0.135099  -22.133072
0.176403  0.135013  -22.131735
0.176431  0.135039  -22.130322
0.176367  0.134962  -22.129095
0.176385  0.134888  -22.128218
0.176402  0.134816  -22.127367
0.176504  0.134822  -22.126585
0.176366  0.134228  -22.126003
0.176406  0.135368  -22.124552
0.176259  0.135449  -22.123362
0.176265  0.135441  -22.122459
0.176271  0.135434  -22.121647
0.176223  0.135452  -22.120552
0.176244  0.135338  -22.119604
0.176361  0.135152  -22.118771
0.176527  0.135052  -22.117952
0.176523  0.134966  -22.117186
0.176364  0.134998  -22.116287
0.176205  0.135031  -22.115395
0.176215  0.135006  -22.114582
0.176296  0.134991  -22.113680
0.176377  0.134977  -22.112787
0.176399  0.134872  -22.111921
0.176464  0.134842  -22.111082
0.176422  0.134847  -22.110098
0.176377  0.134853  -22.109032
0.176433  0.134971  -22.108093
0.176440  0.135045  -22.107214
0.176409  0.135035  -22.106556
0.176334  0.134974  -22.105585
0.176330  0.134883  -22.104975
0.176355  0.134851  -22.104584
0.176414  0.134780  -22.103975
0.176328  0.134683  -22.103279
0.176239  0.134705  -22.102579
0.176187  0.134750  -22.101963
0.176192  0.134673  -22.101385
0.176024  0.134647  -22.100668
0.175989  0.134599  -22.099932
0.176059  0.134551  -22.099184
0.176009  0.134544  -22.098492
0.175958  0.134588  -22.097963
0.175881  0.134594  -22.097300
0.175877  0.134516  -22.096783
0.175892  0.134459  -22.095974
0.175877  0.134430  -22.095198
0.175986  0.134386  -22.094507
0.176086  0.134376  -22.093737
0.176236  0.134307  -22.093052
0.176370  0.134299  -22.092319
0.176302  0.134205  -22.091555
0.176284  0.134159  -22.090912
0.176215  0.134113  -22.090353
0.176146  0.134068  -22.089802
0.176088  0.133968  -22.089169
0.176030  0.133976  -22.088776
0.175999  0.134009  -22.088312
0.175963  0.134054  -22.087543
0.175913  0.134109  -22.086853
0.175896  0.134077  -22.086395
0.175937  0.134022  -22.085960
0.175944  0.133960  -22.085329
0.175944  0.133963  -22.084421
0.175945  0.133966  -22.083603
0.172051  0.134318  -22.088926
0.149616  0.149999  -22.096218
0.142375  0.156664  -22.100214
0.153193  0.152105  -22.099390
0.167615  0.142732  -22.101158
0.180746  0.134197  -22.102776
0.187781  0.126939  -22.103489
0.185740  0.128023  -22.103455
0.179837  0.133373  -22.102676
0.175363  0.137689  -22.101856
0.171854  0.140856  -22.101250
0.169533  0.142993  -22.100863
0.167504  0.144732  -22.100542
0.165867  0.146089  -22.100111
0.164523  0.147267  -22.099796
0.163560  0.148064  -22.099525
0.162692  0.148803  -22.099216
0.161990  0.149387  -22.098804
0.161287  0.149972  -22.098398
0.161018  0.150129  -22.097925
0.160695  0.150344  -22.097511
0.160489  0.150508  -22.097103
0.160254  0.150760  -22.096735
0.160034  0.150935  -22.096500
0.159967  0.151061  -22.096315
0.159784  0.151128  -22.095961
0.159643  0.151145  -22.095503
0.159458  0.151033  -22.095097
0.159552  0.150864  -22.094761
0.159553  0.150820  -22.094276
0.159450  0.150869  -22.093710
0.159350  0.150917  -22.093161
0.159318  0.150969  -22.092527
0.159375  0.150914  -22.092207
0.159427  0.150864  -22.091927
0.159394  0.150877  -22.091608
0.159438  0.150774  -22.091333
0.159352  0.150667  -22.091291
0.159256  0.150547  -22.091251
0.159286  0.150563  -22.090954
0.159318  0.150550  -22.090624
0.159324  0.150512  -22.090240
0.159361  0.150435  -22.089668
0.159380  0.150340  -22.089254
0.159397  0.150251  -22.088879
0.159424  0.150191  -22.088705
0.159547  0.150140  -22.088593
0.159649  0.150165  -22.088348
0.159695  0.150157  -22.088171
0.159641  0.150045  -22.087940
0.159593  0.149943  -22.087734
0.159587  0.149919  -22.087517
0.159648  0.149961  -22.087427
0.159747  0.149911  -22.087204
0.159838  0.149866  -22.087008
0.159845  0.149790  -22.086628
0.159853  0.149719  -22.086281
0.159861  0.149647  -22.085938
0.159907  0.149610  -22.085867
0.160004  0.149625  -22.085735
0.160042  0.149674  -22.085567
0.160054  0.149734  -22.085365
0.160121  0.149742  -22.085402
0.160197  0.149845  -22.085312
0.160252  0.149825  -22.085476
0.160284  0.149878  -22.085283
0.160335  0.149863  -22.085102
0.160350  0.149714  -22.084959
0.160374  0.149623  -22.084780
0.160305  0.149601  -22.084579
0.160264  0.149519  -22.084425
0.160226  0.149431  -22.084238
0.160221  0.149340  -22.084049
0.160148  0.149326  -22.083956
0.160126  0.149401  -22.084024
0.160144  0.149465  -22.084105
0.160199  0.149319  -22.083979
0.160296  0.149151  -22.083847
0.160445  0.149078  -22.083645
0.160502  0.149086  -22.083334
0.160453  0.149047  -22.083242
0.160422  0.148999  -22.083279
0.160396  0.148945  -22.083261
0.160366  0.148873  -22.083183
0.160455  0.148866  -22.083118
0.160560  0.148878  -22.083279
0.160618  0.148817  -22.083467
0.160650  0.148705  -22.083452
0.160759  0.148650  -22.083136
0.160807  0.148534  -22.082817
0.160852  0.148428  -22.082531
0.160901  0.148395  -22.082500
0.160926  0.148417  -22.082598
0.161030  0.148368  -22.082598
0.161125  0.148323  -22.082602
0.161239  0.148293  -22.082720
0.161365  0.148259  -22.082855
0.161338  0.148305  -22.082945
0.161140  0.148190  -22.082979
0.161082  0.148173  -22.082945
0.161115  0.148187  -22.083174
0.161084  0.148292  -22.083281
0.161083  0.148359  -22.083366
0.161021  0.148328  -22.083374
0.161034  0.148328  -22.083549
0.161175  0.148276  -22.083715
0.161297  0.148335  -22.083694
0.161268  0.148363  -22.083618
0.161182  0.148331  -22.083370
0.161100  0.148301  -22.083138
0.161007  0.148231  -22.083393
0.160899  0.148091  -22.083611
0.160873  0.147887  -22.083654
0.160884  0.147705  -22.083643
0.160936  0.147698  -22.083714
0.160999  0.147774  -22.083796
0.161057  0.147844  -22.083876
0.161033  0.147858  -22.084127
0.161076  0.147826  -22.084383
0.161193  0.147698  -22.084476
0.161098  0.147536  -22.084602
0.161004  0.147374  -22.084734
0.160899  0.147195  -22.084883
0.160959  0.147195  -22.084852
0.161067  0.147197  -22.084860
0.161089  0.147188  -22.085009
0.161036  0.147134  -22.085249
0.161024  0.146975  -22.085642
0.161071  0.146876  -22.086025
0.161133  0.146854  -22.086029
0.161097  0.146851  -22.086018
0.161243  0.146914  -22.085974
0.161325  0.146898  -22.086187
0.161364  0.146739  -22.086363
0.161368  0.146604  -22.086435
0.161372  0.146456  -22.086517
0.161515  0.146489  -22.086712
0.161635  0.146426  -22.086975
0.161551  0.146415  -22.087353
0.161580  0.146365  -22.087725
0.161605  0.146330  -22.088226
0.161627  0.146343  -22.088507
0.161677  0.146394  -22.088848
0.161832  0.146315  -22.089025
0.161898  0.146154  -22.088995
0.161864  0.146088  -22.089344
0.161715  0.146164  -22.089766
0.161584  0.146232  -22.090145
0.161520  0.146200  -22.090393
0.161456  0.146168  -22.090647
0.161485  0.146140  -22.091105
0.161556  0.146016  -22.091475
0.161621  0.145904  -22.091814
0.161773  0.145799  -22.092123
0.161915  0.145709  -22.092398
0.161907  0.145743  -22.092777
0.161898  0.145776  -22.093155
0.161968  0.145640  -22.093363
0.162049  0.145641  -22.093504
0.162139  0.145705  -22.093868
0.162189  0.145696  -22.094173
0.162236  0.145598  -22.094362
0.162283  0.145500  -22.094553
0.162354  0.145494  -22.094900
0.162430  0.145487  -22.095276
0.162382  0.145391  -22.095444
0.162320  0.145458  -22.095587
0.162227  0.145430  -22.095913
0.162202  0.145456  -22.096252
0.162154  0.145444  -22.096489
0.162221  0.145440  -22.096603
0.162310  0.145325  -22.096983
0.162355  0.145312  -22.097513
0.162469  0.145326  -22.097868
0.162639  0.145294  -22.098217
0.162791  0.145266  -22.098530
0.162869  0.145197  -22.098791
0.162944  0.145244  -22.098825
0.163016  0.145231  -22.098642
0.163072  0.145192  -22.098783
0.163117  0.145102  -22.099026
0.163129  0.145006  -22.099249
0.163216  0.144959  -22.099493
0.163295  0.144917  -22.099718
0.163443  0.144925  -22.099958
0.163559  0.144870  -22.100201
0.163561  0.144870  -22.100327
0.163620  0.144920  -22.100641
0.163679  0.144971  -22.100960
0.163685  0.144733  -22.101303
0.163696  0.144558  -22.101711
0.163702  0.144552  -22.102108
0.163727  0.144605  -22.102293
0.163687  0.144688  -22.102608
0.163774  0.144674  -22.103003
0.163952  0.144490  -22.103209
0.164111  0.144327  -22.103394
0.164127  0.144369  -22.103672
0.164146  0.144309  -22.104183
0.164163  0.144254  -22.104650
0.164290  0.144198  -22.105196
0.164406  0.144148  -22.105690
0.164468  0.144049  -22.106220
0.164532  0.144130  -22.106653
0.164658  0.144103  -22.106636
0.164557  0.144002  -22.106916
0.164465  0.143910  -22.107174
0.164376  0.143808  -22.107378
0.164355  0.143791  -22.107685
0.164331  0.143765  -22.108124
0.164476  0.143741  -22.108421
0.164552  0.143665  -22.108862
0.164628  0.143589  -22.109308
0.164787  0.143481  -22.109728
0.164935  0.143381  -22.110121
0.165069  0.143267  -22.110441
0.165084  0.143253  -22.110796
0.165077  0.143245  -22.111006
0.165075  0.143127  -22.111349
0.165121  0.142992  -22.111870
0.165180  0.142986  -22.112167
0.165238  0.142981  -22.112465
0.165293  0.142877  -22.112944
0.165338  0.142803  -22.113491
0.165514  0.142769  -22.113785
0.165483  0.142752  -22.114220
0.165453  0.142736  -22.114655
0.165388  0.142680  -22.115152
0.165355  0.142627  -22.115656
0.165367  0.142583  -22.116043
0.165471  0.142497  -22.116440
0.165679  0.142364  -22.116724
0.165797  0.142208  -22.117199
0.165783  0.142139  -22.117498
0.165813  0.142095  -22.117855
0.165834  0.141972  -22.118254
0.165856  0.141840  -22.118685
0.165877  0.141721  -22.119070
0.165935  0.141805  -22.119268
0.165989  0.141787  -22.119568
0.166049  0.141767  -22.119902
0.166064  0.141599  -22.120546
0.166044  0.141525  -22.121017
0.166056  0.141465  -22.121365
0.166057  0.141435  -22.121773
0.165981  0.141373  -22.122345
0.165987  0.141417  -22.122747
0.166183  0.141370  -22.123070
0.166151  0.141217  -22.123278
0.166132  0.141141  -22.123909
0.166193  0.141176  -22.124395
0.166209  0.141155  -22.124846
0.166263  0.141120  -22.125153
0.166385  0.140989  -22.125816
0.166389  0.140927  -22.126411
0.166555  0.140895  -22.126703
0.166618  0.140887  -22.126926
0.166573  0.140906  -22.127048
0.166669  0.140924  -22.127249
0.166718  0.140898  -22.127485
0.166749  0.140792  -22.127851
0.166704  0.140644  -22.128309
0.166767  0.140543  -22.128628
0.166884  0.140484  -22.128883
0.166950  0.140519  -22.129194
0.166960  0.140573  -22.129736
0.167041  0.140559  -22.130495
0.167012  0.140577  -22.131042
0.166951  0.140575  -22.131393
0.166915  0.140546  -22.131742
0.166971  0.140402  -22.132029
0.167120  0.140297  -22.132481
0.167238  0.140294  -22.133041
0.167269  0.140217  -22.133488
0.167358  0.140169  -22.133877
0.167475  0.140001  -22.134212
0.167536  0.139926  -22.134693
0.167548  0.139910  -22.135077
0.167665  0.139894  -22.135622
0.167780  0.139878  -22.136162
0.167853  0.139803  -22.136347
0.167778  0.139649  -22.136847
0.167839  0.139526  -22.137571
0.167891  0.139489  -22.137882
0.167887  0.139416  -22.138468
0.167913  0.139408  -22.138990
0.167982  0.139406  -22.139565
0.168072  0.139421  -22.140112
0.168223  0.139305  -22.140512
0.168184  0.139253  -22.140896
0.168189  0.139292  -22.141392
0.168238  0.139293  -22.141788
0.168283  0.139294  -22.142153
0.168324  0.139357  -22.142614
0.168323  0.139305  -22.143080
0.168271  0.139314  -22.143576
0.168351  0.139347  -22.143991
0.168478  0.139327  -22.144224
0.168593  0.139309  -22.144436
0.168735  0.139277  -22.144547
0.168780  0.139209  -22.145096
0.168706  0.139085  -22.145630
0.168654  0.139013  -22.146154
0.168608  0.138949  -22.146629
0.168610  0.138873  -22.146996
0.168613  0.138798  -22.147360
0.168575  0.138760  -22.147902
0.168610  0.138719  -22.148273
0.168756  0.138662  -22.148563
0.168825  0.138612  -22.148846
0.168823  0.138599  -22.149252
0.168941  0.138466  -22.149788
0.169026  0.138370  -22.150463
0.169140  0.138367  -22.151062
0.169210  0.138289  -22.151398
0.169348  0.138258  -22.151964
0.169488  0.138225  -22.152594
0.169615  0.138195  -22.153164
0.169727  0.138197  -22.153811
0.169629  0.138184  -22.154238
0.169531  0.138141  -22.154875
0.169485  0.138083  -22.155394
0.169459  0.138009  -22.155821
0.169500  0.138009  -22.156384
0.169619  0.138045  -22.156994
0.169589  0.138075  -22.157457
0.169579  0.137934  -22.157963
0.169569  0.137794  -22.158464
0.169562  0.137714  -22.159138
0.169598  0.137713  -22.159826
0.169635  0.137711  -22.160536
0.169672  0.137702  -22.160975
0.169910  0.137726  -22.161625
0.170045  0.137649  -22.162106
0.170181  0.137572  -22.162592
0.170100  0.137559  -22.162975
0.170226  0.137578  -22.163404
0.170342  0.137506  -22.163744
0.170352  0.137472  -22.164244
0.170405  0.137316  -22.164871
0.170453  0.137162  -22.165621
0.170545  0.137134  -22.166090
0.170601  0.137176  -22.166817
0.170756  0.137170  -22.167509
0.170875  0.137157  -22.168140
0.170862  0.137126  -22.168684
0.170743  0.136909  -22.169115
0.170584  0.136762  -22.169540
0.170433  0.136712  -22.169844
0.170296  0.136667  -22.170118
0.170314  0.136696  -22.170555
0.170397  0.136657  -22.171076
0.170589  0.136595  -22.171726
0.170719  0.136547  -22.172333
0.170832  0.136500  -22.172934
0.170832  0.136425  -22.173653
0.170784  0.136465  -22.174517
0.170817  0.136453  -22.175161
0.170851  0.136456  -22.175701
0.170920  0.136370  -22.176018
0.171111  0.136307  -22.176579
0.171252  0.136284  -22.177094
0.171299  0.136237  -22.177732
0.171360  0.136096  -22.178450
0.171414  0.135969  -22.179098
0.171451  0.135840  -22.179564
0.171434  0.135746  -22.180082
0.171476  0.135630  -22.180750
0.171456  0.135749  -22.181318
0.171398  0.135796  -22.181730
0.171419  0.135705  -22.182228
0.171456  0.135571  -22.182541
0.171559  0.135596  -22.182907
0.171657  0.135535  -22.183584
0.171773  0.135501  -22.184120
0.171747  0.135486  -22.184536
0.171706  0.135453  -22.184950
0.171771  0.135468  -22.185364
0.171722  0.135424  -22.185827
0.171735  0.135305  -22.186316
0.171824  0.135147  -22.186842
0.171982  0.134978  -22.187290
0.172066  0.134998  -22.187475
0.172100  0.134947  -22.188049
0.172161  0.134935  -22.188463
0.172222  0.134923  -22.188837
0.172252  0.134878  -22.189390
0.172365  0.134872  -22.190006
0.172378  0.134842  -22.190536
0.172403  0.134807  -22.191092
0.172413  0.134859  -22.191757
0.172411  0.134850  -22.192381
0.172474  0.134730  -22.193010
0.172501  0.134677  -22.193621
0.172510  0.134682  -22.194601
0.172597  0.134672  -22.195198
0.172674  0.134744  -22.195721
0.172655  0.134676  -22.196405
0.172573  0.134422  -22.196880
0.172680  0.134342  -22.197487
0.172731  0.134272  -22.198122
0.172706  0.134131  -22.198513
0.172702  0.134001  -22.198999
0.172769  0.134014  -22.199413
0.172919  0.134069  -22.199795
0.172923  0.133948  -22.200380
0.172927  0.133838  -22.200916
0.172955  0.133713  -22.201246
0.172979  0.133600  -22.201544
0.173041  0.133606  -22.202345
0.173015  0.133554  -22.202913
0.173039  0.133496  -22.203770
0.173063  0.133440  -22.204618
0.173065  0.133356  -22.205355
0.173070  0.133322  -22.205770
0.173135  0.133292  -22.206142
0.173183  0.133277  -22.206417
0.173164  0.133167  -22.206884
0.173088  0.133205  -22.207359
0.173084  0.133269  -22.207937
0.173049  0.133294  -22.208551
0.173029  0.133299  -22.209023
0.173011  0.133305  -22.209440
0.173089  0.133202  -22.209913
0.173118  0.133180  -22.210329
0.173147  0.133151  -22.210835
0.173222  0.133067  -22.211349
0.173259  0.133033  -22.211868
0.173293  0.132962  -22.212753
0.173300  0.132844  -22.213409
0.173366  0.132824  -22.213787
0.173432  0.132805  -22.214163
0.173468  0.132754  -22.214643
0.173510  0.132667  -22.215370
0.173581  0.132544  -22.215900
0.173652  0.132420  -22.216431
0.173678  0.132489  -22.216852
0.173804  0.132609  -22.217306
0.173837  0.132577  -22.217644
0.173881  0.132499  -22.218061
0.173895  0.132568  -22.218473
0.173926  0.132613  -22.218924
0.173975  0.132556  -22.219318
0.174019  0.132504  -22.219677
0.174092  0.132540  -22.220158
0.174150  0.132519  -22.220493
0.174109  0.132543  -22.220781
0.174141  0.132509  -22.221371
0.174175  0.132471  -22.222025
0.174132  0.132453  -22.222605
0.174161  0.132455  -22.223211
0.174154  0.132374  -22.223450
0.174165  0.132305  -22.223690
0.174207  0.132416  -22.224016
0.174265  0.132569  -22.224340
0.174163  0.132517  -22.224802
0.174118  0.132428  -22.225203
0.174116  0.132485  -22.225748
0.174185  0.132471  -22.226326
0.174216  0.132447  -22.226643
0.174179  0.132376  -22.227125
0.174146  0.132311  -22.227564
0.174183  0.132361  -22.228178
0.174217  0.132407  -22.228731
0.174299  0.132381  -22.229448
0.174360  0.132276  -22.229864
0.174447  0.132327  -22.230440
0.174416  0.132275  -22.230814
0.174384  0.132222  -22.231188
0.174306  0.132220  -22.231600
0.174254  0.132195  -22.232233
0.174251  0.132166  -22.232878
0.174281  0.132195  -22.233419
0.174265  0.132184  -22.233868
0.174248  0.132173  -22.234308
0.174286  0.132100  -22.234755
0.174386  0.132094  -22.235231
0.174382  0.132278  -22.235647
0.174277  0.132376  -22.236101
0.174283  0.132448  -22.236547
0.174342  0.132375  -22.236853
0.174394  0.132309  -22.237127
-0.054249  -0.003087  -0.085313
-0.080147  -0.005268  -0.202252
-0.032769  -0.002268  -0.099133
-0.023974  -0.001695  -0.091969
-0.019551  -0.001435  -0.092785
-0.015407  -0.001230  -0.092892
-0.013537  -0.001280  -0.104296
-0.009670  -0.000952  -0.094334
-0.007504  -0.000859  -0.094955
-0.006059  -0.000683  -0.095098
-0.005242  -0.000580  -0.105094
-0.004711  -0.000521  -0.094573
-0.002103  -0.000612  -0.095120
-0.001693  -0.000504  -0.094839
-0.001412  -0.000409  -0.094957
-0.001010  -0.000463  -0.104597
-0.000723  -0.000491  -0.095337
-0.000269  -0.000374  -0.094880
-0.000072  -0.000345  -0.095004
0.000140  -0.000411  -0.094755
0.000183  -0.000479  -0.095079
0.000364  -0.000622  -0.103997
0.000342  -0.000603  -0.094941
0.000251  -0.000493  -0.094096
0.000258  -0.000492  -0.094021
0.000174  -0.000272  -0.093597
0.000179  -0.000379  -0.103471
0.000337  -0.000279  -0.093527
0.000342  -0.000310  -0.094073
0.000272  -0.000334  -0.093943
0.000288  -0.000239  -0.091916
0.000369  -0.000162  -0.102728
0.000413  -0.000012  -0.093304
0.000550  0.000041  -0.092932
0.000437  0.000004  -0.102617
0.000414  0.000020  -0.093082
0.000418  0.000021  -0.092364
0.000427  0.000022  -0.092811
0.000747  0.000124  -0.091414
0.000671  0.000035  -0.100737
0.000820  0.000074  -0.091827
0.000878  0.000138  -0.092614
0.001137  0.000088  -0.101887
0.000949  -0.000070  -0.092122
0.000841  -0.000009  -0.092202
0.000851  0.000051  -0.091999
0.000972  -0.000031  -0.092504
0.000879  -0.000118  -0.090778
0.001110  -0.000138  -0.100344
0.001015  -0.000125  -0.091122
0.000906  -0.000118  -0.090053
0.001103  -0.000094  -0.100215
0.001064  -0.000022  -0.090893
0.000996  0.000050  -0.090130
0.000892  -0.000042  -0.090805
0.000917  -0.000116  -0.089325
0.001092  -0.000086  -0.099101
0.001090  -0.000016  -0.090055
0.001123  0.000009  -0.089137
0.001074  -0.000011  -0.089893
0.001219  -0.000084  -0.099147
0.001107  -0.000102  -0.089661
0.001106  -0.000100  -0.089077
0.001105  0.000122  -0.088439
0.001166  0.000024  -0.087855
0.001143  -0.000056  -0.098158
0.001091  -0.000018  -0.088605
0.001163  0.000010  -0.087528
0.001139  -0.000115  -0.087103
0.001217  -0.000275  -0.096571
0.001176  -0.000154  -0.087335
0.001079  -0.000073  -0.087005
0.000971  -0.000063  -0.086899
0.001272  -0.000070  -0.095417
0.001164  -0.000054  -0.086823
0.001166  -0.000054  -0.086520
0.001087  -0.000089  -0.086180
0.001331  -0.000049  -0.095000
0.001160  -0.000041  -0.086042
0.001043  -0.000062  -0.085631
0.001072  -0.000091  -0.085541
0.001096  -0.000037  -0.084048
0.001292  -0.000158  -0.093506
0.001227  -0.000143  -0.085438
0.001069  0.000045  -0.084455
0.001158  -0.000167  -0.083594
0.001296  -0.000186  -0.093067
0.001205  -0.000159  -0.084117
0.001207  -0.000158  -0.083834
0.001090  0.000020  -0.083187
0.001311  -0.000060  -0.091944
0.001186  -0.000151  -0.083424
0.001221  -0.000083  -0.082492
0.001246  -0.000052  -0.082614
0.001149  -0.000026  -0.090654
0.001196  0.000045  -0.082434
0.001191  -0.000055  -0.081975
0.001226  -0.000071  -0.081908
0.001319  0.000020  -0.089609
0.001149  -0.000050  -0.081951
0.001274  -0.000040  -0.081216
0.001277  -0.000040  -0.081101
0.001193  0.000027  -0.080736
0.001437  0.000015  -0.088299
0.001062  0.000009  -0.080249
0.001066  0.000009  -0.080147
0.001178  0.000099  -0.079545
0.001180  0.000056  -0.078848
0.001275  0.000085  -0.087183
0.001159  0.000078  -0.078913
0.001251  -0.000081  -0.077833
0.001327  -0.000075  -0.087130
0.001163  0.000094  -0.078827
0.001234  -0.000088  -0.078229
0.001232  -0.000088  -0.077796
0.000983  0.000090  -0.076584
0.001157  0.000169  -0.085496
0.001049  0.000154  -0.077166
0.001129  -0.000014  -0.077047
0.001140  -0.000031  -0.076173
0.001354  -0.000102  -0.083357
0.001212  -0.000193  -0.076119
0.001163  -0.000155  -0.076338
0.001128  -0.000071  -0.075818
0.001156  -0.000007  -0.083108
0.001050  -0.000006  -0.075182
0.001190  0.000037  -0.074530
0.001198  0.000037  -0.074773
0.001178  0.000020  -0.073511
0.001333  -0.000096  -0.082034
0.001323  -0.000103  -0.073781
0.001307  0.000032  -0.073643
0.001302  -0.000016  -0.073796
0.001165  -0.000157  -0.071697
0.001268  -0.000118  -0.080567
0.001243  0.000047  -0.072354
0.001207  0.000020  -0.072019
0.001127  -0.000087  -0.071283
0.001338  -0.000085  -0.079750
0.001265  -0.000001  -0.072064
0.001242  -0.000025  -0.071956
0.001209  -0.000047  -0.071948
0.001146  -0.000084  -0.070955
0.001165  -0.000027  -0.069937
0.001348  -0.000136  -0.077434
0.001162  -0.000029  -0.069307
0.001222  -0.000037  -0.069834
0.001205  -0.000096  -0.068416
0.001369  -0.000069  -0.075859
0.001205  -0.000083  -0.068749
0.001184  -0.000013  -0.067799
0.001297  -0.000074  -0.075167
0.001196  -0.000101  -0.067374
0.001222  -0.000085  -0.067094
0.001219  -0.000085  -0.066732
0.001081  0.000001  -0.073875
0.001006  -0.000078  -0.066609
0.000958  -0.000053  -0.066180
0.001175  -0.000141  -0.073497
0.001078  0.000035  -0.065692
0.001244  0.000043  -0.065569
0.001094  -0.000003  -0.065045
0.001389  -0.000071  -0.071587
0.001266  -0.000065  -0.065058
0.001004  0.000027  -0.063770
0.001106  0.000019  -0.063988
0.001229  0.000021  -0.070900
0.001113  0.000020  -0.064017
0.001132  0.000019  -0.063205
0.001196  0.000026  -0.063623
0.001340  0.000046  -0.069531
0.001276  0.000079  -0.062746
0.001273  0.000086  -0.062554
0.001155  -0.000046  -0.062332
0.001054  -0.000056  -0.062136
0.001112  -0.000151  -0.061136
0.001192  -0.000117  -0.067866
0.001183  -0.000079  -0.061351
0.001165  0.000048  -0.061045
0.001146  0.000048  -0.059848
0.001222  0.000031  -0.066676
0.001141  -0.000069  -0.060173
0.001174  -0.000080  -0.059961
0.001202  -0.000019  -0.059037
0.001091  -0.000033  -0.065425
0.001105  -0.000038  -0.058982
0.001170  0.000039  -0.058930
0.001157  0.000039  -0.058133
0.001305  0.000038  -0.064192
0.001185  0.000085  -0.058265
0.001194  -0.000035  -0.057366
0.001141  -0.000090  -0.056720
0.001275  -0.000101  -0.063186
0.001216  -0.000055  -0.057073
0.001016  -0.000169  -0.056695
0.001093  -0.000148  -0.056244
0.001335  -0.000089  -0.061758
0.001095  -0.000063  -0.055636
0.001012  -0.000034  -0.055489
0.001000  -0.000022  -0.055285
0.000988  -0.000021  -0.054452
0.001322  -0.000065  -0.060429
0.001194  -0.000015  -0.054594
0.001174  0.000117  -0.054108
0.001159  0.000116  -0.053247
0.000937  0.000009  -0.059201
0.000898  0.000060  -0.053069
0.000889  0.000060  -0.052415
0.000929  0.000084  -0.052126
0.001171  0.000094  -0.057733
0.001034  -0.000004  -0.052080
0.001164  0.000008  -0.051798
0.001254  0.000049  -0.056676
0.001061  -0.000044  -0.051244
0.000960  -0.000027  -0.050588
0.001008  -0.000007  -0.049767
0.001251  0.000067  -0.055500
0.001122  0.000060  -0.049655
0.001033  -0.000021  -0.049533
0.001003  0.000020  -0.055026
0.001004  0.000024  -0.049652
0.001163  0.000032  -0.049714
0.001099  0.000041  -0.048794
0.001160  -0.000090  -0.053755
0.000985  0.000015  -0.048931
0.000899  -0.000114  -0.048100
0.000902  -0.000033  -0.047389
0.001234  0.000034  -0.053194
0.001058  0.000046  -0.047524
0.001019  -0.000006  -0.046927
0.000995  -0.000006  -0.045690
0.001096  0.000044  -0.051659
0.001065  -0.000072  -0.046825
0.001083  -0.000121  -0.046688
0.000912  -0.000098  -0.045854
0.001136  -0.000080  -0.050481
0.001037  0.000029  -0.045616
0.000998  -0.000077  -0.045124
0.001163  -0.000150  -0.045025
0.001020  -0.000026  -0.044261
0.001092  0.000126  -0.049125
0.000929  0.000137  -0.044408
0.001081  0.000004  -0.043804
0.001063  0.000004  -0.042949
0.001131  -0.000027  -0.047661
0.000939  -0.000008  -0.043371
0.001089  -0.000023  -0.043265
0.000972  0.000134  -0.042494
0.001123  0.000004  -0.045964
0.000998  0.000014  -0.041610
0.001059  0.000004  -0.041452
0.001195  0.000099  -0.045565
0.001096  -0.000076  -0.041143
0.000974  -0.000009  -0.040640
0.000840  0.000041  -0.040064
0.000851  -0.000038  -0.044553
0.000767  -0.000034  -0.040074
0.000950  0.000060  -0.039764
0.001014  -0.000003  -0.043912
0.000950  -0.000042  -0.039747
0.001044  0.000027  -0.039379
0.001054  0.000097  -0.043403
0.001030  -0.000004  -0.039321
0.000991  0.000038  -0.038783
0.000802  0.000044  -0.038860
0.000854  -0.000016  -0.038074
0.001006  0.000043  -0.041952
0.000885  0.000033  -0.037959
0.001012  -0.000001  -0.037506
0.001004  -0.000065  -0.037595
0.000981  -0.000088  -0.037040
0.001010  -0.000094  -0.040585
0.000871  -0.000018  -0.036779
0.000907  0.000052  -0.036206
0.000833  0.000101  -0.035695
0.000746  0.000003  -0.035014
0.000908  0.000063  -0.039068
0.000855  0.000080  -0.035282
0.000781  0.000158  -0.035087
0.000696  -0.000069  -0.034489
0.000891  -0.000059  -0.038340
0.000909  0.000028  -0.034307
0.000911  0.000028  -0.034274
0.000949  0.000010  -0.033435
0.001070  0.000000  -0.037245
0.000921  0.000020  -0.034040
0.000859  -0.000053  -0.033300
0.000965  -0.000031  -0.036373
0.000880  0.000059  -0.033136
0.000895  -0.000001  -0.032726
0.000772  -0.000048  -0.032199
0.000824  -0.000020  -0.031944
0.001023  0.000115  -0.035384
0.000868  0.000142  -0.031882
0.000821  0.000046  -0.031788
0.000818  0.000046  -0.031594
0.000803  -0.000047  -0.031133
0.000721  0.000101  -0.030405
0.000831  0.000066  -0.033945
0.000778  -0.000023  -0.030496
0.000808  -0.000050  -0.030097
0.000790  -0.000117  -0.029556
0.000843  -0.000042  -0.033146
0.000866  0.000121  -0.029590
0.000721  0.000091  -0.029306
0.000677  -0.000119  -0.029088
0.000891  -0.000100  -0.031960
0.000658  -0.000044  -0.028405
0.000706  -0.000047  -0.028403
0.000701  -0.000047  -0.028155
0.000834  -0.000086  -0.031152
0.000717  0.000012  -0.027822
0.000893  -0.000048  -0.027855
0.000814  0.000005  -0.027481
0.000776  0.000092  -0.029758
0.000662  0.000090  -0.026817
0.000661  0.000090  -0.026728
0.000791  0.000009  -0.026481
0.000862  0.000026  -0.029045
0.000748  0.000037  -0.026178
0.000785  0.000030  -0.026007
0.000783  0.000030  -0.025843
0.000765  0.000013  -0.025371
0.000839  0.000065  -0.027777
0.000643  0.000057  -0.025218
0.000806  0.000004  -0.025094
0.000832  0.000079  -0.027423
0.000640  0.000009  -0.024855
0.000684  0.000041  -0.024569
0.000725  -0.000036  -0.023760
0.000761  -0.000002  -0.026372
0.000675  0.000026  -0.023662
0.000710  0.000041  -0.023552
0.000829  0.000101  -0.025879
0.000753  0.000092  -0.023418
0.000422  0.000004  -0.022906
0.000559  0.000072  -0.023015
0.000596  0.000126  -0.022418
0.000754  0.000117  -0.024849
0.000737  0.000073  -0.022541
0.000601  0.000107  -0.022494
0.000539  0.000072  -0.021756
0.000714  -0.000002  -0.024119
0.000781  0.000050  -0.021606
0.000698  0.000085  -0.021800
0.000688  0.000039  -0.021594
0.000628  0.000018  -0.023559
0.000567  0.000016  -0.021208
0.000618  -0.000057  -0.020772
0.000730  -0.000092  -0.020586
0.000703  -0.000026  -0.020219
0.000832  0.000065  -0.022277
0.000697  0.000082  -0.020112
0.000647  0.000097  -0.020172
0.000567  0.000052  -0.019805
0.000788  0.000026  -0.021548
0.000632  0.000032  -0.019347
0.000610  0.000045  -0.019197
0.000644  -0.000070  -0.018835
0.000700  -0.000034  -0.020799
0.000639  -0.000031  -0.018923
0.000460  0.000052  -0.018535
0.000416  0.000212  -0.018452
0.000618  0.000023  -0.018137
0.000614  0.000044  -0.020208
0.000496  -0.000025  -0.017829
0.000610  -0.000006  -0.017728
0.000488  0.000071  -0.017530
0.000585  0.000079  -0.018916
0.000611  0.000059  -0.017229
0.000690  -0.000085  -0.016910
0.000506  -0.000022  -0.016857
0.000641  0.000040  -0.018630
0.000579  0.000037  -0.016752
0.000574  0.000009  -0.016547
0.000572  -0.000039  -0.016225
0.000542  -0.000049  -0.015700
0.000701  -0.000036  -0.017536
0.000609  -0.000055  -0.015684
0.000518  -0.000051  -0.015775
0.000490  0.000077  -0.015321
0.000622  0.000077  -0.016789
0.000618  0.000003  -0.015060
0.000617  0.000003  -0.014975
0.000345  0.000046  -0.014498
0.000366  0.000056  -0.015961
0.000332  0.000052  -0.014465
0.000454  -0.000131  -0.014147
0.000454  -0.000122  -0.014009
0.000496  0.000008  -0.015611
0.000469  -0.000015  -0.013690
0.000547  0.000063  -0.013751
0.000565  0.000015  -0.013838
0.000534  0.000142  -0.015008
0.000326  -0.000046  -0.013153
0.000467  -0.000036  -0.013209
0.000404  -0.000142  -0.012710
0.000580  -0.000042  -0.014319
0.000525  -0.000039  -0.012901
0.000542  -0.000019  -0.012666
0.000487  -0.000161  -0.012569
0.000457  -0.000070  -0.013727
0.000599  -0.000093  -0.012038
0.000567  -0.000113  -0.012079
0.000286  -0.000074  -0.012219
0.000449  0.000040  -0.012036
0.000619  0.000080  -0.012809
0.000444  0.000039  -0.011604
0.000454  0.000120  -0.011573
0.000479  0.000048  -0.011582
0.000430  0.000035  -0.011065
0.000476  0.000039  -0.012170
0.000470  0.000050  -0.011143
0.000418  0.000047  -0.010657
0.000353  -0.000021  -0.010739
0.000570  0.000036  -0.011799
0.000498  0.000066  -0.010424
0.000457  -0.000050  -0.010171
0.000366  -0.000163  -0.010349
0.000457  -0.000011  -0.011198
0.000352  0.000003  -0.009931
0.000321  0.000030  -0.009703
0.000407  -0.000001  -0.009679
0.000395  -0.000054  -0.009347
0.000433  -0.000060  -0.010175
0.000282  -0.000031  -0.009302
0.000364  0.000041  -0.009172
0.000368  -0.000041  -0.009037
0.000382  0.000000  -0.008819
0.000367  0.000180  -0.009399
0.000390  -0.000040  -0.008505
0.000439  -0.000055  -0.008652
0.000400  -0.000143  -0.008333
0.000393  -0.000142  -0.008138
0.000329  0.000119  -0.008909
0.000223  0.000047  -0.007870
0.000256  0.000010  -0.008093
0.000279  0.000011  -0.008789
0.000289  0.000107  -0.007701
0.000364  0.000081  -0.007448
0.000402  0.000030  -0.007364
0.000347  -0.000003  -0.008127
0.000322  -0.000010  -0.007319
0.000383  0.000025  -0.007022
0.000295  0.000075  -0.007042
0.000320  -0.000005  -0.007015
0.000420  -0.000028  -0.007503
0.000405  -0.000050  -0.006761
0.000325  -0.000089  -0.006848
0.000290  -0.000034  -0.006479
0.000321  -0.000038  -0.007116
0.000382  -0.000015  -0.006197
0.000489  0.000124  -0.006219
0.000403  0.000017  -0.006152
0.000208  -0.000050  -0.006809
0.000398  -0.000077  -0.005745
0.000386  -0.000012  -0.005855
0.000398  -0.000076  -0.005840
0.000388  -0.000122  -0.006270
0.000252  -0.000004  -0.005585
0.000268  -0.000039  -0.005736
0.000272  -0.000023  -0.005620
0.000343  -0.000036  -0.005338
0.000381  -0.000040  -0.005855
0.000356  -0.000046  -0.005184
0.000176  0.000003  -0.005155
0.000230  0.000014  -0.004933
0.000284  0.000108  -0.005225
0.000195  -0.000095  -0.004748
0.000254  -0.000111  -0.004643
0.000367  -0.000119  -0.004414
0.000321  -0.000045  -0.004396
0.000391  -0.000017  -0.004716
0.000351  0.000025  -0.004387
0.000149  -0.000014  -0.004308
0.000240  -0.000015  -0.004096
0.000265  -0.000017  -0.004478
0.000240  0.000039  -0.004104
0.000297  0.000122  -0.004016
0.000211  0.000066  -0.003783
0.000286  -0.000056  -0.003919
0.000352  -0.000078  -0.003470
0.000317  0.000060  -0.003388
0.000301  0.000092  -0.003622
0.000202  -0.000023  -0.003381
0.000160  -0.000009  -0.003876
0.000182  -0.000026  -0.003325
0.000178  -0.000025  -0.003201
0.000222  0.000034  -0.003080
0.000247  0.000039  -0.003370
0.000283  0.000013  -0.002832
0.000317  0.000013  -0.002769
0.000308  -0.000001  -0.002601
0.000477  0.000037  -0.002979
0.000305  0.000020  -0.002802
0.000252  0.000086  -0.002535
0.000206  0.000031  -0.002173
0.000176  0.000130  -0.002453
0.000283  0.000125  -0.002949
0.000295  0.000155  -0.002362
0.000272  -0.000110  -0.001901
0.000243  -0.000067  -0.002069
0.000267  -0.000074  -0.002214
0.000215  0.000030  -0.001922
0.000245  0.000067  -0.002076
0.000277  -0.000020  -0.001791
0.000313  -0.000018  -0.001604
0.000215  -0.000041  -0.001544
0.000158  0.000008  -0.001803
0.000183  -0.000036  -0.001720
0.000261  0.000009  -0.001438
0.000278  0.000086  -0.001340
0.000164  0.000048  -0.001242
0.000257  0.000081  -0.001366
0.000250  -0.000042  -0.001202
0.000257  0.000119  -0.001089
0.000271  0.000115  -0.001258
0.000117  0.000082  -0.001159
0.000150  -0.000001  -0.000913
0.000333  0.000158  -0.001015
0.000364  0.000041  -0.000477
0.000324  0.000050  -0.000444
0.000342  0.000092  -0.000552
0.000160  -0.000087  -0.000457
0.000038  -0.000154  -0.000611
0.000133  0.000048  -0.000378
0.000103  0.000136  -0.000333
0.000152  0.000085  -0.000241
0.000150  0.000084  -0.000184
0.000246  0.000065  -0.000176
0.000351  -0.000031  -0.000202
0.000198  0.000161  -0.000171
0.000318  0.000057  -0.000093
0.000234  -0.000139  -0.000083
0.000047  -0.000159  -0.000049
0.000050  -0.000045  0.000099
0.000123  -0.000007  0.000200
0.000067  0.000061  -0.000012
0.000142  0.000002  0.000246
0.000102  -0.000036  0.000555
0.000256  0.000020  0.000457
0.000255  0.000020  0.000509
0.000279  -0.000082  0.000567
0.000298  -0.000011  0.000575
0.000100  0.000029  0.000339
0.000034  0.000167  0.000414
-0.000002  0.000006  0.000802
0.000015  0.000001  0.000731
0.000092  -0.000066  0.000401
0.000178  -0.000001  0.000748
0.000194  -0.000001  0.000876
0.000180  0.000081  0.000686
0.000293  0.000028  0.000842
0.000292  0.000003  0.000981
0.000006  0.000046  0.000974
0.000004  0.000041  0.000926
0.000092  0.000037  0.001016
0.000124  0.000020  0.000960
0.000306  -0.000014  0.001120
0.000331  -0.000062  0.001575
0.000088  0.000015  0.001302
0.000155  0.000034  0.001355
0.000213  -0.000075  0.001413
0.000342  -0.000076  0.001684
0.000105  0.000000  0.001523
0.000115  0.000104  0.001391
0.000090  -0.000030  0.001365
0.000100  0.000026  0.001635
0.000085  0.000048  0.001603
0.000050  -0.000080  0.001698
0.000025  -0.000142  0.001798
0.000139  -0.000029  0.001600
0.000052  0.000027  0.001774
0.000004  0.000033  0.001669
0.000179  0.000039  0.001548
0.000199  0.000002  0.001931
0.000019  0.000018  0.001946
0.000094  0.000116  0.001607
0.000177  0.000029  0.001875
0.000189  0.000046  0.002307
0.000106  0.000083  0.002259
0.000104  0.000083  0.002283
0.000120  0.000048  0.001986
0.000202  -0.000131  0.002089
0.000071  -0.000018  0.002249
-0.000037  0.000036  0.002088
0.000025  -0.000169  0.002445
0.000030  -0.000070  0.002002
0.000144  -0.000015  0.002210
0.000173  0.000074  0.002350
0.000026  0.000020  0.002445
0.000104  0.000017  0.002599
0.000163  -0.000086  0.002685
0.000113  0.000024  0.002291
0.000112  0.000024  0.002327
-0.000121  0.000018  0.002723
-0.000112  0.000098  0.002383
-0.000020  0.000094  0.002453
-0.000021  0.000094  0.002476
0.000125  0.000040  0.002765
0.000057  0.000032  0.002541
-0.000033  -0.000054  0.002636
0.000016  -0.000003  0.002801
0.000037  -0.000048  0.003022
-0.000061  0.000018  0.002483
-0.000008  0.000014  0.002524
0.000093  0.000110  0.002622
0.000091  0.000110  0.002633
0.000066  0.000107  0.002858
0.000206  -0.000237  0.002777
0.000261  -0.000149  0.003183
0.000193  -0.000113  0.002996
0.000142  -0.000119  0.002887
0.000141  -0.000075  0.003131
-0.000014  0.000047  0.003101
0.000053  -0.000051  0.003034
0.000052  -0.000051  0.003050
0.000049  0.000023  0.003147
-0.000101  0.000024  0.002927
0.000013  0.000054  0.003109
0.000012  0.000053  0.003091
0.000151  0.000126  0.003342
0.000027  0.000022  0.003335
0.000049  -0.000048  0.003375
0.000012  0.000014  0.003094
-0.000089  0.000068  0.003373
-0.000092  -0.000096  0.003017
0.000040  -0.000111  0.003462
-0.000011  -0.000123  0.003246
0.000099  0.000018  0.003509
0.000030  0.000041  0.003293
0.000000  0.000036  0.003111
0.000041  -0.000076  0.003228
0.000040  -0.000075  0.003221
0.000198  -0.000081  0.003330
-0.000046  0.000117  0.003269
-0.000015  0.000034  0.003260
0.000026  0.000014  0.003683
0.000049  -0.000000  0.003576
0.000028  0.000076  0.003241
-0.000124  0.000015  0.003487
-0.000045  -0.000103  0.003370
0.000035  -0.000009  0.003949
0.000001  0.000039  0.003620
-0.000002  0.000096  0.003561
-0.000045  0.000012  0.003897
-0.000042  0.000011  0.003548
0.000029  -0.000018  0.003278
0.000134  -0.000030  0.003797
-0.000104  0.000090  0.003247
-0.000106  0.000091  0.003290
0.000071  0.000062  0.003324
0.000049  0.000065  0.003621
0.000050  0.000079  0.003349
0.000014  -0.000031  0.003881
0.000035  -0.000044  0.003543
0.000036  -0.000037  0.003344
-0.000057  -0.000070  0.003603
-0.000061  0.000059  0.003351
-0.000061  0.000059  0.003354
0.000067  -0.000096  0.003889
0.000087  0.000034  0.004035
0.000028  -0.000054  0.003486
0.000047  0.000027  0.003363
-0.000078  0.000057  0.003827
-0.000064  -0.000080  0.003701
0.000017  -0.000005  0.003600
0.000035  0.000019  0.003787
0.000070  0.000177  0.004138
-0.000040  0.000054  0.003455
-0.000075  0.000032  0.003694
-0.000007  0.000034  0.003679
-0.000008  0.000034  0.003632
0.000137  -0.000019  0.003958
-0.000176  0.000026  0.003685
0.000018  0.000023  0.003471
0.000135  0.000050  0.003699
0.000024  0.000042  0.004132
-0.000148  0.000026  0.003565
-0.000005  0.000035  0.003946
-0.000036  0.000037  0.003747
-0.000059  0.000011  0.004193
-0.000098  -0.000005  0.003731
-0.000023  -0.000059  0.003691
-0.000026  0.000030  0.003818
-0.000029  0.000033  0.004218
-0.000027  0.000030  0.003857
0.000093  -0.000091  0.003723
0.000127  -0.000051  0.003677
0.000049  -0.000024  0.003603
0.000026  0.000008  0.004093
-0.000008  0.000013  0.003690
0.000051  -0.000015  0.003563
0.000129  0.000068  0.003608
-0.000130  0.000094  0.004350
-0.000090  0.000020  0.004122
-0.000028  0.000030  0.003820
0.000016  0.000023  0.003847
0.000018  0.000025  0.004261
0.000062  -0.000019  0.003528
0.000166  -0.000057  0.003822
0.000015  -0.000007  0.003760
-0.000154  0.000057  0.003749
-0.000106  -0.000028  0.003924
-0.000132  0.000020  0.003712
0.000029  0.000022  0.003758
-0.000012  -0.000054  0.003772
0.000014  -0.000105  0.004340
0.000013  0.000048  0.004166
-0.000056  0.000003  0.003987
-0.000015  0.000001  0.003779
-0.000017  0.000001  0.004234
-0.000073  -0.000049  0.003717
-0.000083  -0.000074  0.003797
-0.000197  -0.000124  0.003725
-0.000023  -0.000132  0.004138
-0.000000  -0.000035  0.003708
-0.000013  -0.000046  0.004058
0.000011  -0.000012  0.003832
0.000070  -0.000060  0.004157
-0.000013  0.000018  0.003869
-0.000103  0.000021  0.003990
-0.000076  0.000027  0.003769
-0.000055  -0.000068  0.004443
-0.000050  -0.000062  0.004032
-0.000236  -0.000012  0.003860
-0.000344  -0.000018  0.003845
-0.000141  0.000029  0.003901
-0.000118  0.000190  0.003957
-0.000178  0.000222  0.003571
-0.000008  0.000052  0.003832
-0.000055  -0.000053  0.003868
0.000000  -0.000098  0.003543
0.000033  -0.000043  0.003851
-0.000070  -0.000108  0.003659
-0.000112  0.000002  0.003998
-0.000103  0.000002  0.003660
-0.000152  0.000012  0.003752
0.000073  0.000061  0.003770
0.000033  0.000034  0.003649
0.000094  -0.000059  0.003833
-0.000012  0.000092  0.003941
-0.000019  -0.000006  0.003640
0.000029  0.000019  0.003580
-0.000203  0.000085  0.003504
-0.000089  0.000033  0.003968
-0.000008  -0.000004  0.003676
-0.000028  -0.000058  0.003673
-0.000144  0.000125  0.003716
-0.000148  0.000108  0.003627
-0.000146  0.000106  0.003561
-0.000026  0.000061  0.004105
0.000041  -0.000050  0.003714
0.000027  0.000100  0.003858
-0.000051  0.000043  0.003844
0.000013  0.000028  0.003957
-0.000075  0.000028  0.003866
-0.000044  0.000089  0.004050
0.000027  0.000002  0.003471
-0.000027  -0.000054  0.003682
-0.000004  0.000003  0.003631
0.000098  0.000066  0.003866
0.000054  0.000025  0.003747
0.000059  0.000028  0.004108
0.000101  -0.000019  0.003663
-0.000010  -0.000043  0.003392
0.000012  0.000017  0.003707
-0.000058  0.000070  0.003512
-0.000065  -0.000021  0.003501
-0.000071  -0.000021  0.003442
-0.000028  0.000042  0.003324
-0.000022  0.000037  0.003415
-0.000070  0.000032  0.003982
0.000059  -0.000013  0.003397
-0.000238  0.000060  0.003525
-0.000299  0.000089  0.003779
-0.000211  0.000049  0.003413
-0.000019  -0.000036  0.003481
0.000047  0.000081  0.003366
-0.000042  0.000096  0.003622
0.000046  -0.000027  0.003512
-0.000028  0.000025  0.003548
0.000038  -0.000040  0.004048
0.000036  -0.000002  0.003547
-0.000106  0.000096  0.003617
-0.000046  -0.000045  0.003201
-0.000054  -0.000025  0.003755
-0.000039  0.000029  0.003487
-0.000104  0.000100  0.003291
-0.000115  0.000111  0.003630
-0.000060  0.000005  0.003218
-0.000041  0.000113  0.003293
0.000023  0.000081  0.003109
0.000004  0.000103  0.003378
-0.000175  -0.000069  0.002973
-0.000158  -0.000012  0.002877
-0.000063  -0.000030  0.003362
-0.000035  0.000144  0.003284
-0.000100  0.000083  0.003367
-0.000054  0.000072  0.003048
-0.000079  0.000080  0.003400
0.000067  -0.000056  0.003337
0.000067  -0.000056  0.003352
-0.000021  0.000029  0.003248
-0.000095  -0.000042  0.003253
-0.000037  -0.000021  0.003118
-0.000080  0.000009  0.003254
-0.000094  -0.000037  0.003136
-0.000033  -0.000084  0.003316
-0.000096  -0.000055  0.003180
-0.000027  0.000020  0.003070
0.000088  -0.000003  0.003028
-0.000022  0.000053  0.003374
-0.000067  -0.000036  0.003180
-0.000098  -0.000050  0.003062
-0.000066  -0.000058  0.002961
-0.000065  -0.000057  0.002901
-0.000152  0.000036  0.003310
-0.000025  0.000062  0.003095
0.000086  0.000036  0.003084
0.000038  -0.000121  0.002809
0.000042  -0.000136  0.003137
-0.000037  0.000026  0.003004
0.000014  -0.000074  0.003061
-0.000102  -0.000006  0.003161
-0.000097  -0.000001  0.002887
0.000028  -0.000028  0.003025
-0.000027  -0.000007  0.003193
-0.000147  0.000120  0.002815
-0.000029  0.000021  0.002901
-0.000082  0.000172  0.003161
-0.000024  0.000123  0.002804
0.000088  0.000165  0.002747
0.000051  0.000093  0.002841
-0.000314  -0.000049  0.002828
-0.000105  -0.000018  0.002764
-0.000051  0.000056  0.002891
-0.000097  -0.000017  0.002843
-0.000230  -0.000029  0.003333
-0.000061  0.000047  0.002968
0.000052  0.000028  0.002617
-0.000062  -0.000067  0.002414
-0.000068  -0.000075  0.002667
0.000110  0.000061  0.002733
0.000045  0.000142  0.002723
0.000007  0.000053  0.002524
0.000025  -0.000162  0.002863
-0.000004  -0.000114  0.002565
0.000001  -0.000100  0.003027
0.000027  0.000108  0.002849
-0.000064  0.000066  0.003030
-0.000044  -0.000004  0.002620
-0.000046  0.000020  0.002488
-0.000022  -0.000010  0.002481
-0.000024  -0.000011  0.002719
-0.000281  -0.000000  0.002610
-0.000305  0.000206  0.002443
-0.000290  0.000111  0.002716
-0.000180  -0.000037  0.002724
-0.000083  -0.000134  0.002498
-0.000069  -0.000028  0.002849
-0.000020  0.000007  0.002550
-0.000021  -0.000092  0.002470
-0.000003  0.000020  0.002584
-0.000132  0.000100  0.002823
-0.000152  -0.000044  0.002550
-0.000132  -0.000055  0.002617
-0.000165  0.000044  0.002558
-0.000184  0.000049  0.002838
0.000003  0.000035  0.002505
0.000034  -0.000006  0.002461
-0.000015  -0.000012  0.002360
-0.000136  -0.000160  0.002797
-0.000114  -0.000126  0.002337
-0.000110  0.000061  0.002391
-0.000078  0.000129  0.002457
0.000007  0.000091  0.002476
-0.000010  0.000192  0.002536
-0.000010  0.000019  0.002287
-0.000125  -0.000069  0.002088
-0.000110  -0.000040  0.002132
-0.000123  -0.000045  0.002365
-0.000022  0.000060  0.002441
0.000011  -0.000117  0.002162
-0.000016  -0.000047  0.002218
-0.000050  0.000030  0.002669
-0.000125  -0.000043  0.002465
-0.000112  0.000054  0.002354
0.000046  -0.000080  0.002437
0.000090  -0.000036  0.002221
-0.000045  0.000064  0.002357
-0.000118  0.000057  0.002169
-0.000154  -0.000064  0.002227
-0.000112  -0.000071  0.002311
-0.000101  -0.000064  0.002079
-0.000123  0.000123  0.002326
-0.000088  0.000089  0.002006
-0.000163  0.000066  0.002165
-0.000112  -0.000004  0.002126
-0.000081  -0.000053  0.002415
-0.000052  -0.000018  0.001974
-0.000024  0.000123  0.002261
-0.000026  -0.000116  0.002399
0.000027  -0.000062  0.002004
-0.000159  0.000014  0.002034
-0.000087  0.000071  0.002275
-0.000060  0.000035  0.002105
-0.000028  0.000046  0.002129
-0.000028  0.000046  0.002124
-0.000069  0.000069  0.001878
-0.000039  0.000055  0.002259
-0.000105  -0.000044  0.001923
-0.000064  -0.000008  0.001669
-0.000095  0.000012  0.002027
-0.000093  0.000007  0.001837
-0.000022  -0.000039  0.001710
0.000011  0.000021  0.001815
0.000086  -0.000094  0.001954
0.000022  -0.000099  0.001898
-0.000006  -0.000013  0.002085
-0.000005  -0.000012  0.001881
-0.000005  -0.000012  0.001863
0.000019  -0.000039  0.001811
-0.000051  -0.000008  0.001838
-0.000227  0.000022  0.001806
-0.000199  -0.000005  0.001671
-0.000198  -0.000005  0.001655
-0.000021  0.000022  0.001810
0.000038  -0.000134  0.001766
-0.000024  -0.000094  0.001813
-0.000067  -0.000028  0.001512
-0.000033  0.000031  0.001792
0.000052  0.000024  0.001891
0.000047  0.000022  0.001707
0.000049  -0.000032  0.001733
-0.000112  -0.000016  0.001611
-0.000049  -0.000023  0.001851
-0.000151  0.000100  0.001468
-0.000098  -0.000005  0.001644
-0.000063  0.000027  0.001409
-0.000049  -0.000001  0.001563
-0.000032  0.000003  0.001765
-0.000094  0.000046  0.001500
0.000025  -0.000009  0.001675
-0.000047  -0.000056  0.001797
-0.000051  0.000014  0.001600
-0.000046  0.000013  0.001440
0.000034  0.000014  0.001338
-0.000043  -0.000065  0.001590
-0.000138  -0.000084  0.001688
-0.000007  -0.000029  0.001529
-0.000111  -0.000001  0.001621
-0.000037  0.000004  0.001438
-0.000040  0.000005  0.001558
-0.000225  0.000085  0.001313
-0.000219  0.000047  0.001308
-0.000202  0.000016  0.001533
-0.000147  -0.000050  0.001751
-0.000157  -0.000008  0.001600
-0.000143  -0.000007  0.001453
-0.000067  0.000021  0.001498
0.000013  -0.000094  0.001442
0.000066  0.000008  0.001193
-0.000010  0.000123  0.001393
-0.000009  0.000142  0.001190
0.000011  -0.000121  0.001113
-0.000075  -0.000174  0.001417
0.000027  -0.000086  0.001185
-0.000085  0.000014  0.001298
0.000013  0.000001  0.001437
-0.000037  -0.000070  0.001342
0.000032  -0.000010  0.001207
0.000029  -0.000009  0.001079
-0.000034  0.000138  0.001316
-0.000117  -0.000009  0.001410
0.000042  0.000052  0.001298
-0.000039  0.000020  0.001306
-0.000119  0.000076  0.001116
-0.000147  -0.000011  0.001367
0.000040  -0.000044  0.001211
0.000079  -0.000035  0.001364
0.000044  0.000043  0.001552
0.000070  -0.000060  0.001345
0.000026  -0.000138  0.001116
-0.000004  0.000063  0.001166
-0.000004  0.000062  0.001144
-0.000118  0.000085  0.001108
-0.000111  0.000054  0.001018
-0.000094  0.000029  0.000972
-0.000002  0.000086  0.000954
-0.000034  0.000127  0.001170
-0.000028  0.000100  0.001155
0.000016  0.000140  0.001019
0.000012  0.000049  0.001001
-0.000127  -0.000072  0.001279
-0.000087  -0.000006  0.001047
-0.000061  0.000064  0.001041
-0.000070  0.000043  0.001055
-0.000077  0.000047  0.001152
0.000003  0.000055  0.000985
-0.000015  -0.000034  0.001242
-0.000051  0.000029  0.001037
0.000059  0.000091  0.000869
0.000011  0.000040  0.000817
-0.000127  -0.000067  0.001188
-0.000137  0.000020  0.001224
-0.000017  -0.000079  0.001054
-0.000019  -0.000024  0.000976
-0.000009  0.000028  0.001105
-0.000046  0.000021  0.000999
-0.000051  -0.000111  0.001103
-0.000050  -0.000109  0.001077
0.000061  0.000005  0.001062
-0.000045  0.000010  0.000994
-0.000140  0.000132  0.000876
-0.000084  0.000005  0.000813
-0.000077  0.000027  0.000856
-0.000133  0.000044  0.001102
