-0.000413  -0.000299  -0.101886
-0.000792  -0.000448  -0.196547
-0.001123  -0.000495  -0.292623
-0.001473  -0.000685  -0.388529
-0.001898  -0.000925  -0.494770
-0.002288  -0.001145  -0.592402
-0.002721  -0.001403  -0.688206
-0.003005  -0.001570  -0.784328
-0.003254  -0.001630  -0.881531
-0.003559  -0.001707  -0.976432
-0.003899  -0.001792  -1.081765
-0.004264  -0.001994  -1.178099
-0.004670  -0.002120  -1.276224
-0.004953  -0.002341  -1.370292
-0.005165  -0.002623  -1.472628
-0.005414  -0.002828  -1.563237
-0.005801  -0.002945  -1.664277
-0.006195  -0.003029  -1.767026
-0.006600  -0.003115  -1.859999
-0.007053  -0.003337  -1.962253
-0.007367  -0.003535  -2.053826
-0.007745  -0.003694  -2.156183
-0.008128  -0.003886  -2.251173
-0.008580  -0.004113  -2.346734
-0.009025  -0.004337  -2.441016
-0.009470  -0.004552  -2.539186
-0.009782  -0.004735  -2.641600
-0.010182  -0.004949  -2.732875
-0.010616  -0.005175  -2.826551
-0.010899  -0.005384  -2.929946
-0.011254  -0.005466  -3.025030
-0.011514  -0.005628  -3.119509
-0.011942  -0.005751  -3.214880
-0.012328  -0.005976  -3.308594
-0.012630  -0.006219  -3.412834
-0.012926  -0.006467  -3.508269
-0.013219  -0.006714  -3.602873
-0.013381  -0.006790  -3.695694
-0.013655  -0.006951  -3.785644
-0.014041  -0.007117  -3.885492
-0.014486  -0.007271  -3.985023
-0.014845  -0.007351  -4.075506
-0.015177  -0.007460  -4.175154
-0.015404  -0.007529  -4.266685
-0.015594  -0.007652  -4.355786
-0.015757  -0.007914  -4.455638
-0.015918  -0.008174  -4.554216
-0.016065  -0.008411  -4.644215
-0.016479  -0.008525  -4.742271
-0.016855  -0.008629  -4.831015
-0.017238  -0.008822  -4.921699
-0.017574  -0.009033  -5.022689
-0.017962  -0.009373  -5.114971
-0.018253  -0.009635  -5.207575
-0.018605  -0.009883  -5.300959
-0.018912  -0.010117  -5.394291
-0.019246  -0.010255  -5.486025
-0.019654  -0.010398  -5.578492
-0.020027  -0.010550  -5.665998
-0.020425  -0.010671  -5.763425
-0.020763  -0.010777  -5.850869
-0.021017  -0.011026  -5.948459
-0.021243  -0.011248  -6.035504
-0.021601  -0.011190  -6.131941
-0.021876  -0.011274  -6.221398
-0.022277  -0.011446  -6.311868
-0.022495  -0.011696  -6.408955
-0.022799  -0.011829  -6.497488
-0.023126  -0.012028  -6.584737
-0.023481  -0.012307  -6.679790
-0.023846  -0.012529  -6.764149
-0.024207  -0.012705  -6.859051
-0.024430  -0.012824  -6.944188
-0.024705  -0.012973  -7.037830
-0.025017  -0.013098  -7.122480
-0.025370  -0.013238  -7.217756
-0.025625  -0.013338  -7.302870
-0.025945  -0.013572  -7.397701
-0.026234  -0.013752  -7.482422
-0.026530  -0.013787  -7.574549
-0.026896  -0.013862  -7.658952
-0.027355  -0.014029  -7.751881
-0.027767  -0.014101  -7.837025
-0.028133  -0.014242  -7.922397
-0.028537  -0.014419  -8.007034
-0.028865  -0.014548  -8.100043
-0.029199  -0.014659  -8.185500
-0.029506  -0.014928  -8.267533
-0.029845  -0.015225  -8.357896
-0.030120  -0.015395  -8.442882
-0.030210  -0.015614  -8.527730
-0.030460  -0.015845  -8.611099
-0.030733  -0.015982  -8.704389
-0.031069  -0.016110  -8.789021
-0.031462  -0.016282  -8.872938
-0.031762  -0.016444  -8.956866
-0.032006  -0.016489  -9.037814
-0.032179  -0.016765  -9.125608
-0.032558  -0.016955  -9.213527
-0.033006  -0.017069  -9.293137
-0.033349  -0.017217  -9.374838
-0.033688  -0.017365  -9.455896
-0.034090  -0.017514  -9.545849
-0.034448  -0.017670  -9.628230
-0.034753  -0.017842  -9.710169
-0.035138  -0.017899  -9.791910
-0.035487  -0.018040  -9.872215
-0.035752  -0.018241  -9.958647
-0.036055  -0.018431  -10.035943
-0.036418  -0.018739  -10.120825
-0.036740  -0.018918  -10.198228
-0.037048  -0.019081  -10.283355
-0.037316  -0.019216  -10.360898
-0.037664  -0.019237  -10.445745
-0.037978  -0.019255  -10.522488
-0.038310  -0.019330  -10.606014
-0.038511  -0.019353  -10.681599
-0.038748  -0.019490  -10.764430
-0.039033  -0.019606  -10.839675
-0.039176  -0.019829  -10.922874
-0.039516  -0.020040  -10.997741
-0.039839  -0.020120  -11.076072
-0.040117  -0.020196  -11.158619
-0.040482  -0.020388  -11.235538
-0.040837  -0.020655  -11.311914
-0.041107  -0.020806  -11.389038
-0.041343  -0.020855  -11.466043
-0.041569  -0.020844  -11.541526
-0.041798  -0.020833  -11.617953
-0.042093  -0.021041  -11.692905
-0.042321  -0.021312  -11.766603
-0.042452  -0.021567  -11.848557
-0.042864  -0.021740  -11.922145
-0.043186  -0.021840  -11.995506
-0.043501  -0.021923  -12.074778
-0.043752  -0.021839  -12.147505
-0.044076  -0.021860  -12.220235
-0.044310  -0.022041  -12.292541
-0.044655  -0.022209  -12.372083
-0.045012  -0.022410  -12.445287
-0.045283  -0.022623  -12.517416
-0.045551  -0.022822  -12.588830
-0.045805  -0.022954  -12.663649
-0.046061  -0.023111  -12.736967
-0.046327  -0.023287  -12.808580
-0.046552  -0.023365  -12.877936
-0.046779  -0.023492  -12.945634
-0.046970  -0.023582  -13.020606
-0.047277  -0.023776  -13.095235
-0.047496  -0.023900  -13.162190
-0.047647  -0.024025  -13.235768
-0.047935  -0.024114  -13.303800
-0.048317  -0.024257  -13.369921
-0.048754  -0.024420  -13.445384
-0.049036  -0.024592  -13.513903
-0.049212  -0.024682  -13.582067
-0.049359  -0.024868  -13.649220
-0.049681  -0.025040  -13.716370
-0.050032  -0.025229  -13.789672
-0.050159  -0.025378  -13.857700
-0.050508  -0.025615  -13.924761
-0.050825  -0.025714  -13.991279
-0.051216  -0.025797  -14.057577
-0.051506  -0.025930  -14.128162
-0.051622  -0.026041  -14.191039
-0.051749  -0.026165  -14.261084
-0.051864  -0.026276  -14.324245
-0.052056  -0.026372  -14.393425
-0.052335  -0.026411  -14.455993
-0.052609  -0.026578  -14.517730
-0.052875  -0.026723  -14.586037
-0.053067  -0.026796  -14.654121
-0.053338  -0.026881  -14.717833
-0.053541  -0.026927  -14.781389
-0.053844  -0.027092  -14.844501
-0.054060  -0.027150  -14.906653
-0.054255  -0.027170  -14.969509
-0.054432  -0.027322  -15.037404
-0.054599  -0.027521  -15.099372
-0.054769  -0.027724  -15.162406
-0.054988  -0.027937  -15.224048
-0.055277  -0.028119  -15.282835
-0.055574  -0.028185  -15.347684
-0.055803  -0.028215  -15.406422
-0.056037  -0.028245  -15.466165
-0.056410  -0.028292  -15.532228
-0.056534  -0.028292  -15.591741
-0.056744  -0.028394  -15.651615
-0.056993  -0.028404  -15.710935
-0.057259  -0.028554  -15.770653
-0.057431  -0.028745  -15.828897
-0.057611  -0.028810  -15.892928
-0.057797  -0.028841  -15.950068
-0.057979  -0.028872  -16.006245
-0.058184  -0.028958  -16.067028
-0.058343  -0.029100  -16.122440
-0.058540  -0.029170  -16.183075
-0.058686  -0.029257  -16.239037
-0.058894  -0.029397  -16.293497
-0.059015  -0.029503  -16.352980
-0.059236  -0.029624  -16.412603
-0.059473  -0.029778  -16.466446
-0.059687  -0.029922  -16.525724
-0.059973  -0.030047  -16.579237
-0.060250  -0.030056  -16.631754
-0.060553  -0.030066  -16.688955
-0.060692  -0.030126  -16.746178
-0.060844  -0.030114  -16.797819
-0.061153  -0.030236  -16.854725
-0.061305  -0.030331  -16.905796
-0.061441  -0.030479  -16.962357
-0.061605  -0.030612  -17.013870
-0.061781  -0.030757  -17.069561
-0.061937  -0.030810  -17.123066
-0.062033  -0.030927  -17.175978
-0.062221  -0.030982  -17.228497
-0.062477  -0.031132  -17.279774
-0.062786  -0.031249  -17.330948
-0.063093  -0.031365  -17.381615
-0.063395  -0.031479  -17.431284
-0.063670  -0.031658  -17.485794
-0.063870  -0.031723  -17.533983
-0.064005  -0.031745  -17.586864
-0.064125  -0.031838  -17.634220
-0.064230  -0.031941  -17.686926
-0.064325  -0.032034  -17.734444
-0.064525  -0.032053  -17.786846
-0.064705  -0.032203  -17.833878
-0.064904  -0.032370  -17.885973
-0.065074  -0.032488  -17.932276
-0.065284  -0.032475  -17.982782
-0.065474  -0.032462  -18.028563
-0.065702  -0.032465  -18.079069
-0.065882  -0.032510  -18.125494
-0.066229  -0.032611  -18.172264
-0.066480  -0.032796  -18.218592
-0.066529  -0.032899  -18.268909
-0.066634  -0.033002  -18.316275
-0.066762  -0.033083  -18.357750
-0.066952  -0.033212  -18.406376
-0.067122  -0.033323  -18.450006
-0.067296  -0.033499  -18.497524
-0.067537  -0.033604  -18.540802
-0.067765  -0.033628  -18.588205
-0.067936  -0.033803  -18.630487
-0.068124  -0.033996  -18.677174
-0.068284  -0.034077  -18.723619
-0.068305  -0.034114  -18.766241
-0.068354  -0.034173  -18.808296
-0.068459  -0.034258  -18.850573
-0.068575  -0.034283  -18.896530
-0.068678  -0.034265  -18.938540
-0.068921  -0.034274  -18.983103
-0.069210  -0.034274  -19.022844
-0.069388  -0.034328  -19.067146
-0.069452  -0.034403  -19.106876
-0.069554  -0.034497  -19.150080
-0.069646  -0.034583  -19.189564
-0.069851  -0.034643  -19.232931
-0.070080  -0.034809  -19.274162
-0.070267  -0.034922  -19.314802
-0.070418  -0.035066  -19.354782
-0.070632  -0.035155  -19.394800
-0.070688  -0.035170  -19.434250
-0.070800  -0.035272  -19.473284
-0.071037  -0.035363  -19.511568
-0.071283  -0.035337  -19.554014
-0.071409  -0.035343  -19.592518
-0.071436  -0.035414  -19.630680
-0.071618  -0.035500  -19.668175
-0.071813  -0.035591  -19.708481
-0.071952  -0.035636  -19.744518
-0.071963  -0.035672  -19.783976
-0.072097  -0.035739  -19.819683
-0.072280  -0.035806  -19.859095
-0.072446  -0.035866  -19.894781
-0.072509  -0.035929  -19.933872
-0.072553  -0.036045  -19.968565
-0.072640  -0.036179  -20.006498
-0.072717  -0.036300  -20.040653
-0.072915  -0.036407  -20.077742
-0.073079  -0.036445  -20.111715
-0.073163  -0.036459  -20.145441
-0.073259  -0.036475  -20.183722
-0.073399  -0.036684  -20.218567
-0.073636  -0.036828  -20.252193
-0.073893  -0.036803  -20.286066
-0.074028  -0.036737  -20.318808
-0.074161  -0.036704  -20.354042
-0.074284  -0.036745  -20.388784
-0.074429  -0.036919  -20.420708
-0.074476  -0.036995  -20.455463
-0.074692  -0.037092  -20.486763
-0.074991  -0.037104  -20.520824
-0.075161  -0.037117  -20.551460
-0.075362  -0.037147  -20.585049
-0.075540  -0.037173  -20.614805
-0.075641  -0.037222  -20.647718
-0.075620  -0.037223  -20.680918
-0.075840  -0.037221  -20.710714
-0.075977  -0.037348  -20.743670
-0.076031  -0.037450  -20.773314
-0.076118  -0.037504  -20.803862
-0.076133  -0.037482  -20.836777
-0.076173  -0.037373  -20.866493
-0.076283  -0.037415  -20.896099
-0.076422  -0.037442  -20.924381
-0.076604  -0.037528  -20.955366
-0.076766  -0.037604  -20.982889
-0.076947  -0.037689  -21.013464
-0.077112  -0.037725  -21.043549
-0.077195  -0.037798  -21.070671
-0.077265  -0.037963  -21.101097
-0.077327  -0.037978  -21.127937
-0.077331  -0.037996  -21.154625
-0.077436  -0.038131  -21.183762
-0.077616  -0.038252  -21.212797
-0.077675  -0.038360  -21.240711
-0.077809  -0.038408  -21.267868
-0.077996  -0.038441  -21.295105
-0.078110  -0.038577  -21.321852
-0.078187  -0.038633  -21.348772
-0.078259  -0.038714  -21.374805
-0.078362  -0.038883  -21.401106
-0.078342  -0.038902  -21.426121
-0.078403  -0.038904  -21.453239
-0.078539  -0.039089  -21.477493
-0.078647  -0.039137  -21.504089
-0.078816  -0.039102  -21.528189
-0.079080  -0.039175  -21.554407
-0.079123  -0.039144  -21.578054
-0.079189  -0.039085  -21.604467
-0.079429  -0.039100  -21.628494
-0.079576  -0.039156  -21.652365
-0.079721  -0.039210  -21.675648
-0.079781  -0.039219  -21.698477
-0.079917  -0.039356  -21.723206
-0.080070  -0.039483  -21.747801
-0.080294  -0.039577  -21.770031
-0.080445  -0.039734  -21.794348
-0.080424  -0.039839  -21.815960
-0.080498  -0.039908  -21.839943
-0.080514  -0.039915  -21.861805
-0.080682  -0.039978  -21.884409
-0.080853  -0.040096  -21.906023
-0.080980  -0.040150  -21.927938
-0.081023  -0.040147  -21.949289
-0.081070  -0.040144  -21.972786
-0.081160  -0.040114  -21.993868
-0.081321  -0.040120  -22.014675
-0.081382  -0.040184  -22.035332
-0.081387  -0.040184  -22.056416
-0.081358  -0.040148  -22.078823
-0.081197  -0.040125  -22.098894
-0.081383  -0.040174  -22.119373
-0.081552  -0.040219  -22.137924
-0.081738  -0.040269  -22.158161
-0.081904  -0.040312  -22.176113
-0.082252  -0.040652  -22.197186
-0.081849  -0.040139  -22.214008
-0.081405  -0.039575  -22.232285
-0.081001  -0.039063  -22.248709
-0.080558  -0.038500  -22.266565
-0.080154  -0.037987  -22.282650
-0.079694  -0.037405  -22.300739
-0.079271  -0.036871  -22.317163
-0.079712  -0.041735  -22.343956
-0.080466  -0.045423  -22.368273
-0.081219  -0.049106  -22.392395
-0.078939  -0.054180  -22.406988
-0.076706  -0.059149  -22.421118
-0.074301  -0.064500  -22.436157
-0.072152  -0.069277  -22.449436
-0.071369  -0.070192  -22.469896
-0.070667  -0.071011  -22.488098
-0.069885  -0.071921  -22.508179
-0.068695  -0.070385  -22.521044
-0.067631  -0.069009  -22.532400
-0.066437  -0.067464  -22.544975
-0.071590  -0.067243  -22.558140
-0.076777  -0.067019  -22.571234
-0.082010  -0.066793  -22.584286
-0.087156  -0.066568  -22.596970
-0.089553  -0.065357  -22.621502
-0.091705  -0.064269  -22.643375
-0.092022  -0.062669  -22.668234
-0.092314  -0.061197  -22.690947
-0.092633  -0.059578  -22.715759
-0.092920  -0.058117  -22.737988
-0.093236  -0.056501  -22.762392
-0.093532  -0.054981  -22.785200
-0.093825  -0.053473  -22.807648
-0.094114  -0.051976  -22.829790
-0.086962  -0.054297  -22.844341
-0.080385  -0.056431  -22.857571
-0.073874  -0.058542  -22.870523
-0.066723  -0.060860  -22.884590
-0.060044  -0.063024  -22.897583
-0.053355  -0.065190  -22.910448
-0.046729  -0.067336  -22.923052
-0.040125  -0.069474  -22.935471
-0.032955  -0.071793  -22.948801
-0.026524  -0.073873  -22.960623
-0.020022  -0.075975  -22.972441
-0.012906  -0.078275  -22.985226
-0.018573  -0.079466  -23.015221
-0.024832  -0.080781  -23.048197
-0.030479  -0.081965  -23.077805
-0.031829  -0.085836  -23.108351
-0.033113  -0.089510  -23.137211
-0.034380  -0.093134  -23.165545
-0.035667  -0.096807  -23.194141
-0.036926  -0.100393  -23.221943
-0.038140  -0.103851  -23.248629
-0.039489  -0.107683  -23.278072
-0.040775  -0.104961  -23.294249
-0.045811  -0.102490  -23.313360
-0.050868  -0.100008  -23.332413
-0.056280  -0.097428  -23.348564
-0.061224  -0.095069  -23.363184
-0.060091  -0.092211  -23.367752
-0.059057  -0.089600  -23.371790
-0.058038  -0.087025  -23.375643
-0.056898  -0.084141  -23.379810
-0.055873  -0.081546  -23.383430
-0.054746  -0.078692  -23.387272
-0.053747  -0.076162  -23.390554
-0.047988  -0.082587  -23.361435
-0.033184  -0.095332  -23.354408
-0.019607  -0.107019  -23.347841
-0.004809  -0.119758  -23.340551
0.008567  -0.131270  -23.333845
0.023544  -0.144161  -23.326202
0.037657  -0.156307  -23.318880
0.038458  -0.153608  -23.295658
0.039264  -0.150874  -23.272055
0.040058  -0.148161  -23.248547
0.040851  -0.145441  -23.224892
0.044868  -0.150553  -23.223846
0.048818  -0.155581  -23.222710
0.052730  -0.160562  -23.221476
0.057039  -0.166049  -23.219997
0.060840  -0.170892  -23.218590
0.065001  -0.176193  -23.216938
0.068798  -0.181033  -23.215328
0.073020  -0.186415  -23.213425
0.076802  -0.191239  -23.211620
0.066979  -0.187353  -23.200588
0.057083  -0.183434  -23.189373
0.049259  -0.176804  -23.164143
0.041128  -0.169912  -23.137840
0.032957  -0.162985  -23.111320
0.024083  -0.155461  -23.082430
0.015903  -0.148524  -23.055714
0.008070  -0.141881  -23.030054
-0.000530  -0.134586  -23.001797
-0.008344  -0.127956  -22.976044
-0.017069  -0.120553  -22.947205
-0.013392  -0.130568  -22.929184
-0.009390  -0.141469  -22.909479
-0.005624  -0.151727  -22.890854
-0.001867  -0.161963  -22.872187
0.001869  -0.172139  -22.853548
0.005980  -0.183342  -22.832939
0.009749  -0.193610  -22.813969
0.013574  -0.204034  -22.794630
0.017200  -0.213914  -22.776222
0.021172  -0.224738  -22.755976
0.024770  -0.234545  -22.737556
0.028790  -0.245500  -22.716898
-0.011728  -0.213978  -22.721657
-0.056023  -0.179513  -22.726791
-0.100498  -0.144903  -22.731880
-0.125134  -0.134892  -22.740726
-0.150700  -0.124500  -22.749846
-0.175835  -0.114280  -22.758749
-0.203836  -0.102891  -22.768600
-0.235407  -0.106282  -22.776268
-0.265666  -0.109532  -22.783558
-0.298877  -0.113100  -22.791496
-0.328910  -0.116326  -22.798616
-0.359819  -0.119647  -22.805885
-0.390663  -0.122960  -22.813082
-0.424869  -0.126635  -22.820999
-0.455981  -0.129978  -22.828142
-0.487299  -0.133343  -22.835276
-0.518562  -0.136702  -22.842339
-0.549769  -0.140055  -22.849333
-0.580537  -0.143362  -22.856174
-0.622185  -0.139323  -22.834612
-0.656837  -0.138359  -22.797445
-0.688667  -0.137471  -22.763227
-0.719168  -0.136617  -22.730362
-0.734432  -0.127354  -22.678448
-0.750124  -0.117813  -22.624937
-0.764070  -0.109318  -22.577250
-0.790938  -0.092441  -22.541836
-0.816541  -0.076343  -22.508013
-0.841606  -0.060566  -22.474823
-0.863557  -0.052175  -22.442915
-0.897277  -0.043119  -22.422712
-0.932043  -0.033776  -22.401827
-0.972653  -0.031698  -22.388361
-1.009347  -0.029821  -22.376150
-1.046406  -0.027926  -22.363773
-1.087437  -0.025829  -22.350021
-1.124901  -0.023914  -22.337421
-1.166251  -0.021802  -22.323465
-1.203581  -0.019896  -22.310823
-1.241345  -0.017968  -22.297993
-1.282626  -0.015862  -22.283918
-1.541177  -0.188925  -22.366585
-1.536928  -0.179867  -22.283672
-1.501426  -0.177732  -22.170330
-1.474154  -0.183190  -22.067234
-1.446457  -0.188721  -21.962688
-1.445605  -0.184955  -21.869804
-1.437025  -0.188508  -21.761307
-1.429181  -0.191735  -21.662661
-1.428395  -0.186684  -21.575233
-1.416682  -0.185060  -21.467987
-1.405969  -0.183577  -21.370296
-1.396691  -0.167871  -21.279022
-1.403908  -0.136676  -21.190348
-1.410460  -0.108177  -21.109356
-1.437011  -0.093436  -21.046732
-1.466146  -0.077236  -20.977934
-1.495040  -0.061146  -20.909624
-1.521397  -0.046446  -20.847237
-1.533891  -0.058584  -20.811781
-1.545166  -0.069579  -20.779694
-1.491347  -0.622608  -20.977488
-1.503469  -0.851209  -21.102108
-1.508072  -0.854906  -21.093307
-1.512190  -0.858217  -21.085377
-1.492573  -0.857415  -21.076288
-1.466997  -0.865580  -21.059862
-1.438726  -0.871301  -21.036497
-1.427083  -0.901328  -21.044638
-1.411286  -0.931772  -21.039433
-1.386909  -0.939313  -20.998560
-1.362290  -0.946888  -20.957357
-1.352873  -0.959749  -20.948406
-1.344320  -0.971359  -20.940327
-1.334810  -0.984188  -20.931398
-1.340079  -1.015219  -21.005835
-1.349991  -1.046195  -21.028225
-1.356976  -1.066465  -21.009607
-1.364712  -1.088977  -20.988916
-1.355309  -1.083817  -21.013208
