-0.000509  -0.000073  -0.092882
-0.001129  -0.000120  -0.194140
-0.001718  -0.000166  -0.290438
-0.002240  -0.000156  -0.388219
-0.002804  -0.000140  -0.486610
-0.003313  -0.000132  -0.583738
-0.003956  -0.000150  -0.681389
-0.004584  -0.000168  -0.776485
-0.005184  -0.000291  -0.884511
-0.005693  -0.000297  -0.980021
-0.006264  -0.000358  -1.076269
-0.006898  -0.000408  -1.172946
-0.007452  -0.000380  -1.270298
-0.007999  -0.000353  -1.366507
-0.008536  -0.000295  -1.469186
-0.009094  -0.000234  -1.560935
-0.009603  -0.000142  -1.663823
-0.010096  -0.000079  -1.766811
-0.010678  0.000041  -1.859434
-0.011222  0.000040  -1.953255
-0.011812  0.000039  -2.054862
-0.012333  0.000118  -2.147528
-0.012898  0.000099  -2.250842
-0.013404  0.000081  -2.343189
-0.014001  0.000124  -2.445662
-0.014557  0.000205  -2.537901
-0.015072  0.000242  -2.640061
-0.015644  0.000312  -2.741418
-0.016218  0.000291  -2.832840
-0.016830  0.000232  -2.933948
-0.017368  0.000264  -3.026091
-0.018024  0.000278  -3.126958
-0.018661  0.000238  -3.227118
-0.019246  0.000201  -3.319023
-0.019852  0.000163  -3.414344
-0.020230  0.000076  -3.508868
-0.020722  0.000020  -3.613213
-0.021336  -0.000030  -3.708272
-0.021792  -0.000028  -3.801413
-0.022284  0.000169  -3.894860
-0.022746  0.000285  -3.985974
-0.023298  0.000330  -4.085870
-0.023848  0.000375  -4.185532
-0.024302  0.000460  -4.275286
-0.024805  0.000554  -4.374611
-0.025297  0.000539  -4.462446
-0.025853  0.000522  -4.561731
-0.026321  0.000354  -4.659670
-0.026754  0.000198  -4.750350
-0.027343  0.000093  -4.840065
-0.027938  0.000071  -4.939415
-0.028568  0.000124  -5.038643
-0.029148  0.000130  -5.129037
-0.029748  0.000137  -5.222554
-0.030297  0.000108  -5.315773
-0.030921  0.000187  -5.408434
-0.031482  0.000301  -5.502752
-0.031864  0.000284  -5.600173
-0.032317  0.000278  -5.688493
-0.032821  0.000272  -5.786502
-0.033271  0.000266  -5.874268
-0.033659  0.000374  -5.971416
-0.034193  0.000403  -6.060165
-0.034729  0.000433  -6.149114
-0.035175  0.000465  -6.240862
-0.035656  0.000408  -6.331237
-0.036306  0.000351  -6.430097
-0.036989  0.000323  -6.520598
-0.037506  0.000373  -6.613169
-0.037987  0.000460  -6.699830
-0.038640  0.000560  -6.794465
-0.039077  0.000599  -6.880457
-0.039557  0.000642  -6.974667
-0.040056  0.000687  -7.060526
-0.040579  0.000805  -7.155759
-0.041044  0.000886  -7.242684
-0.041526  0.000824  -7.330169
-0.041994  0.000852  -7.416313
-0.042526  0.000937  -7.511810
-0.043047  0.000969  -7.598164
-0.043544  0.000958  -7.682452
-0.044077  0.000922  -7.776910
-0.044565  0.000890  -7.863449
-0.044950  0.000894  -7.949005
-0.045374  0.000833  -8.042650
-0.045750  0.000778  -8.125661
-0.046340  0.000756  -8.216234
-0.046933  0.000827  -8.298778
-0.047482  0.000821  -8.389397
-0.048020  0.000867  -8.471110
-0.048645  0.000899  -8.562376
-0.049150  0.000954  -8.644637
-0.049622  0.000862  -8.735086
-0.050009  0.000805  -8.823840
-0.050409  0.000780  -8.904696
-0.050859  0.000789  -8.994066
-0.051281  0.000898  -9.076310
-0.051796  0.001032  -9.159221
-0.052305  0.001165  -9.241039
-0.052870  0.001313  -9.331950
-0.053247  0.001288  -9.416137
-0.053635  0.001378  -9.495564
-0.054124  0.001408  -9.582613
-0.054543  0.001381  -9.660448
-0.055021  0.001290  -9.747384
-0.055422  0.001241  -9.833641
-0.055874  0.001197  -9.913209
-0.056428  0.001107  -9.999165
-0.056928  0.001059  -10.077229
-0.057422  0.001042  -10.158107
-0.057927  0.000987  -10.238436
-0.058433  0.000932  -10.318957
-0.058814  0.001024  -10.407144
-0.059183  0.001219  -10.484166
-0.059654  0.001338  -10.568233
-0.060090  0.001282  -10.645020
-0.060608  0.001226  -10.728836
-0.061097  0.001160  -10.806131
-0.061454  0.001067  -10.880297
-0.061837  0.001114  -10.967450
-0.062308  0.001052  -11.045794
-0.062767  0.001121  -11.124101
-0.063302  0.001113  -11.202333
-0.063833  0.001105  -11.279825
-0.064248  0.001126  -11.357551
-0.064653  0.001146  -11.433196
-0.065127  0.001192  -11.516122
-0.065471  0.001232  -11.591690
-0.065763  0.001301  -11.667130
-0.066078  0.001258  -11.741436
-0.066525  0.001276  -11.820959
-0.066927  0.001286  -11.893353
-0.067352  0.001325  -11.972408
-0.067701  0.001446  -12.043260
-0.068226  0.001554  -12.124532
-0.068740  0.001557  -12.197518
-0.069163  0.001459  -12.270885
-0.069579  0.001362  -12.343093
-0.070042  0.001254  -12.423343
-0.070433  0.001140  -12.495624
-0.070885  0.001127  -12.567766
-0.071373  0.001079  -12.638060
-0.071884  0.001042  -12.714083
-0.072327  0.001027  -12.789654
-0.072694  0.000997  -12.858329
-0.073119  0.001025  -12.933866
-0.073482  0.001081  -13.002022
-0.073863  0.001106  -13.076941
-0.074247  0.001087  -13.151337
-0.074603  0.001101  -13.220869
-0.074965  0.001116  -13.291550
-0.075251  0.001067  -13.361166
-0.075780  0.001158  -13.435307
-0.076323  0.001258  -13.504406
-0.076825  0.001350  -13.573908
-0.077313  0.001440  -13.641372
-0.077700  0.001468  -13.711504
-0.078053  0.001473  -13.778644
-0.078452  0.001484  -13.851154
-0.078861  0.001504  -13.915474
-0.079187  0.001597  -13.987289
-0.079569  0.001646  -14.051086
-0.080077  0.001664  -14.122087
-0.080538  0.001681  -14.186300
-0.081058  0.001700  -14.258839
-0.081429  0.001778  -14.323513
-0.081833  0.001782  -14.389073
-0.082203  0.001768  -14.453770
-0.082632  0.001766  -14.519316
-0.083158  0.001685  -14.589363
-0.083514  0.001664  -14.651160
-0.083861  0.001673  -14.718735
-0.084214  0.001700  -14.779863
-0.084604  0.001730  -14.847474
-0.084986  0.001750  -14.907997
-0.085299  0.001689  -14.975049
-0.085700  0.001659  -15.042440
-0.086063  0.001632  -15.103332
-0.086418  0.001654  -15.165558
-0.086771  0.001680  -15.226616
-0.087207  0.001659  -15.287665
-0.087682  0.001695  -15.356841
-0.088014  0.001723  -15.418150
-0.088341  0.001751  -15.478338
-0.088613  0.001736  -15.538391
-0.088855  0.001775  -15.598866
-0.089107  0.001902  -15.659074
-0.089345  0.001910  -15.717901
-0.089798  0.001945  -15.783862
-0.090201  0.001977  -15.842442
-0.090607  0.002008  -15.901443
-0.091005  0.001906  -15.959637
-0.091436  0.001898  -16.017231
-0.091740  0.001900  -16.079165
-0.092073  0.001845  -16.134441
-0.092508  0.001788  -16.195267
-0.092897  0.001698  -16.250067
-0.093250  0.001646  -16.310301
-0.093577  0.001656  -16.370655
-0.093858  0.001675  -16.425030
-0.094120  0.001727  -16.481369
-0.094396  0.001904  -16.536728
-0.094697  0.002099  -16.597277
-0.095034  0.002107  -16.651466
-0.095342  0.002133  -16.706200
-0.095588  0.002188  -16.759672
-0.095876  0.002135  -16.817261
-0.096254  0.002255  -16.874357
-0.096654  0.002295  -16.925909
-0.096985  0.002332  -16.983673
-0.097316  0.002307  -17.036167
-0.097618  0.002298  -17.087286
-0.097849  0.002280  -17.143547
-0.098020  0.002309  -17.194214
-0.098263  0.002289  -17.249796
-0.098481  0.002272  -17.299902
-0.098832  0.002239  -17.354818
-0.099140  0.002229  -17.405197
-0.099397  0.002171  -17.460121
-0.099693  0.002087  -17.509771
-0.100075  0.002085  -17.560459
-0.100319  0.002111  -17.610641
-0.100543  0.002164  -17.664246
-0.100755  0.002157  -17.711901
-0.100953  0.002138  -17.764215
-0.101156  0.002201  -17.811062
-0.101466  0.002174  -17.863604
-0.101788  0.002199  -17.914989
-0.102180  0.002188  -17.961876
-0.102586  0.002176  -18.010363
-0.102924  0.002120  -18.057726
-0.103202  0.002209  -18.110287
-0.103510  0.002266  -18.157368
-0.103813  0.002322  -18.203388
-0.103960  0.002223  -18.253538
-0.104215  0.002161  -18.298706
-0.104586  0.002104  -18.347992
-0.104822  0.002108  -18.392670
-0.105138  0.002120  -18.442240
-0.105500  0.002189  -18.487467
-0.105921  0.002179  -18.532518
-0.106238  0.002045  -18.577801
-0.106555  0.001908  -18.623278
-0.106733  0.001945  -18.667530
-0.106935  0.001881  -18.712070
-0.107184  0.001855  -18.755630
-0.107421  0.001797  -18.801966
-0.107657  0.001700  -18.848816
-0.107916  0.001722  -18.890497
-0.108183  0.001812  -18.936508
-0.108361  0.001945  -18.978210
-0.108592  0.002022  -19.018524
-0.108807  0.002041  -19.063419
-0.109009  0.002045  -19.107897
-0.109239  0.002128  -19.148205
-0.109491  0.002220  -19.192497
-0.109681  0.002307  -19.232645
-0.109865  0.002289  -19.272947
-0.110222  0.002143  -19.317358
-0.110611  0.002075  -19.361517
-0.110862  0.001979  -19.397648
-0.111112  0.001931  -19.437244
-0.111373  0.002061  -19.479626
-0.111530  0.002177  -19.517714
-0.111800  0.002186  -19.559364
-0.112052  0.002131  -19.596750
-0.112272  0.002192  -19.638325
-0.112487  0.002218  -19.675896
-0.112719  0.002247  -19.716591
-0.112858  0.002313  -19.753065
-0.113135  0.002274  -19.792929
-0.113400  0.002183  -19.832167
-0.113615  0.002148  -19.868015
-0.113924  0.002110  -19.907755
-0.114221  0.002067  -19.944159
-0.114447  0.001980  -19.980412
-0.114729  0.002035  -20.017220
-0.114948  0.002055  -20.052504
-0.115086  0.002014  -20.090946
-0.115400  0.001962  -20.125078
-0.115621  0.001952  -20.162678
-0.115821  0.001944  -20.196602
-0.116160  0.002026  -20.233948
-0.116469  0.002102  -20.267862
-0.116698  0.002190  -20.304195
-0.116941  0.002137  -20.337177
-0.117124  0.002077  -20.373312
-0.117188  0.002064  -20.405998
-0.117337  0.002105  -20.442028
-0.117518  0.002096  -20.475082
-0.117680  0.002032  -20.510559
-0.117809  0.001992  -20.542295
-0.117972  0.001968  -20.577036
-0.118119  0.001945  -20.608456
-0.118280  0.001920  -20.643175
-0.118456  0.001948  -20.674341
-0.118652  0.001988  -20.704777
-0.118904  0.002018  -20.738411
-0.119194  0.002006  -20.771421
-0.119423  0.001973  -20.801365
-0.119638  0.001888  -20.834114
-0.119834  0.001810  -20.864014
-0.120068  0.001862  -20.894110
-0.120142  0.001826  -20.923828
-0.120182  0.001776  -20.956648
-0.120245  0.001762  -20.985985
-0.120307  0.001748  -21.015377
-0.120372  0.001733  -21.046375
-0.120552  0.001816  -21.074110
-0.120796  0.001826  -21.104891
-0.120979  0.001744  -21.132563
-0.121184  0.001693  -21.162771
-0.121394  0.001813  -21.190367
-0.121635  0.001872  -21.220720
-0.121862  0.001906  -21.248863
-0.121877  0.001956  -21.276161
-0.121891  0.002006  -21.303589
-0.121973  0.001952  -21.330231
-0.122134  0.001781  -21.360449
-0.122272  0.001633  -21.386335
-0.122439  0.001649  -21.414740
-0.122637  0.001658  -21.440115
-0.122775  0.001582  -21.467958
-0.122887  0.001561  -21.493080
-0.123134  0.001590  -21.520544
-0.123386  0.001627  -21.545671
-0.123426  0.001603  -21.570944
-0.123502  0.001418  -21.596163
-0.123686  0.001357  -21.620880
-0.123875  0.001470  -21.647274
-0.124091  0.001516  -21.670940
-0.124292  0.001517  -21.697016
-0.124474  0.001517  -21.720558
-0.124593  0.001508  -21.745893
-0.124806  0.001459  -21.768448
-0.125036  0.001318  -21.793745
-0.125230  0.001201  -21.816601
-0.125424  0.001212  -21.841681
-0.125571  0.001286  -21.863791
-0.125491  0.001372  -21.886637
-0.125512  0.001429  -21.909203
-0.125531  0.001484  -21.931181
-0.125755  0.001359  -21.956152
-0.125922  0.001393  -21.978008
-0.126185  0.001455  -21.999994
-0.126437  0.001515  -22.021042
-0.126648  0.001480  -22.043861
-0.126738  0.001481  -22.066238
-0.126772  0.001532  -22.086430
-0.126809  0.001590  -22.108927
-0.126829  0.001493  -22.129370
-0.126986  0.001484  -22.149527
-0.127207  0.001471  -22.171618
-0.127242  0.001440  -22.193174
-0.127300  0.001446  -22.213251
-0.127398  0.001476  -22.233309
-0.127494  0.001506  -22.253153
-0.127586  0.001535  -22.272102
-0.127687  0.001567  -22.292831
-0.127786  0.001599  -22.313250
-0.127876  0.001628  -22.331888
-0.127974  0.001660  -22.352341
-0.128062  0.001689  -22.370590
-0.128152  0.001719  -22.389174
-0.128247  0.001752  -22.409098
-0.128333  0.001781  -22.426973
-0.128418  0.001810  -22.444725
-0.128510  0.001843  -22.464111
-0.128594  0.001872  -22.481731
-0.128677  0.001902  -22.499155
-0.128766  0.001934  -22.517853
-0.128845  0.001963  -22.534548
-0.128932  0.001995  -22.552883
-0.129009  0.002024  -22.569363
-0.129094  0.002056  -22.587286
-0.129169  0.002084  -22.603205
-0.129251  0.002116  -22.620735
-0.129325  0.002145  -22.636478
-0.129404  0.002176  -22.653496
-0.129475  0.002205  -22.668756
-0.129555  0.002237  -22.685833
-0.129625  0.002265  -22.700926
-0.129701  0.002297  -22.717489
-0.129777  0.002328  -22.733757
-0.129844  0.002357  -22.748291
-0.129918  0.002389  -22.764462
-0.129984  0.002417  -22.778967
-0.130056  0.002449  -22.794674
-0.130120  0.002477  -22.808647
-0.130185  0.002506  -22.822977
-0.130258  0.002539  -22.838932
-0.130322  0.002569  -22.853094
-0.130385  0.002598  -22.867037
-0.130447  0.002627  -22.880798
-0.130510  0.002657  -22.894669
-0.130571  0.002686  -22.908339
-0.130631  0.002715  -22.921751
-0.130695  0.002747  -22.936066
-0.130751  0.002775  -22.948618
-0.130812  0.002806  -22.962496
-0.130873  0.002837  -22.976179
-0.130927  0.002865  -22.988434
-0.130986  0.002896  -23.001781
-0.131038  0.002924  -23.013746
-0.131095  0.002954  -23.026833
-0.131146  0.002982  -23.038599
-0.131202  0.003013  -23.051348
-0.131251  0.003041  -23.062794
-0.131305  0.003071  -23.075285
-0.131353  0.003099  -23.086351
-0.131406  0.003129  -23.098616
-0.131457  0.003160  -23.110693
-0.131504  0.003188  -23.121660
-0.131549  0.003215  -23.132277
-0.131598  0.003246  -23.143986
-0.131647  0.003276  -23.155470
-0.131690  0.003303  -23.165787
-0.131737  0.003333  -23.176970
-0.131779  0.003360  -23.187006
-0.131825  0.003391  -23.198191
-0.131867  0.003419  -23.208382
-0.131909  0.003447  -23.218473
-0.131949  0.003475  -23.228395
-0.131989  0.003504  -23.238216
-0.132030  0.003532  -23.248184
-0.132067  0.003559  -23.257408
-0.132107  0.003589  -23.267460
-0.132147  0.003618  -23.277336
-0.132183  0.003645  -23.286308
-0.099611  0.062812  -23.165041
-0.062681  0.129895  -23.027416
-0.029179  0.190749  -22.902452
0.004367  0.251682  -22.777210
0.037979  0.312733  -22.651609
0.074850  0.379702  -22.513704
0.108444  0.440718  -22.387945
0.141836  0.501367  -22.262829
0.174530  0.560747  -22.140223
0.210564  0.626192  -22.004972
0.243119  0.685316  -21.882679
0.278834  0.750179  -21.748398
0.311522  0.809544  -21.625393
0.347851  0.875518  -21.488577
0.380792  0.935341  -21.364412
0.413963  0.995578  -21.239283
0.446582  1.054812  -21.116135
0.482865  1.120700  -20.979042
0.515567  1.180083  -20.855381
0.550939  1.244314  -20.721518
0.582776  1.302123  -20.600941
0.617954  1.366000  -20.467602
0.653276  1.430135  -20.333616
0.684955  1.487656  -20.213356
0.720205  1.551660  -20.079437
0.752182  1.609719  -19.957863
0.787487  1.673821  -19.823534
0.819003  1.731042  -19.703531
0.854251  1.795038  -19.569220
0.889975  1.859895  -19.432999
0.922704  1.919317  -19.308104
0.955738  1.979289  -19.181957
0.988414  2.038611  -19.057085
1.020609  2.097058  -18.933968
1.056488  2.162194  -18.796661
1.089123  2.221439  -18.671682
1.124059  2.284859  -18.537804
1.155569  2.342061  -18.416965
1.190333  2.405168  -18.283558
1.222075  2.462788  -18.161667
1.256893  2.525991  -18.027872
1.288363  2.583114  -17.906866
1.323168  2.646292  -17.772943
1.354276  2.702758  -17.653166
1.388852  2.765519  -17.519947
1.419767  2.821633  -17.400759
1.454744  2.885118  -17.265823
1.487592  2.944739  -17.139017
1.520114  3.003767  -17.013391
1.552399  3.062363  -16.888603
1.584873  3.121303  -16.763002
1.619572  3.184281  -16.628712
1.650458  3.240336  -16.509106
1.684247  3.301660  -16.378174
1.715479  3.358342  -16.257078
1.750012  3.421014  -16.123102
1.781866  3.478822  -15.999445
1.813771  3.536724  -15.875512
1.845412  3.594145  -15.752535
1.876983  3.651439  -15.629752
1.911617  3.714289  -15.494980
1.942833  3.770938  -15.373434
1.974216  3.827887  -15.251170
2.005199  3.884110  -15.130392
2.039032  3.945505  -14.998426
2.069868  4.001460  -14.878082
2.103392  4.062292  -14.747173
2.133929  4.117703  -14.627858
2.164182  4.172597  -14.509590
2.197772  4.233546  -14.378201
2.228863  4.289961  -14.256516
2.260279  4.346964  -14.133492
2.291477  4.403572  -14.011251
2.323182  4.461098  -13.886958
2.353556  4.516208  -13.767819
2.383054  4.569728  -13.652050
2.415555  4.628696  -13.524427
2.448165  4.687861  -13.396308
2.477696  4.741439  -13.280221
2.510161  4.800339  -13.152535
2.539394  4.853375  -13.037498
2.571569  4.911748  -12.910815
2.600488  4.964213  -12.796894
2.632965  5.023133  -12.668887
2.662128  5.076041  -12.553881
2.691664  5.129622  -12.437348
2.721747  5.184197  -12.318591
2.753628  5.242031  -12.192676
2.782144  5.293761  -12.079990
2.813664  5.350941  -11.955370
2.841821  5.402019  -11.843988
2.810848  5.434351  -11.774492
2.782981  5.463219  -11.712386
2.755052  5.491932  -11.650558
2.782739  5.524704  -11.581509
2.810262  5.557227  -11.512938
2.838125  5.590094  -11.443592
2.865144  5.621912  -11.376413
2.882854  5.571375  -11.308041
2.868389  5.516971  -11.249672
2.852373  5.456882  -11.185631
2.837964  5.402956  -11.128534
2.772486  5.418197  -11.066662
2.713598  5.431766  -11.011318
2.681920  5.486578  -10.927314
2.398782  5.605481  -10.875363
1.572977  5.869614  -11.020730
0.660913  6.161175  -11.181548
-0.165519  6.425217  -11.327508
-0.982955  6.686242  -11.472114
-1.815938  6.952087  -11.619707
-2.640787  7.215196  -11.766093
-3.544578  7.503331  -11.926743
-4.361556  7.763652  -12.072187
-5.175438  8.022851  -12.217306
-6.059476  8.304246  -12.375175
-6.047709  8.314210  -12.267463
-6.034238  8.325143  -12.146930
-6.021782  8.334835  -12.037921
-6.007744  8.345312  -11.917683
-5.994720  8.354637  -11.808446
-5.980163  8.364637  -11.688823
-5.966405  8.373709  -11.577995
-5.952223  8.382684  -11.465951
-5.937680  8.391521  -11.353202
-5.922862  8.400165  -11.240431
-5.939519  8.442160  -11.208674
-5.956098  8.484356  -11.176815
-5.972085  8.525441  -11.145843
-5.988462  8.567941  -11.113854
