0.000001  0.000005  0.000013
0.000024  0.000040  0.000059
0.000083  0.000110  0.000141
0.000176  0.000215  0.000258
0.000306  0.000357  0.000413
0.000473  0.000537  0.000605
0.000678  0.000755  0.000836
0.000923  0.001013  0.001107
0.001206  0.001310  0.001418
0.001531  0.001648  0.001769
0.001896  0.002027  0.002162
0.002302  0.002447  0.002596
0.002751  0.002910  0.003074
0.003243  0.003416  0.003594
0.003778  0.003966  0.004158
0.004357  0.004560  0.004767
0.004980  0.005198  0.005420
0.005648  0.005881  0.006118
0.006361  0.006609  0.006861
0.007120  0.007383  0.007651
0.007925  0.008204  0.008487
0.008777  0.009071  0.009369
0.009675  0.009985  0.010299
0.010621  0.010947  0.011277
0.011614  0.011956  0.012302
0.012656  0.013014  0.013376
0.013745  0.014119  0.014498
0.014884  0.015274  0.015668
0.016071  0.016478  0.016889
0.017308  0.017731  0.018158
0.018594  0.019033  0.019477
0.019929  0.020386  0.020846
0.021315  0.021788  0.022265
0.022751  0.023241  0.023734
0.024237  0.024744  0.025254
0.025774  0.026297  0.026825
0.027361  0.027902  0.028446
0.029000  0.029557  0.030118
0.030689  0.031263  0.031841
0.032429  0.033021  0.033616
0.034221  0.034830  0.035442
0.036064  0.036690  0.037319
0.037959  0.038602  0.039248
0.039905  0.040565  0.041229
0.041903  0.042580  0.043261
0.043953  0.044648  0.045346
0.046055  0.046767  0.047482
0.048208  0.048937  0.049670
0.050414  0.051160  0.051910
0.052671  0.053435  0.054202
0.054980  0.055761  0.056546
0.057341  0.058140  0.058941
0.059754  0.060570  0.061389
0.062219  0.063052  0.063888
0.064735  0.065585  0.066438
0.067303  0.068171  0.069041
0.069923  0.070808  0.071695
0.072594  0.073496  0.074401
0.075317  0.076237  0.077158
0.078092  0.079028  0.079967
0.080918  0.081871  0.082827
0.083795  0.084766  0.085739
0.086724  0.087711  0.088701
0.089703  0.090708  0.091714
0.092734  0.093755  0.094779
0.095815  0.096854  0.097894
0.098947  0.100003  0.101060
0.102130  0.103202  0.104276
0.105363  0.106452  0.107543
0.108647  0.109752  0.110860
0.111980  0.113103  0.114226
0.115364  0.116503  0.117643
0.118797  0.119952  0.121109
0.122280  0.123452  0.124625
0.125812  0.127000  0.128190
0.129394  0.130598  0.131804
0.133024  0.134245  0.135467
0.136703  0.137940  0.139178
0.140431  0.141684  0.142938
0.144207  0.145476  0.146746
0.148031  0.149316  0.150602
0.151903  0.153204  0.154506
0.155823  0.157140  0.158457
0.159790  0.161123  0.162456
0.163804  0.165152  0.166501
0.167865  0.169229  0.170593
0.171973  0.173352  0.174732
0.176127  0.177521  0.178916
0.180326  0.181736  0.183146
0.184572  0.185997  0.187422
0.188863  0.190303  0.191743
0.193199  0.194655  0.196110
0.197581  0.199051  0.200521
0.202007  0.203492  0.204976
0.206477  0.207977  0.209476
0.210991  0.212506  0.214020
0.215550  0.217079  0.218607
0.220152  0.221695  0.223238
0.224797  0.226355  0.227912
0.229486  0.231058  0.232629
0.234217  0.235804  0.237389
0.238991  0.240592  0.242191
0.243807  0.245421  0.247034
0.248665  0.250293  0.251920
0.253564  0.255207  0.256847
0.258505  0.260161  0.261815
0.263487  0.265157  0.266825
0.268510  0.270193  0.271874
0.273573  0.275270  0.276964
0.278677  0.280387  0.282094
0.283820  0.285543  0.287264
0.289003  0.290739  0.292473
0.294225  0.295974  0.297721
0.299486  0.301248  0.303007
0.304785  0.306560  0.308332
0.310123  0.311911  0.313695
0.315499  0.317299  0.319096
0.320912  0.322725  0.324535
0.326363  0.328188  0.330010
0.331851  0.333688  0.335522
0.337375  0.339225  0.341071
0.342937  0.344798  0.346657
0.348534  0.350408  0.352278
0.354167  0.356053  0.357935
0.359836  0.361733  0.363627
0.365540  0.367449  0.369354
0.371279  0.373200  0.375116
0.377053  0.378985  0.380913
0.382861  0.384804  0.386744
0.388703  0.390657  0.392608
0.394578  0.396544  0.398505
0.400487  0.402464  0.404436
0.406429  0.408416  0.410399
0.412403  0.414402  0.416395
0.418410  0.420419  0.422424
0.424449  0.426469  0.428484
0.430520  0.432550  0.434576
0.436622  0.438663  0.440699
0.442756  0.444807  0.446854
0.448921  0.450982  0.453039
0.455116  0.457188  0.459254
0.461342  0.463424  0.465500
0.467598  0.469690  0.471776
0.473884  0.475986  0.478082
0.480199  0.482311  0.484416
0.486544  0.488665  0.490780
0.492917  0.495048  0.497173
0.499319  0.501460  0.503594
0.505750  0.507899  0.510043
0.512208  0.514367  0.516520
0.518695  0.520863  0.523024
0.525209  0.527386  0.529556
0.531749  0.533936  0.536115
0.538317  0.540512  0.542701
0.544912  0.547116  0.549313
0.551533  0.553745  0.555951
0.558180  0.560401  0.562615
0.564853  0.567083  0.569305
0.571551  0.573790  0.576021
0.578275  0.580521  0.582760
0.585023  0.587278  0.589525
0.591796  0.594059  0.596314
0.598593  0.600863  0.603126
0.605413  0.607692  0.609963
0.612258  0.614544  0.616823
0.619126  0.621420  0.623706
0.626017  0.628319  0.630613
0.632931  0.635241  0.637542
0.639868  0.642186  0.644494
0.646828  0.649152  0.651468
0.653809  0.656141  0.658465
0.660813  0.663152  0.665483
0.667839  0.670185  0.672523
0.674886  0.677240  0.679585
0.681956  0.684317  0.686669
0.689047  0.691415  0.693774
0.696159  0.698534  0.700899
0.703291  0.705673  0.708046
0.710444  0.712833  0.715212
0.717618  0.720014  0.722400
0.724812  0.727214  0.729607
0.732026  0.734434  0.736833
0.739259  0.741674  0.744079
0.746511  0.748932  0.751344
0.753782  0.756210  0.758627
0.761071  0.763505  0.765929
0.768379  0.770819  0.773249
0.775706  0.778152  0.780587
0.783050  0.785502  0.787944
0.790413  0.792871  0.795318
0.797793  0.800257  0.802710
0.805191  0.807661  0.810120
0.812606  0.815082  0.817546
0.820038  0.822518  0.824988
0.827486  0.829972  0.832447
0.834950  0.837441  0.839921
0.842430  0.844926  0.847411
0.849925  0.852426  0.854917
0.857435  0.859942  0.862437
0.864961  0.867473  0.869973
0.872502  0.875019  0.877524
0.880058  0.882580  0.885090
0.887629  0.890156  0.892671
0.895215  0.897746  0.900266
0.902815  0.905351  0.907875
0.910429  0.912970  0.915498
0.918056  0.920602  0.923135
0.925698  0.928248  0.930785
0.933353  0.935907  0.938449
0.941021  0.943580  0.946127
0.948703  0.951267  0.953818
0.956399  0.958967  0.961522
0.964108  0.966680  0.969240
0.971830  0.974406  0.976970
0.979564  0.982145  0.984712
0.987311  0.989896  0.992467
0.995070  0.997659  1.000234
1.002841  1.005434  1.008013
1.010624  1.013221  1.015805
1.018419  1.021020  1.023606
1.026225  1.028829  1.031419
1.034041  1.036649  1.039243
1.041869  1.044480  1.047078
1.049707  1.052323  1.054924
1.057557  1.060175  1.062780
1.065417  1.068039  1.070646
1.073287  1.075912  1.078523
1.081167  1.083796  1.086410
1.089057  1.091689  1.094307
1.096957  1.099593  1.102213
1.104867  1.107506  1.110130
1.112787  1.115429  1.118056
1.120716  1.123361  1.125991
1.128654  1.131302  1.133935
1.136601  1.139252  1.141888
1.144558  1.147212  1.149850
1.152523  1.155180  1.157821
1.160497  1.163157  1.165801
1.168480  1.171143  1.173790
1.176471  1.179137  1.181786
1.184471  1.187139  1.189791
1.192478  1.195149  1.197804
1.200493  1.203167  1.205824
1.208516  1.211192  1.213852
1.216547  1.219225  1.221887
1.224585  1.227266  1.229931
1.232631  1.235314  1.237981
1.240684  1.243369  1.246038
1.248743  1.251431  1.254102
1.256810  1.259500  1.262173
1.264883  1.267576  1.270251
1.272963  1.275658  1.278336
1.281050  1.283747  1.286427
1.289143  1.291842  1.294523
1.297242  1.299942  1.302626
1.305346  1.308048  1.310733
1.313455  1.316159  1.318846
1.321570  1.324276  1.326965
1.329691  1.332400  1.335091
1.337819  1.340530  1.343223
1.345953  1.348666  1.351360
1.354093  1.356807  1.359503
1.362237  1.364952  1.367650
1.370386  1.373103  1.375803
1.378541  1.381260  1.383962
1.386701  1.389422  1.392125
1.394866  1.397589  1.400294
1.403037  1.405761  1.408467
1.411212  1.413939  1.416646
1.419392  1.422120  1.424829
1.427577  1.430306  1.433016
1.435766  1.438496  1.441208
1.443959  1.446690  1.449403
1.452155  1.454887  1.457601
1.460354  1.463089  1.465804
1.468559  1.471294  1.474010
1.476767  1.479503  1.482221
1.484979  1.487717  1.490435
1.493194  1.495933  1.498652
1.501412  1.504152  1.506873
1.509634  1.512375  1.515097
1.517859  1.520602  1.523324
1.526088  1.528832  1.531555
1.534320  1.537064  1.539789
1.542554  1.545300  1.548025
1.550792  1.553538  1.556264
1.559032  1.561779  1.564506
1.567274  1.570023  1.572750
1.575520  1.578269  1.580998
1.583769  1.586519  1.589248
1.592020  1.594771  1.597501
1.600273  1.603025  1.605756
1.608529  1.611281  1.614012
1.616786  1.619539  1.622271
1.625045  1.627799  1.630531
1.633307  1.636060  1.638793
1.641569  1.644324  1.647058
1.649834  1.652590  1.655324
1.658102  1.660859  1.663594
1.666372  1.669129  1.671865
1.674645  1.677403  1.680139
1.682920  1.685678  1.688415
1.691196  1.693955  1.696692
1.699474  1.702234  1.704972
1.707754  1.710515  1.713253
1.716037  1.718797  1.721537
1.724320  1.727082  1.729821
1.732605  1.735367  1.738107
1.740892  1.743654  1.746394
1.749179  1.751942  1.754683
1.757468  1.760232  1.762973
1.765759  1.768523  1.771264
1.774051  1.776816  1.779557
1.782345  1.785110  1.787853
1.790641  1.793406  1.796149
1.798938  1.801704  1.804447
1.807236  1.810003  1.812746
1.815537  1.818303  1.821047
1.823838  1.826605  1.829348
1.832139  1.834906  1.837650
1.840441  1.843208  1.845952
1.848744  1.851511  1.854255
1.857047  1.859815  1.862559
1.865351  1.868119  1.870864
1.873656  1.876424  1.879169
1.881961  1.884730  1.887475
1.890268  1.893037  1.895782
1.898576  1.901345  1.904091
1.906884  1.909654  1.912399
1.915193  1.917962  1.920708
1.923501  1.926271  1.929016
1.931810  1.934579  1.937325
1.940119  1.942888  1.945634
1.948428  1.951198  1.953944
1.956739  1.959509  1.962254
1.965049  1.967819  1.970565
1.973360  1.976130  1.978875
1.981670  1.984441  1.987186
1.989982  1.992752  1.995497
1.998293  2.001063  2.003809
2.006604  2.009375  2.012120
2.014916  2.017686  2.020432
2.023228  2.025998  2.028744
2.031540  2.034310  2.037055
2.039852  2.042622  2.045367
2.048163  2.050933  2.053679
2.056474  2.059245  2.061990
2.064786  2.067556  2.070301
2.073097  2.075867  2.078612
2.081409  2.084179  2.086924
2.089720  2.092491  2.095236
2.098032  2.100802  2.103547
2.106343  2.109114  2.111858
2.114654  2.117424  2.120168
2.122964  2.125734  2.128478
2.131274  2.134044  2.136788
2.139584  2.142354  2.145098
2.147895  2.150664  2.153408
2.156204  2.158974  2.161717
2.164513  2.167283  2.170026
2.172822  2.175591  2.178333
2.181129  2.183898  2.186641
2.189437  2.192206  2.194948
2.197744  2.200513  2.203255
2.206051  2.208820  2.211561
2.214357  2.217126  2.219867
2.222661  2.225429  2.228169
2.230962  2.233728  2.236465
2.239256  2.242019  2.244753
2.247540  2.250299  2.253030
2.255814  2.258568  2.261295
2.264073  2.266823  2.269544
2.272317  2.275061  2.277775
2.280542  2.283279  2.285987
2.288747  2.291477  2.294177
2.296929  2.299650  2.302342
2.305085  2.307798  2.310481
2.313215  2.315919  2.318593
2.321317  2.324011  2.326675
2.329390  2.332073  2.334726
2.337429  2.340101  2.342742
2.345434  2.348095  2.350725
2.353405  2.356053  2.358670
2.361337  2.363973  2.366578
2.369232  2.371854  2.374445
2.377086  2.379695  2.382272
2.384899  2.387494  2.390057
2.392669  2.395250  2.397798
2.400396  2.402961  2.405494
2.408077  2.410626  2.413144
2.415710  2.418244  2.420746
2.423296  2.425815  2.428300
2.430834  2.433335  2.435804
2.438321  2.440805  2.443257
2.445757  2.448224  2.450657
2.453140  2.455589  2.458005
2.460470  2.462901  2.465298
2.467744  2.470157  2.472536
2.474963  2.477357  2.479717
2.482125  2.484500  2.486841
2.489230  2.491585  2.493907
2.496277  2.498613  2.500916
2.503267  2.505583  2.507866
2.510197  2.512494  2.514757
2.517068  2.519344  2.521587
2.523878  2.526134  2.528357
2.530627  2.532864  2.535066
2.537317  2.539533  2.541714
2.543944  2.546139  2.548301
2.550509  2.552683  2.554823
2.557011  2.559164  2.561282
2.563449  2.565581  2.567679
2.569825  2.571936  2.574012
2.576136  2.578226  2.580281
2.582384  2.584451  2.586485
2.588566  2.590612  2.592623
2.594681  2.596703  2.598691
2.600726  2.602726  2.604692
2.606704  2.608681  2.610623
2.612613  2.614568  2.616488
2.618456  2.620389  2.622286
2.624231  2.626141  2.628016
2.629938  2.631824  2.633676
2.635576  2.637440  2.639269
2.641146  2.642987  2.644794
2.646648  2.648467  2.650251
2.652083  2.653880  2.655641
2.657450  2.659224  2.660963
2.662750  2.664501  2.666218
2.667982  2.669711  2.671405
2.673147  2.674854  2.676526
2.678245  2.679928  2.681577
2.683273  2.684935  2.686562
2.688236  2.689875  2.691479
2.693131  2.694749  2.696331
2.697961  2.699556  2.701117
2.702724  2.704297  2.705835
2.707421  2.708971  2.710486
2.712050  2.713578  2.715072
2.716613  2.718119  2.719590
2.721109  2.722592  2.724041
2.725538  2.727000  2.728427
2.729902  2.731342  2.732748
2.734200  2.735619  2.737002
2.738434  2.739830  2.741191
2.742601  2.743976  2.745317
2.746705  2.748059  2.749378
2.750745  2.752077  2.753374
2.754720  2.756031  2.757307
2.758632  2.759922  2.761178
2.762482  2.763752  2.764987
2.766271  2.767520  2.768735
2.769998  2.771227  2.772421
2.773664  2.774873  2.776047
2.777270  2.778458  2.779612
2.780815  2.781982  2.783115
2.784297  2.785445  2.786558
2.787720  2.788847  2.789940
2.791081  2.792189  2.793263
2.794385  2.795473  2.796526
2.797628  2.798697  2.799731
2.800814  2.801863  2.802879
2.803943  2.804974  2.805971
2.807018  2.808030  2.809008
2.810035  2.811028  2.811988
2.812996  2.813971  2.814912
2.815902  2.816858  2.817781
2.818754  2.819693  2.820599
2.821554  2.822475  2.823363
2.824300  2.825204  2.826074
2.826994  2.827880  2.828733
2.829636  2.830505  2.831340
2.832225  2.833076  2.833894
2.834761  2.835595  2.836396
2.837246  2.838063  2.838847
2.839681  2.840481  2.841248
2.842065  2.842849  2.843599
2.844400  2.845167  2.845901
2.846686  2.847437  2.848155
2.848922  2.849658  2.850360
2.851111  2.851830  2.852516
2.853252  2.853956  2.854626
2.855346  2.856033  2.856688
2.857392  2.858064  2.858704
2.859393  2.860049  2.860673
2.861348  2.861989  2.862598
2.863258  2.863884  2.864479
2.865123  2.865734  2.866313
2.866944  2.867541  2.868106
2.868722  2.869305  2.869857
2.870459  2.871029  2.871567
2.872155  2.872711  2.873236
2.873812  2.874355  2.874867
2.875429  2.875960  2.876458
2.877008  2.877525  2.878011
2.878547  2.879051  2.879524
2.880047  2.880538  2.880997
2.881508  2.881986  2.882433
2.882930  2.883396  2.883830
2.884316  2.884770  2.885192
2.885666  2.886108  2.886518
2.886980  2.887410  2.887809
2.888259  2.888678  2.889065
2.889504  2.889911  2.890287
2.890715  2.891111  2.891476
2.891892  2.892276  2.892629
2.893033  2.893406  2.893748
2.894142  2.894504  2.894834
2.895216  2.895567  2.895888
2.896260  2.896600  2.896909
2.897271  2.897601  2.897900
2.898250  2.898570  2.898857
2.899197  2.899506  2.899784
2.900114  2.900413  2.900680
2.901000  2.901289  2.901547
2.901858  2.902138  2.902387
2.902688  2.902957  2.903196
2.903488  2.903749  2.903978
2.904260  2.904510  2.904731
2.905003  2.905244  2.905455
2.905718  2.905951  2.906154
2.906409  2.906633  2.906827
2.907074  2.907290  2.907475
2.907713  2.907921  2.908098
2.908328  2.908527  2.908696
2.908917  2.909109  2.909270
2.909484  2.909667  2.909821
2.910028  2.910204  2.910350
2.910549  2.910717  2.910856
2.911048  2.911209  2.911341
2.911526  2.911680  2.911804
2.911982  2.912129  2.912246
2.912416  2.912555  2.912665
2.912828  2.912961  2.913064
2.913220  2.913346  2.913442
2.913590  2.913709  2.913798
2.913939  2.914051  2.914133
2.914267  2.914372  2.914447
2.914576  2.914675  2.914744
2.914866  2.914959  2.915023
2.915139  2.915226  2.915284
2.915395  2.915476  2.915528
2.915633  2.915709  2.915755
2.915854  2.915923  2.915963
2.916057  2.916120  2.916154
2.916241  2.916299  2.916327
2.916409  2.916462  2.916485
2.916562  2.916610  2.916627
2.916698  2.916740  2.916753
2.916820  2.916857  2.916865
2.916927  2.916959  2.916962
2.917019  2.917046  2.917044
2.917095  2.917117  2.917110
2.917156  2.917173  2.917161
2.917203  2.917216  2.917200
2.917238  2.917246  2.917225
2.917259  2.917264  2.917239
2.917269  2.917269  2.917240
2.917265  2.917261  2.917228
2.917250  2.917242  2.917205
2.917223  2.917212  2.917172
2.917186  2.917171  2.917128
2.917139  2.917120  2.917074
2.917081  2.917060  2.917010
2.917015  2.916991  2.916938
2.916939  2.916912  2.916857
2.916855  2.916825  2.916766
2.916761  2.916728  2.916666
2.916659  2.916623  2.916559
2.916549  2.916510  2.916443
2.916430  2.916389  2.916320
2.916305  2.916262  2.916190
2.916173  2.916127  2.916052
2.916033  2.915984  2.915907
2.915885  2.915834  2.915756
2.915732  2.915679  2.915597
2.915571  2.915516  2.915432
2.915403  2.915345  2.915260
2.915229  2.915169  2.915082
2.915048  2.914987  2.914897
2.914862  2.914799  2.914707
2.914670  2.914605  2.914511
2.914472  2.914404  2.914308
2.914266  2.914196  2.914097
2.914052  2.913980  2.913878
2.913832  2.913757  2.913654
2.913605  2.913528  2.913423
2.913372  2.913293  2.913186
2.913133  2.913052  2.912943
2.912888  2.912805  2.912694
2.912637  2.912552  2.912439
2.912380  2.912293  2.912179
2.912119  2.912031  2.911915
2.911854  2.911765  2.911647
2.911585  2.911494  2.911375
2.911310  2.911217  2.911097
2.911030  2.910936  2.910813
2.910746  2.910650  2.910527
2.910458  2.910361  2.910237
2.910167  2.910069  2.909944
2.909873  2.909774  2.909647
2.909575  2.909475  2.909347
2.909274  2.909174  2.909045
2.908972  2.908871  2.908741
2.908666  2.908563  2.908432
2.908357  2.908253  2.908122
2.908045  2.907941  2.907809
2.907731  2.907626  2.907494
2.907416  2.907310  2.907177
2.907099  2.906993  2.906859
2.906780  2.906674  2.906540
2.906460  2.906353  2.906219
2.906139  2.906032  2.905897
2.905817  2.905710  2.905575
2.905495  2.905387  2.905251
2.905170  2.905062  2.904926
2.904846  2.904738  2.904602
2.904521  2.904412  2.904275
2.904194  2.904085  2.903948
2.903868  2.903759  2.903623
2.903542  2.903434  2.903297
2.903215  2.903106  2.902969
2.902886  2.902777  2.902639
2.902557  2.902447  2.902310
2.902228  2.902118  2.901980
2.901896  2.901786  2.901648
2.901564  2.901453  2.901314
2.901231  2.901120  2.900981
2.900898  2.900787  2.900648
2.900565  2.900455  2.900316
2.900233  2.900122  2.899983
2.899899  2.899788  2.899649
2.899565  2.899454  2.899315
2.899231  2.899120  2.898982
2.898898  2.898787  2.898649
2.898565  2.898454  2.898316
2.898232  2.898121  2.897982
2.897899  2.897788  2.897649
2.897566  2.897455  2.897317
2.897235  2.897125  2.896987
2.896905  2.896796  2.896659
2.896577  2.896468  2.896331
2.896250  2.896141  2.896004
2.895924  2.895816  2.895680
2.895599  2.895490  2.895354
2.895273  2.895165  2.895029
2.894949  2.894841  2.894706
2.894627  2.894519  2.894384
2.894305  2.894197  2.894063
2.893984  2.893878  2.893744
2.893666  2.893559  2.893425
2.893346  2.893239  2.893105
2.893026  2.892919  2.892786
2.892707  2.892600  2.892466
2.892388  2.892281  2.892148
2.892069  2.891962  2.891828
2.891749  2.891642  2.891508
2.891429  2.891323  2.891189
2.891110  2.891004  2.890870
2.890791  2.890685  2.890551
2.890473  2.890368  2.890235
2.890157  2.890051  2.889919
2.889841  2.889736  2.889603
2.889526  2.889420  2.889288
2.889210  2.889105  2.888973
2.888896  2.888791  2.888658
2.888581  2.888477  2.888345
2.888268  2.888165  2.888033
2.887957  2.887853  2.887722
2.887647  2.887543  2.887413
2.887338  2.887235  2.887105
2.887031  2.886928  2.886799
2.886724  2.886623  2.886493
2.886419  2.886317  2.886189
2.886115  2.886014  2.885887
2.885814  2.885714  2.885587
2.885515  2.885414  2.885288
2.885216  2.885117  2.884991
2.884921  2.884823  2.884697
2.884626  2.884528  2.884403
2.884332  2.884234  2.884109
2.884039  2.883941  2.883816
2.883747  2.883649  2.883525
2.883455  2.883357  2.883233
2.883164  2.883067  2.882942
2.882874  2.882777  2.882654
2.882586  2.882490  2.882367
2.882299  2.882204  2.882081
2.882013  2.881917  2.881794
2.881726  2.881631  2.881508
2.881440  2.881345  2.881223
2.881155  2.881061  2.880939
2.880872  2.880779  2.880657
2.880591  2.880497  2.880377
2.880311  2.880219  2.880100
2.880035  2.879944  2.879825
2.879762  2.879671  2.879554
2.879491  2.879401  2.879283
2.879221  2.879131  2.879014
2.878953  2.878865  2.878749
2.878688  2.878600  2.878485
2.878424  2.878336  2.878221
2.878161  2.878073  2.877959
2.877900  2.877814  2.877701
2.877642  2.877557  2.877444
2.877387  2.877301  2.877189
2.877131  2.877047  2.876935
2.876879  2.876795  2.876683
2.876627  2.876543  2.876432
2.876375  2.876292  2.876180
2.876124  2.876041  2.875930
2.875874  2.875790  2.875679
2.875623  2.875540  2.875429
2.875373  2.875290  2.875179
2.875124  2.875040  2.874929
2.874874  2.874791  2.874681
2.874625  2.874542  2.874432
2.874377  2.874294  2.874184
2.874129  2.874046  2.873936
2.873881  2.873799  2.873690
2.873636  2.873554  2.873445
2.873391  2.873309  2.873200
2.873146  2.873065  2.872956
2.872902  2.872820  2.872712
2.872658  2.872577  2.872469
2.872416  2.872335  2.872228
2.872175  2.872095  2.871988
2.871936  2.871856  2.871749
2.871698  2.871619  2.871512
2.871461  2.871382  2.871277
2.871226  2.871149  2.871044
2.870994  2.870916  2.870812
2.870763  2.870686  2.870583
2.870534  2.870459  2.870356
2.870308  2.870233  2.870130
2.870082  2.870006  2.869904
2.869856  2.869780  2.869677
2.869629  2.869553  2.869450
2.869402  2.869326  2.869223
2.869175  2.869099  2.868997
2.868949  2.868874  2.868772
2.868725  2.868649  2.868547
2.868500  2.868425  2.868323
2.868276  2.868202  2.868100
2.868054  2.867979  2.867878
2.867831  2.867756  2.867655
2.867608  2.867534  2.867432
2.867386  2.867312  2.867211
2.867165  2.867092  2.866991
2.866946  2.866873  2.866774
2.866729  2.866657  2.866557
2.866513  2.866440  2.866341
2.866296  2.866224  2.866124
2.866080  2.866008  2.865910
2.865866  2.865795  2.865698
2.865654  2.865584  2.865487
2.865444  2.865374  2.865277
2.865234  2.865165  2.865067
2.865026  2.864956  2.864860
2.864818  2.864748  2.864652
2.864611  2.864542  2.864446
2.864405  2.864336  2.864240
2.864200  2.864131  2.864036
2.863995  2.863926  2.863831
2.863790  2.863722  2.863626
2.863586  2.863518  2.863424
2.863384  2.863317  2.863223
2.863184  2.863117  2.863022
2.862982  2.862915  2.862820
2.862779  2.862711  2.862615
2.862575  2.862507  2.862411
2.862370  2.862303  2.862208
2.862167  2.862100  2.862005
2.861965  2.861897  2.861803
2.861763  2.861696  2.861603
2.861563  2.861496  2.861403
2.861363  2.861297  2.861203
2.861164  2.861098  2.861005
2.860967  2.860901  2.860808
2.860770  2.860703  2.860610
2.860572  2.860506  2.860413
2.860375  2.860310  2.860217
2.860179  2.860114  2.860022
2.859985  2.859920  2.859828
2.859792  2.859728  2.859636
2.859600  2.859536  2.859445
2.859408  2.859345  2.859254
2.859218  2.859155  2.859064
2.859029  2.858966  2.858876
2.858840  2.858778  2.858688
2.858653  2.858591  2.858501
2.858467  2.858405  2.858316
2.858282  2.858220  2.858132
2.858098  2.858037  2.857949
2.857915  2.857853  2.857765
2.857732  2.857670  2.857582
2.857548  2.857486  2.857398
2.857364  2.857302  2.857214
2.857180  2.857119  2.857031
2.856997  2.856936  2.856847
2.856813  2.856753  2.856665
2.856631  2.856570  2.856482
2.856449  2.856388  2.856300
2.856267  2.856207  2.856120
2.856086  2.856026  2.855938
2.855905  2.855844  2.855757
2.855724  2.855663  2.855575
2.855542  2.855482  2.855395
2.855362  2.855301  2.855214
2.855181  2.855120  2.855033
2.855000  2.854940  2.854853
2.854820  2.854761  2.854674
2.854641  2.854582  2.854495
2.854463  2.854403  2.854316
2.854284  2.854225  2.854139
2.854107  2.854049  2.853963
2.853932  2.853874  2.853789
2.853758  2.853700  2.853616
2.853586  2.853528  2.853444
2.853414  2.853357  2.853273
2.853245  2.853188  2.853104
2.853075  2.853019  2.852935
2.852906  2.852850  2.852767
2.852739  2.852683  2.852600
2.852572  2.852517  2.852434
2.852407  2.852351  2.852269
2.852242  2.852187  2.852105
2.852078  2.852023  2.851941
2.851913  2.851859  2.851777
2.851749  2.851694  2.851612
2.851584  2.851529  2.851446
2.851418  2.851362  2.851279
2.851251  2.851195  2.851112
2.851083  2.851027  2.850944
2.850915  2.850859  2.850776
2.850748  2.850691  2.850608
2.850579  2.850523  2.850440
2.850412  2.850356  2.850273
2.850244  2.850188  2.850104
2.850075  2.850019  2.849936
2.849907  2.849851  2.849768
2.849740  2.849684  2.849601
2.849572  2.849516  2.849432
2.849404  2.849348  2.849265
2.849236  2.849181  2.849098
2.849070  2.849014  2.848931
2.848903  2.848847  2.848765
2.848736  2.848680  2.848597
2.848569  2.848513  2.848431
2.848403  2.848347  2.848265
2.848237  2.848181  2.848099
2.848072  2.848017  2.847935
2.847908  2.847853  2.847772
2.847745  2.847690  2.847610
2.847583  2.847529  2.847449
2.847422  2.847368  2.847288
2.847262  2.847209  2.847130
2.847104  2.847052  2.846972
2.846947  2.846895  2.846815
2.846789  2.846737  2.846657
2.846632  2.846580  2.846500
2.846476  2.846424  2.846345
2.846320  2.846268  2.846189
2.846165  2.846114  2.846035
2.846011  2.845960  2.845882
2.845858  2.845807  2.845729
2.845705  2.845653  2.845574
2.845550  2.845498  2.845418
2.845393  2.845342  2.845263
2.845238  2.845186  2.845108
2.845083  2.845032  2.844953
2.844928  2.844876  2.844796
2.844772  2.844720  2.844641
2.844616  2.844565  2.844486
2.844462  2.844410  2.844331
2.844306  2.844254  2.844175
2.844150  2.844098  2.844019
2.843995  2.843943  2.843864
2.843840  2.843788  2.843709
2.843684  2.843632  2.843553
2.843528  2.843476  2.843397
2.843373  2.843321  2.843243
2.843218  2.843166  2.843087
2.843062  2.843010  2.842931
2.842906  2.842854  2.842776
2.842751  2.842700  2.842621
2.842597  2.842546  2.842467
2.842443  2.842391  2.842313
2.842289  2.842238  2.842161
2.842138  2.842088  2.842011
2.841988  2.841938  2.841862
2.841840  2.841790  2.841713
2.841691  2.841641  2.841564
2.841542  2.841492  2.841416
2.841394  2.841345  2.841269
2.841247  2.841198  2.841123
2.841102  2.841053  2.840978
2.840958  2.840910  2.840836
2.840816  2.840769  2.840694
2.840675  2.840628  2.840554
2.840534  2.840487  2.840414
2.840395  2.840348  2.840275
2.840256  2.840210  2.840137
2.840119  2.840073  2.840000
2.839982  2.839937  2.839864
2.839847  2.839801  2.839729
2.839712  2.839667  2.839596
2.839579  2.839535  2.839465
2.839448  2.839405  2.839335
2.839320  2.839277  2.839208
2.839193  2.839151  2.839082
2.839067  2.839025  2.838956
2.838941  2.838899  2.838830
2.838816  2.838774  2.838706
2.838693  2.838652  2.838584
2.838571  2.838530  2.838462
2.838449  2.838408  2.838339
2.838325  2.838284  2.838215
2.838201  2.838160  2.838091
2.838077  2.838036  2.837967
2.837953  2.837911  2.837842
2.837828  2.837786  2.837717
2.837702  2.837659  2.837590
2.837575  2.837533  2.837463
2.837448  2.837406  2.837337
2.837322  2.837280  2.837211
2.837196  2.837153  2.837084
2.837068  2.837025  2.836955
2.836939  2.836896  2.836827
2.836811  2.836768  2.836698
2.836682  2.836639  2.836570
2.836555  2.836513  2.836444
2.836429  2.836387  2.836318
2.836303  2.836261  2.836191
2.836176  2.836134  2.836064
2.836049  2.836007  2.835938
2.835923  2.835882  2.835813
2.835798  2.835757  2.835688
2.835673  2.835632  2.835563
2.835549  2.835507  2.835438
2.835424  2.835382  2.835313
2.835299  2.835258  2.835189
2.835176  2.835135  2.835067
2.835054  2.835012  2.834944
2.834930  2.834889  2.834821
2.834807  2.834766  2.834699
2.834686  2.834645  2.834578
2.834565  2.834526  2.834459
2.834446  2.834407  2.834340
2.834328  2.834289  2.834223
2.834211  2.834173  2.834107
2.834095  2.834057  2.833991
2.833979  2.833940  2.833875
2.833864  2.833826  2.833761
2.833750  2.833712  2.833646
2.833635  2.833597  2.833532
2.833522  2.833485  2.833421
2.833412  2.833375  2.833312
2.833302  2.833265  2.833201
2.833191  2.833154  2.833090
2.833081  2.833044  2.832980
2.832971  2.832935  2.832873
2.832865  2.832829  2.832767
2.832760  2.832726  2.832664
2.832658  2.832624  2.832564
2.832558  2.832525  2.832466
2.832461  2.832428  2.832368
2.832363  2.832330  2.832271
2.832265  2.832232  2.832172
2.832166  2.832133  2.832073
2.832068  2.832036  2.831977
2.831973  2.831941  2.831883
2.831879  2.831848  2.831790
2.831787  2.831756  2.831698
2.831695  2.831665  2.831607
2.831604  2.831575  2.831518
2.831516  2.831487  2.831431
2.831430  2.831401  2.831345
2.831344  2.831315  2.831260
2.831259  2.831231  2.831176
2.831176  2.831149  2.831095
2.831095  2.831069  2.831015
2.831016  2.830989  2.830935
2.830935  2.830908  2.830854
2.830853  2.830825  2.830770
2.830769  2.830741  2.830685
2.830684  2.830656  2.830600
2.830599  2.830570  2.830514
2.830512  2.830483  2.830427
2.830425  2.830396  2.830340
2.830338  2.830309  2.830253
2.830251  2.830222  2.830165
2.830163  2.830133  2.830076
2.830074  2.830045  2.829988
2.829986  2.829956  2.829900
2.829897  2.829868  2.829811
2.829808  2.829779  2.829722
2.829720  2.829690  2.829634
2.829632  2.829602  2.829546
2.829543  2.829514  2.829457
2.829454  2.829424  2.829368
2.829365  2.829335  2.829279
2.829276  2.829247  2.829189
2.829185  2.829155  2.829097
2.829093  2.829063  2.829005
2.829002  2.828971  2.828913
2.828908  2.828876  2.828818
2.828814  2.828782  2.828723
2.828719  2.828687  2.828629
2.828625  2.828593  2.828535
2.828531  2.828499  2.828441
2.828437  2.828406  2.828348
2.828344  2.828313  2.828255
2.828252  2.828221  2.828164
2.828160  2.828129  2.828072
2.828069  2.828038  2.827981
2.827979  2.827949  2.827893
2.827890  2.827860  2.827804
2.827801  2.827772  2.827716
2.827714  2.827685  2.827629
2.827627  2.827598  2.827541
2.827539  2.827509  2.827453
2.827451  2.827422  2.827365
2.827363  2.827334  2.827278
2.827276  2.827247  2.827191
2.827188  2.827159  2.827103
2.827101  2.827072  2.827016
2.827015  2.826986  2.826931
2.826930  2.826901  2.826845
2.826844  2.826815  2.826759
2.826758  2.826730  2.826674
2.826674  2.826646  2.826591
2.826591  2.826563  2.826509
2.826509  2.826481  2.826427
2.826427  2.826399  2.826345
2.826345  2.826318  2.826264
2.826265  2.826238  2.826185
2.826186  2.826160  2.826107
2.826109  2.826083  2.826030
2.826032  2.826006  2.825953
2.825954  2.825928  2.825875
2.825877  2.825851  2.825799
2.825800  2.825775  2.825723
2.825725  2.825701  2.825649
2.825651  2.825627  2.825576
2.825579  2.825556  2.825505
2.825509  2.825486  2.825436
2.825441  2.825418  2.825369
2.825374  2.825352  2.825304
2.825309  2.825287  2.825239
2.825244  2.825223  2.825175
2.825181  2.825160  2.825112
2.825118  2.825098  2.825050
2.825057  2.825036  2.824988
2.824995  2.824974  2.824926
2.824932  2.824911  2.824863
2.824869  2.824848  2.824801
2.824808  2.824788  2.824742
2.824750  2.824730  2.824685
2.824693  2.824674  2.824629
2.824637  2.824618  2.824572
2.824581  2.824562  2.824516
2.824523  2.824504  2.824458
2.824466  2.824447  2.824402
2.824411  2.824392  2.824347
2.824356  2.824339  2.824294
2.824304  2.824286  2.824242
2.824251  2.824234  2.824190
2.824200  2.824184  2.824141
2.824152  2.824135  2.824092
2.824103  2.824087  2.824044
2.824055  2.824040  2.823997
2.824009  2.823994  2.823952
2.823964  2.823949  2.823907
2.823920  2.823905  2.823864
2.823877  2.823864  2.823822
2.823836  2.823822  2.823781
2.823795  2.823781  2.823741
2.823754  2.823741  2.823700
2.823714  2.823701  2.823661
2.823675  2.823661  2.823621
2.823635  2.823622  2.823582
2.823597  2.823584  2.823545
2.823559  2.823546  2.823507
2.823522  2.823509  2.823471
2.823486  2.823474  2.823435
2.823451  2.823439  2.823400
2.823416  2.823405  2.823366
2.823382  2.823371  2.823333
2.823348  2.823337  2.823299
2.823316  2.823305  2.823267
2.823283  2.823272  2.823235
2.823252  2.823241  2.823203
2.823220  2.823209  2.823172
2.823189  2.823179  2.823143
2.823160  2.823150  2.823114
2.823132  2.823122  2.823086
2.823103  2.823094  2.823057
2.823075  2.823066  2.823030
2.823048  2.823039  2.823003
2.823021  2.823013  2.822977
2.822996  2.822987  2.822952
2.822970  2.822961  2.822926
2.822944  2.822935  2.822900
2.822919  2.822911  2.822876
2.822895  2.822887  2.822852
2.822871  2.822864  2.822829
2.822849  2.822842  2.822808
2.822828  2.822821  2.822787
2.822807  2.822800  2.822766
2.822786  2.822778  2.822744
2.822764  2.822757  2.822723
2.822743  2.822736  2.822702
2.822722  2.822715  2.822681
2.822702  2.822695  2.822661
2.822681  2.822675  2.822641
2.822661  2.822654  2.822620
2.822641  2.822634  2.822601
2.822622  2.822615  2.822582
2.822602  2.822596  2.822562
2.822583  2.822577  2.822544
2.822565  2.822558  2.822525
2.822546  2.822540  2.822506
2.822527  2.822521  2.822488
2.822509  2.822503  2.822470
2.822490  2.822484  2.822451
2.822472  2.822466  2.822433
2.822455  2.822449  2.822417
2.822439  2.822433  2.822401
2.822422  2.822416  2.822384
2.822405  2.822400  2.822367
2.822389  2.822383  2.822350
2.822372  2.822366  2.822334
2.822356  2.822350  2.822317
2.822339  2.822333  2.822300
2.822322  2.822316  2.822284
2.822305  2.822300  2.822268
2.822290  2.822284  2.822252
2.822274  2.822269  2.822237
2.822258  2.822253  2.822221
2.822243  2.822238  2.822206
2.822229  2.822225  2.822193
2.822216  2.822212  2.822180
2.822203  2.822199  2.822167
2.822190  2.822186  2.822155
2.822178  2.822173  2.822143
2.822166  2.822162  2.822131
2.822154  2.822150  2.822119
2.822142  2.822137  2.822107
2.822130  2.822125  2.822094
2.822117  2.822113  2.822082
2.822106  2.822102  2.822071
2.822095  2.822091  2.822060
2.822084  2.822080  2.822049
2.822073  2.822069  2.822038
2.822062  2.822058  2.822027
2.822050  2.822046  2.822016
2.822039  2.822036  2.822006
2.822029  2.822026  2.821996
2.822020  2.822017  2.821986
2.822011  2.822007  2.821978
2.822001  2.821998  2.821968
2.821992  2.821989  2.821959
2.821982  2.821980  2.821949
2.821974  2.821971  2.821941
2.821965  2.821963  2.821934
2.821958  2.821956  2.821927
2.821951  2.821949  2.821919
2.821944  2.821941  2.821912
2.821936  2.821934  2.821904
2.821929  2.821927  2.821897
2.821922  2.821919  2.821889
2.821914  2.821911  2.821882
2.821907  2.821904  2.821876
2.821900  2.821898  2.821870
2.821895  2.821894  2.821865
2.821891  2.821889  2.821861
2.821887  2.821885  2.821857
2.821883  2.821882  2.821854
2.821879  2.821878  2.821850
2.821876  2.821875  2.821846
2.821872  2.821871  2.821843
2.821868  2.821867  2.821839
2.821865  2.821863  2.821835
2.821861  2.821860  2.821831
2.821857  2.821856  2.821827
2.821853  2.821851  2.821822
2.821848  2.821846  2.821818
2.821844  2.821842  2.821814
2.821840  2.821839  2.821811
2.821838  2.821837  2.821809
2.821836  2.821836  2.821808
2.821836  2.821835  2.821809
2.821836  2.821836  2.821809
2.821837  2.821837  2.821811
2.821839  2.821840  2.821814
2.821842  2.821843  2.821818
2.821846  2.821847  2.821822
2.821851  2.821853  2.821827
2.821856  2.821856  2.821830
2.821858  2.821859  2.821832
2.821860  2.821860  2.821834
2.821861  2.821861  2.821835
2.821862  2.821862  2.821836
2.821863  2.821863  2.821836
2.821864  2.821864  2.821837
2.821865  2.821865  2.821838
2.821866  2.821866  2.821839
2.821867  2.821867  2.821840
2.821867  2.821868  2.821841
2.821868  2.821869  2.821842
2.821869  2.821870  2.821843
2.821870  2.821871  2.821844
2.821871  2.821872  2.821845
2.821872  2.821872  2.821846
2.821873  2.821873  2.821846
2.821874  2.821874  2.821847
2.821875  2.821875  2.821848
2.821876  2.821876  2.821849
2.821877  2.821877  2.821850
2.821878  2.821878  2.821851
2.821879  2.821879  2.821852
2.821879  2.821880  2.821853
2.821880  2.821880  2.821854
2.821881  2.821882  2.821855
2.821882  2.821882  2.821856
2.821883  2.821884  2.821857
2.821884  2.821884  2.821857
2.821885  2.821886  2.821859
2.821886  2.821886  2.821859
2.821887  2.821887  2.821860
2.821888  2.821888  2.821861
2.821889  2.821889  2.821862
2.821890  2.821890  2.821863
2.821891  2.821891  2.821864
2.821892  2.821892  2.821866
2.821893  2.821893  2.821867
2.821894  2.821894  2.821868
2.821896  2.821896  2.821870
2.821898  2.821898  2.821872
2.821901  2.821902  2.821876
2.821905  2.821906  2.821881
2.821910  2.821911  2.821887
2.821916  2.821918  2.821893
2.821922  2.821924  2.821898
2.821927  2.821928  2.821902
2.821929  2.821930  2.821904
2.821931  2.821932  2.821906
2.821933  2.821934  2.821907
2.821935  2.821936  2.821909
2.821937  2.821938  2.821911
2.821939  2.821939  2.821913
2.821941  2.821941  2.821915
2.821943  2.821943  2.821917
2.821944  2.821945  2.821918
2.821946  2.821947  2.821920
2.821948  2.821949  2.821922
2.821950  2.821950  2.821924
2.821952  2.821952  2.821926
2.821954  2.821954  2.821928
2.821955  2.821956  2.821929
2.821957  2.821958  2.821931
2.821959  2.821959  2.821933
2.821960  2.821960  2.821934
2.821961  2.821961  2.821934
2.821961  2.821961  2.821934
2.821961  2.821961  2.821934
2.821961  2.821961  2.821934
2.821962  2.821962  2.821935
2.821962  2.821962  2.821935
2.821962  2.821962  2.821936
2.821963  2.821963  2.821936
2.821963  2.821963  2.821936
2.821963  2.821963  2.821936
2.821964  2.821964  2.821937
2.821964  2.821964  2.821938
2.821965  2.821966  2.821940
2.821968  2.821968  2.821942
2.821970  2.821972  2.821946
2.821974  2.821976  2.821950
2.821979  2.821981  2.821956
2.821985  2.821987  2.821962
2.821992  2.821993  2.821968
2.821996  2.821997  2.821971
2.821999  2.822000  2.821973
2.822001  2.822002  2.821975
2.822003  2.822004  2.821977
2.822005  2.822005  2.821979
2.822007  2.822007  2.821981
2.822009  2.822009  2.821983
2.822010  2.822011  2.821985
2.822012  2.822013  2.821986
2.822014  2.822015  2.821988
2.822016  2.822016  2.821990
2.822018  2.822018  2.821992
2.822020  2.822020  2.821994
2.822021  2.822022  2.821995
2.822023  2.822024  2.821997
2.822025  2.822026  2.821999
2.822027  2.822027  2.822001
2.822029  2.822029  2.822003
2.822030  2.822031  2.822004
2.822031  2.822032  2.822005
2.822033  2.822033  2.822006
2.822034  2.822035  2.822008
2.822036  2.822037  2.822011
2.822039  2.822040  2.822015
2.822043  2.822045  2.822019
2.822048  2.822050  2.822025
2.822054  2.822056  2.822031
2.822061  2.822062  2.822037
2.822065  2.822066  2.822040
2.822068  2.822068  2.822042
2.822070  2.822070  2.822044
2.822072  2.822072  2.822046
2.822074  2.822074  2.822048
2.822075  2.822076  2.822049
2.822077  2.822078  2.822051
2.822079  2.822080  2.822053
2.822081  2.822082  2.822055
2.822083  2.822083  2.822057
2.822084  2.822085  2.822059
2.822086  2.822087  2.822061
2.822088  2.822089  2.822062
2.822090  2.822091  2.822064
2.822092  2.822093  2.822066
2.822094  2.822094  2.822068
2.822096  2.822098  2.822072
2.822100  2.822101  2.822076
2.822105  2.822107  2.822082
2.822112  2.822115  2.822091
2.822122  2.822126  2.822104
2.822135  2.822139  2.822117
2.822149  2.822153  2.822131
2.822164  2.822169  2.822148
2.822181  2.822187  2.822166
2.822200  2.822206  2.822186
2.822219  2.822226  2.822206
2.822240  2.822248  2.822228
2.822263  2.822271  2.822253
2.822288  2.822296  2.822278
2.822313  2.822322  2.822305
2.822341  2.822350  2.822332
2.822369  2.822378  2.822361
2.822397  2.822407  2.822390
2.822428  2.822438  2.822421
2.822458  2.822468  2.822452
2.822489  2.822500  2.822483
2.822521  2.822532  2.822517
2.822555  2.822567  2.822551
2.822590  2.822602  2.822587
2.822627  2.822639  2.822624
2.822664  2.822676  2.822661
2.822701  2.822714  2.822700
2.822739  2.822752  2.822737
2.822777  2.822789  2.822775
2.822814  2.822827  2.822813
2.822853  2.822866  2.822852
2.822892  2.822905  2.822890
2.822931  2.822944  2.822930
2.822970  2.822984  2.822970
2.823010  2.823023  2.823010
2.823050  2.823064  2.823050
2.823091  2.823105  2.823092
2.823132  2.823146  2.823133
2.823174  2.823188  2.823174
2.823215  2.823230  2.823217
2.823259  2.823273  2.823261
2.823302  2.823317  2.823304
2.823346  2.823361  2.823349
2.823391  2.823407  2.823395
2.823437  2.823452  2.823441
2.823483  2.823498  2.823486
2.823529  2.823544  2.823533
2.823575  2.823590  2.823578
2.823621  2.823636  2.823624
2.823667  2.823683  2.823671
2.823713  2.823729  2.823717
2.823759  2.823774  2.823763
2.823805  2.823821  2.823809
2.823852  2.823867  2.823855
2.823897  2.823912  2.823901
2.823944  2.823959  2.823947
2.823989  2.824005  2.823993
2.824035  2.824051  2.824039
2.824082  2.824097  2.824085
2.824128  2.824143  2.824131
2.824173  2.824189  2.824177
2.824220  2.824235  2.824224
2.824266  2.824281  2.824269
2.824312  2.824327  2.824316
2.824358  2.824373  2.824362
2.824404  2.824419  2.824408
2.824450  2.824465  2.824454
2.824496  2.824512  2.824500
2.824542  2.824558  2.824546
2.824588  2.824603  2.824592
2.824634  2.824650  2.824638
2.824681  2.824696  2.824684
2.824726  2.824742  2.824730
2.824773  2.824788  2.824776
2.824819  2.824834  2.824822
2.824864  2.824880  2.824868
2.824911  2.824926  2.824914
2.824957  2.824972  2.824960
2.825003  2.825018  2.825006
2.825049  2.825064  2.825052
2.825095  2.825110  2.825098
2.825141  2.825156  2.825145
2.825187  2.825202  2.825191
2.825233  2.825247  2.825235
2.825277  2.825292  2.825280
2.825323  2.825338  2.825325
2.825367  2.825382  2.825370
2.825411  2.825426  2.825413
2.825455  2.825469  2.825456
2.825497  2.825511  2.825499
2.825541  2.825555  2.825542
2.825584  2.825598  2.825584
2.825625  2.825639  2.825626
2.825666  2.825680  2.825666
2.825706  2.825719  2.825706
2.825746  2.825759  2.825746
2.825786  2.825799  2.825785
2.825825  2.825838  2.825824
2.825864  2.825876  2.825861
2.825900  2.825913  2.825898
2.825937  2.825949  2.825934
2.825973  2.825985  2.825970
2.826009  2.826020  2.826005
2.826044  2.826055  2.826040
2.826079  2.826090  2.826074
2.826112  2.826124  2.826108
2.826146  2.826157  2.826141
2.826179  2.826190  2.826174
2.826212  2.826223  2.826207
2.826244  2.826255  2.826239
2.826276  2.826286  2.826270
2.826306  2.826316  2.826299
2.826336  2.826346  2.826329
2.826365  2.826375  2.826357
2.826393  2.826402  2.826385
2.826421  2.826430  2.826411
2.826447  2.826456  2.826437
2.826473  2.826482  2.826463
2.826500  2.826509  2.826490
2.826527  2.826536  2.826518
2.826554  2.826563  2.826544
2.826580  2.826588  2.826569
2.826605  2.826613  2.826594
2.826630  2.826638  2.826619
2.826654  2.826662  2.826643
2.826678  2.826686  2.826667
2.826703  2.826710  2.826691
2.826726  2.826734  2.826715
2.826749  2.826757  2.826737
2.826772  2.826780  2.826761
2.826795  2.826802  2.826783
2.826817  2.826824  2.826805
2.826840  2.826847  2.826827
2.826861  2.826869  2.826849
2.826883  2.826890  2.826870
2.826904  2.826911  2.826891
2.826925  2.826932  2.826911
2.826945  2.826952  2.826932
2.826965  2.826972  2.826951
2.826984  2.826989  2.826968
2.827001  2.827006  2.826985
2.827018  2.827023  2.827002
2.827034  2.827039  2.827018
2.827050  2.827055  2.827034
2.827066  2.827071  2.827048
2.827080  2.827085  2.827063
2.827095  2.827100  2.827078
2.827110  2.827115  2.827093
2.827125  2.827129  2.827106
2.827138  2.827142  2.827120
2.827151  2.827155  2.827133
2.827164  2.827168  2.827146
2.827177  2.827181  2.827158
2.827190  2.827194  2.827170
2.827201  2.827205  2.827182
2.827213  2.827217  2.827195
2.827226  2.827230  2.827208
2.827239  2.827243  2.827220
2.827251  2.827255  2.827232
2.827263  2.827267  2.827243
2.827274  2.827277  2.827254
2.827285  2.827288  2.827266
2.827297  2.827301  2.827278
2.827309  2.827312  2.827289
2.827320  2.827324  2.827300
2.827331  2.827334  2.827310
2.827341  2.827344  2.827320
2.827351  2.827354  2.827331
2.827362  2.827365  2.827342
2.827373  2.827376  2.827353
2.827384  2.827388  2.827364
2.827395  2.827398  2.827374
2.827405  2.827408  2.827384
2.827414  2.827416  2.827392
2.827423  2.827426  2.827402
2.827433  2.827436  2.827412
2.827443  2.827446  2.827423
2.827453  2.827456  2.827433
2.827463  2.827466  2.827442
2.827472  2.827475  2.827450
2.827480  2.827482  2.827458
2.827488  2.827491  2.827467
2.827497  2.827500  2.827476
2.827506  2.827509  2.827485
2.827516  2.827518  2.827495
2.827524  2.827527  2.827503
2.827533  2.827535  2.827510
2.827539  2.827541  2.827517
2.827546  2.827547  2.827522
2.827551  2.827552  2.827527
2.827556  2.827558  2.827533
2.827563  2.827565  2.827540
2.827569  2.827571  2.827546
2.827575  2.827578  2.827553
2.827582  2.827584  2.827559
2.827589  2.827590  2.827565
2.827594  2.827595  2.827570
2.827598  2.827599  2.827573
2.827602  2.827602  2.827576
2.827604  2.827604  2.827578
2.827605  2.827606  2.827579
2.827606  2.827606  2.827579
2.827606  2.827605  2.827578
2.827605  2.827604  2.827576
2.827602  2.827601  2.827573
2.827600  2.827598  2.827570
2.827595  2.827594  2.827565
2.827590  2.827589  2.827559
2.827585  2.827583  2.827554
2.827580  2.827579  2.827550
0.000001  0.000005  0.000013
0.000024  0.000040  0.000059
0.000082  0.000109  0.000139
0.000174  0.000211  0.000253
0.000298  0.000346  0.000398
0.000453  0.000512  0.000574
0.000640  0.000709  0.000781
0.000856  0.000935  0.001017
0.001102  0.001190  0.001281
0.001375  0.001473  0.001573
0.001676  0.001783  0.001892
0.002004  0.002119  0.002237
0.002357  0.002481  0.002607
0.002735  0.002867  0.003001
0.003138  0.003277  0.003419
0.003564  0.003711  0.003860
0.004012  0.004166  0.004323
0.004482  0.004644  0.004808
0.004974  0.005142  0.005313
0.005485  0.005660  0.005838
0.006017  0.006198  0.006382
0.006567  0.006755  0.006944
0.007136  0.007329  0.007525
0.007722  0.007921  0.008122
0.008325  0.008530  0.008737
0.008945  0.009155  0.009366
0.009580  0.009795  0.010012
0.010230  0.010450  0.010671
0.010894  0.011119  0.011345
0.011572  0.011801  0.012032
0.012264  0.012497  0.012732
0.012968  0.013205  0.013444
0.013683  0.013925  0.014167
0.014411  0.014655  0.014902
0.015149  0.015397  0.015647
0.015897  0.016149  0.016401
0.016655  0.016910  0.017166
0.017423  0.017680  0.017939
0.018199  0.018459  0.018721
0.018983  0.019246  0.019510
0.019775  0.020041  0.020307
0.020574  0.020842  0.021111
0.021381  0.021651  0.021922
0.022193  0.022465  0.022738
0.023011  0.023285  0.023560
0.023835  0.024111  0.024387
0.024664  0.024941  0.025219
0.025497  0.025776  0.026055
0.026335  0.026615  0.026895
0.027176  0.027457  0.027739
0.028021  0.028303  0.028585
0.028868  0.029151  0.029435
0.029718  0.030002  0.030286
0.030571  0.030855  0.031140
0.031425  0.031710  0.031995
0.032281  0.032566  0.032852
0.033138  0.033423  0.033709
0.033995  0.034281  0.034568
0.034854  0.035140  0.035426
0.035712  0.035998  0.036285
0.036571  0.036857  0.037143
0.037429  0.037715  0.038000
0.038286  0.038572  0.038857
0.039142  0.039428  0.039713
0.039998  0.040282  0.040567
0.040851  0.041135  0.041419
0.041703  0.041987  0.042270
0.042553  0.042836  0.043118
0.043401  0.043683  0.043964
0.044246  0.044527  0.044808
0.045088  0.045368  0.045648
0.045928  0.046207  0.046486
0.046764  0.047042  0.047320
0.047597  0.047874  0.048151
0.048427  0.048702  0.048978
0.049252  0.049527  0.049801
0.050074  0.050347  0.050620
0.050892  0.051163  0.051434
0.051705  0.051975  0.052245
0.052514  0.052782  0.053050
0.053318  0.053585  0.053851
0.054117  0.054383  0.054647
0.054911  0.055175  0.055438
0.055701  0.055963  0.056224
0.056485  0.056745  0.057004
0.057263  0.057521  0.057779
0.058036  0.058292  0.058548
0.058803  0.059058  0.059312
0.059565  0.059817  0.060069
0.060321  0.060571  0.060821
0.061070  0.061319  0.061567
0.061814  0.062060  0.062306
0.062551  0.062795  0.063039
0.063282  0.063524  0.063766
0.064006  0.064247  0.064486
0.064724  0.064962  0.065200
0.065436  0.065672  0.065907
0.066141  0.066374  0.066607
0.066839  0.067070  0.067301
0.067530  0.067759  0.067987
0.068215  0.068442  0.068667
0.068892  0.069117  0.069340
0.069563  0.069785  0.070006
0.070227  0.070446  0.070665
0.070883  0.071100  0.071317
0.071533  0.071748  0.071962
0.072175  0.072387  0.072599
0.072810  0.073020  0.073229
0.073438  0.073645  0.073852
0.074058  0.074263  0.074468
0.074671  0.074874  0.075076
0.075277  0.075478  0.075677
0.075876  0.076074  0.076271
0.076467  0.076662  0.076857
0.077051  0.077244  0.077436
0.077627  0.077818  0.078007
0.078196  0.078384  0.078572
0.078758  0.078944  0.079128
0.079312  0.079495  0.079678
0.079859  0.080040  0.080219
0.080398  0.080577  0.080754
0.080930  0.081106  0.081281
0.081455  0.081628  0.081801
0.081972  0.082143  0.082313
0.082482  0.082651  0.082818
0.082985  0.083151  0.083316
0.083480  0.083643  0.083806
0.083968  0.084129  0.084289
0.084448  0.084607  0.084764
0.084921  0.085078  0.085233
0.085388  0.085541  0.085694
0.085846  0.085998  0.086148
0.086298  0.086447  0.086595
0.086743  0.086889  0.087035
0.087180  0.087324  0.087468
0.087610  0.087752  0.087893
0.088034  0.088173  0.088312
0.088450  0.088587  0.088724
0.088859  0.088994  0.089128
0.089262  0.089394  0.089526
0.089657  0.089787  0.089917
0.090045  0.090173  0.090301
0.090427  0.090553  0.090678
0.090802  0.090925  0.091048
0.091170  0.091291  0.091412
0.091532  0.091651  0.091769
0.091887  0.092003  0.092119
0.092235  0.092350  0.092463
0.092577  0.092689  0.092801
0.092912  0.093022  0.093132
0.093241  0.093349  0.093457
0.093563  0.093669  0.093775
0.093880  0.093984  0.094087
0.094190  0.094291  0.094393
0.094493  0.094593  0.094692
0.094791  0.094889  0.094986
0.095082  0.095178  0.095273
0.095368  0.095462  0.095555
0.095647  0.095739  0.095831
0.095921  0.096011  0.096100
0.096189  0.096277  0.096364
0.096451  0.096537  0.096622
0.096707  0.096791  0.096875
0.096958  0.097040  0.097122
0.097203  0.097283  0.097363
0.097442  0.097521  0.097599
0.097676  0.097753  0.097829
0.097905  0.097980  0.098054
0.098128  0.098201  0.098273
0.098345  0.098417  0.098487
0.098558  0.098627  0.098696
0.098765  0.098833  0.098900
0.098967  0.099033  0.099099
0.099164  0.099229  0.099293
0.099356  0.099419  0.099481
0.099543  0.099604  0.099665
0.099725  0.099785  0.099844
0.099903  0.099961  0.100018
0.100075  0.100132  0.100188
0.100243  0.100298  0.100353
0.100406  0.100460  0.100513
0.100565  0.100617  0.100669
0.100719  0.100770  0.100820
0.100869  0.100918  0.100967
0.101015  0.101063  0.101110
0.101156  0.101202  0.101248
0.101293  0.101338  0.101382
0.101426  0.101470  0.101513
0.101555  0.101597  0.101639
0.101680  0.101721  0.101761
0.101801  0.101840  0.101879
0.101918  0.101956  0.101994
0.102031  0.102068  0.102104
0.102140  0.102176  0.102211
0.102246  0.102280  0.102314
0.102347  0.102381  0.102413
0.102446  0.102478  0.102509
0.102540  0.102571  0.102602
0.102632  0.102661  0.102690
0.102719  0.102748  0.102776
0.102804  0.102831  0.102858
0.102885  0.102911  0.102937
0.102963  0.102988  0.103013
0.103037  0.103061  0.103085
0.103109  0.103132  0.103155
0.103177  0.103199  0.103221
0.103243  0.103264  0.103285
0.103305  0.103325  0.103345
0.103365  0.103384  0.103403
0.103421  0.103440  0.103458
0.103475  0.103493  0.103510
0.103526  0.103543  0.103559
0.103575  0.103590  0.103606
0.103620  0.103635  0.103650
0.103664  0.103677  0.103691
0.103704  0.103717  0.103730
0.103742  0.103755  0.103767
0.103778  0.103790  0.103801
0.103812  0.103822  0.103833
0.103843  0.103853  0.103862
0.103872  0.103881  0.103890
0.103898  0.103907  0.103915
0.103923  0.103930  0.103938
0.103945  0.103952  0.103959
0.103965  0.103972  0.103978
0.103984  0.103989  0.103995
0.104000  0.104005  0.104010
0.104014  0.104019  0.104023
0.104027  0.104031  0.104034
0.104037  0.104041  0.104043
0.104046  0.104049  0.104051
0.104053  0.104055  0.104057
0.104059  0.104060  0.104061
0.104062  0.104063  0.104064
0.104064  0.104065  0.104065
0.104065  0.104065  0.104064
0.104064  0.104063  0.104062
0.104061  0.104060  0.104058
0.104057  0.104055  0.104053
0.104051  0.104049  0.104047
0.104044  0.104042  0.104039
0.104036  0.104033  0.104030
0.104027  0.104023  0.104020
0.104016  0.104012  0.104008
0.104004  0.104000  0.103995
0.103991  0.103986  0.103981
0.103976  0.103971  0.103966
0.103961  0.103955  0.103950
0.103944  0.103939  0.103933
0.103927  0.103921  0.103914
0.103908  0.103901  0.103895
0.103888  0.103882  0.103875
0.103868  0.103861  0.103853
0.103846  0.103839  0.103831
0.103824  0.103816  0.103808
0.103801  0.103793  0.103785
0.103776  0.103768  0.103760
0.103752  0.103743  0.103734
0.103726  0.103717  0.103708
0.103699  0.103690  0.103681
0.103672  0.103663  0.103654
0.103644  0.103635  0.103625
0.103616  0.103606  0.103597
0.103587  0.103577  0.103567
0.103557  0.103547  0.103537
0.103527  0.103517  0.103506
0.103496  0.103486  0.103475
0.103465  0.103454  0.103444
0.103433  0.103422  0.103411
0.103401  0.103390  0.103379
0.103368  0.103357  0.103346
0.103335  0.103324  0.103312
0.103301  0.103290  0.103279
0.103267  0.103256  0.103244
0.103233  0.103221  0.103210
0.103198  0.103187  0.103175
0.103163  0.103152  0.103140
0.103128  0.103116  0.103104
0.103093  0.103081  0.103069
0.103057  0.103045  0.103033
0.103021  0.103009  0.102996
0.102984  0.102972  0.102960
0.102948  0.102936  0.102924
0.102911  0.102899  0.102887
0.102875  0.102862  0.102850
0.102838  0.102825  0.102813
0.102800  0.102788  0.102776
0.102763  0.102751  0.102738
0.102726  0.102713  0.102701
0.102688  0.102676  0.102664
0.102651  0.102639  0.102626
0.102614  0.102601  0.102589
0.102576  0.102563  0.102551
0.102538  0.102526  0.102513
0.102501  0.102488  0.102476
0.102463  0.102451  0.102438
0.102426  0.102413  0.102401
0.102388  0.102376  0.102363
0.102351  0.102338  0.102326
0.102313  0.102301  0.102288
0.102276  0.102263  0.102251
0.102239  0.102226  0.102214
0.102201  0.102189  0.102177
0.102164  0.102152  0.102140
0.102127  0.102115  0.102103
0.102090  0.102078  0.102066
0.102054  0.102042  0.102029
0.102017  0.102005  0.101993
0.101981  0.101969  0.101956
0.101944  0.101932  0.101920
0.101908  0.101896  0.101884
0.101872  0.101860  0.101848
0.101836  0.101825  0.101813
0.101801  0.101789  0.101777
0.101765  0.101754  0.101742
0.101730  0.101718  0.101707
0.101695  0.101684  0.101672
0.101660  0.101649  0.101637
0.101626  0.101614  0.101603
0.101591  0.101580  0.101569
0.101557  0.101546  0.101535
0.101523  0.101512  0.101501
0.101490  0.101479  0.101468
0.101457  0.101446  0.101434
0.101424  0.101413  0.101402
0.101391  0.101380  0.101369
0.101358  0.101347  0.101337
0.101326  0.101315  0.101304
0.101294  0.101283  0.101273
0.101262  0.101251  0.101241
0.101230  0.101220  0.101210
0.101199  0.101189  0.101179
0.101168  0.101158  0.101148
0.101138  0.101128  0.101118
0.101107  0.101097  0.101087
0.101077  0.101068  0.101058
0.101048  0.101038  0.101028
0.101018  0.101009  0.100999
0.100989  0.100980  0.100970
0.100960  0.100951  0.100941
0.100932  0.100923  0.100913
0.100904  0.100895  0.100885
0.100876  0.100867  0.100858
0.100848  0.100839  0.100830
0.100821  0.100812  0.100803
0.100794  0.100786  0.100777
0.100768  0.100759  0.100750
0.100742  0.100733  0.100725
0.100716  0.100707  0.100699
0.100690  0.100682  0.100674
0.100665  0.100657  0.100649
0.100641  0.100632  0.100624
0.100616  0.100608  0.100600
0.100592  0.100584  0.100576
0.100568  0.100560  0.100552
0.100544  0.100537  0.100529
0.100521  0.100514  0.100506
0.100498  0.100491  0.100483
0.100476  0.100469  0.100461
0.100454  0.100446  0.100439
0.100432  0.100425  0.100418
0.100410  0.100403  0.100396
0.100389  0.100382  0.100375
0.100368  0.100362  0.100355
0.100348  0.100341  0.100334
0.100328  0.100321  0.100314
0.100308  0.100301  0.100295
0.100288  0.100282  0.100276
0.100269  0.100263  0.100257
0.100250  0.100244  0.100238
0.100232  0.100226  0.100220
0.100214  0.100208  0.100202
0.100196  0.100190  0.100184
0.100178  0.100172  0.100166
0.100161  0.100155  0.100149
0.100144  0.100138  0.100132
0.100127  0.100121  0.100116
0.100110  0.100105  0.100099
0.100094  0.100089  0.100084
0.100078  0.100073  0.100068
0.100063  0.100058  0.100052
0.100047  0.100042  0.100037
0.100032  0.100027  0.100022
0.100018  0.100013  0.100008
0.100003  0.099998  0.099993
0.099989  0.099984  0.099979
0.099975  0.099970  0.099966
0.099961  0.099957  0.099952
0.099948  0.099943  0.099939
0.099934  0.099930  0.099926
0.099922  0.099917  0.099913
0.099909  0.099905  0.099901
0.099897  0.099893  0.099889
0.099885  0.099881  0.099877
0.099873  0.099869  0.099866
0.099862  0.099858  0.099854
0.099851  0.099847  0.099843
0.099840  0.099836  0.099832
0.099829  0.099825  0.099822
0.099818  0.099815  0.099812
0.099808  0.099805  0.099802
0.099798  0.099795  0.099792
0.099789  0.099785  0.099782
0.099779  0.099776  0.099773
0.099770  0.099767  0.099764
0.099761  0.099758  0.099755
0.099752  0.099749  0.099746
0.099743  0.099740  0.099737
0.099735  0.099732  0.099729
0.099726  0.099724  0.099721
0.099718  0.099716  0.099713
0.099711  0.099708  0.099705
0.099703  0.099700  0.099698
0.099695  0.099693  0.099691
0.099688  0.099686  0.099684
0.099681  0.099679  0.099677
0.099674  0.099672  0.099670
0.099668  0.099665  0.099663
0.099661  0.099659  0.099657
0.099655  0.099653  0.099651
0.099649  0.099647  0.099645
0.099643  0.099641  0.099639
0.099637  0.099635  0.099633
0.099631  0.099629  0.099628
0.099626  0.099624  0.099622
0.099620  0.099619  0.099617
0.099615  0.099614  0.099612
0.099610  0.099609  0.099607
0.099606  0.099604  0.099602
0.099601  0.099599  0.099598
0.099596  0.099595  0.099593
0.099592  0.099591  0.099589
0.099588  0.099586  0.099585
0.099584  0.099583  0.099581
0.099580  0.099579  0.099577
0.099576  0.099575  0.099574
0.099573  0.099572  0.099570
0.099569  0.099568  0.099567
0.099566  0.099565  0.099564
0.099563  0.099562  0.099561
0.099560  0.099559  0.099558
0.099557  0.099556  0.099555
0.099554  0.099553  0.099552
0.099551  0.099550  0.099550
0.099549  0.099548  0.099547
0.099546  0.099546  0.099545
0.099544  0.099543  0.099543
0.099542  0.099541  0.099540
0.099540  0.099539  0.099538
0.099538  0.099537  0.099536
0.099536  0.099535  0.099535
0.099534  0.099534  0.099533
0.099532  0.099532  0.099531
0.099531  0.099530  0.099530
0.099530  0.099529  0.099529
0.099528  0.099528  0.099527
0.099527  0.099527  0.099526
0.099526  0.099526  0.099525
0.099525  0.099525  0.099524
0.099524  0.099524  0.099523
0.099523  0.099523  0.099523
0.099522  0.099522  0.099522
0.099522  0.099522  0.099521
0.099521  0.099521  0.099521
0.099521  0.099521  0.099521
0.099520  0.099520  0.099520
0.099520  0.099520  0.099520
0.099520  0.099520  0.099520
0.099520  0.099519  0.099519
0.099519  0.099519  0.099519
0.099519  0.099519  0.099519
0.099520  0.099520  0.099520
0.099520  0.099520  0.099520
0.099520  0.099520  0.099520
0.099520  0.099520  0.099521
0.099521  0.099521  0.099521
0.099521  0.099521  0.099522
0.099522  0.099522  0.099522
0.099522  0.099522  0.099523
0.099523  0.099523  0.099523
0.099524  0.099524  0.099524
0.099524  0.099524  0.099525
0.099525  0.099525  0.099526
0.099526  0.099526  0.099526
0.099527  0.099527  0.099527
0.099527  0.099528  0.099528
0.099528  0.099529  0.099529
0.099529  0.099530  0.099530
0.099530  0.099531  0.099531
0.099531  0.099532  0.099532
0.099532  0.099533  0.099533
0.099534  0.099534  0.099534
0.099535  0.099535  0.099536
0.099536  0.099536  0.099537
0.099537  0.099538  0.099538
0.099538  0.099539  0.099539
0.099540  0.099540  0.099540
0.099541  0.099541  0.099542
0.099542  0.099543  0.099543
0.099543  0.099544  0.099544
0.099545  0.099545  0.099546
0.099546  0.099547  0.099547
0.099548  0.099548  0.099549
0.099549  0.099549  0.099550
0.099550  0.099551  0.099551
0.099552  0.099552  0.099553
0.099553  0.099554  0.099554
0.099555  0.099555  0.099556
0.099556  0.099557  0.099557
0.099558  0.099558  0.099559
0.099559  0.099560  0.099560
0.099561  0.099561  0.099562
0.099562  0.099563  0.099563
0.099564  0.099564  0.099565
0.099565  0.099566  0.099566
0.099567  0.099567  0.099568
0.099568  0.099569  0.099569
0.099570  0.099570  0.099571
0.099571  0.099572  0.099573
0.099573  0.099574  0.099574
0.099575  0.099575  0.099576
0.099576  0.099577  0.099577
0.099578  0.099578  0.099579
0.099579  0.099580  0.099580
0.099581  0.099582  0.099582
0.099583  0.099583  0.099584
0.099584  0.099585  0.099585
0.099586  0.099586  0.099587
0.099587  0.099588  0.099588
0.099589  0.099590  0.099590
0.099591  0.099591  0.099592
0.099592  0.099593  0.099593
0.099594  0.099594  0.099595
0.099595  0.099596  0.099596
0.099597  0.099597  0.099598
0.099598  0.099599  0.099600
0.099600  0.099601  0.099601
0.099602  0.099602  0.099603
0.099603  0.099604  0.099604
0.099605  0.099605  0.099606
0.099606  0.099607  0.099607
0.099608  0.099608  0.099609
0.099609  0.099610  0.099610
0.099611  0.099611  0.099612
0.099612  0.099613  0.099613
0.099614  0.099614  0.099615
0.099615  0.099616  0.099616
0.099617  0.099617  0.099618
0.099618  0.099619  0.099619
0.099620  0.099620  0.099621
0.099621  0.099622  0.099622
0.099623  0.099623  0.099624
0.099624  0.099625  0.099625
0.099626  0.099626  0.099627
0.099627  0.099627  0.099628
0.099628  0.099629  0.099629
0.099630  0.099630  0.099631
0.099631  0.099631  0.099632
0.099632  0.099633  0.099633
0.099634  0.099634  0.099634
0.099635  0.099635  0.099636
0.099636  0.099637  0.099637
0.099638  0.099638  0.099638
0.099639  0.099639  0.099640
0.099640  0.099641  0.099641
0.099641  0.099642  0.099642
0.099643  0.099643  0.099644
0.099644  0.099644  0.099645
0.099645  0.099646  0.099646
0.099647  0.099647  0.099647
0.099648  0.099648  0.099649
0.099649  0.099649  0.099650
0.099650  0.099651  0.099651
0.099651  0.099652  0.099652
0.099653  0.099653  0.099653
0.099654  0.099654  0.099655
0.099655  0.099655  0.099656
0.099656  0.099656  0.099657
0.099657  0.099658  0.099658
0.099658  0.099659  0.099659
0.099659  0.099660  0.099660
0.099660  0.099661  0.099661
0.099661  0.099662  0.099662
0.099663  0.099663  0.099663
0.099664  0.099664  0.099664
0.099665  0.099665  0.099665
0.099666  0.099666  0.099666
0.099667  0.099667  0.099667
0.099668  0.099668  0.099668
0.099669  0.099669  0.099669
0.099670  0.099670  0.099670
0.099671  0.099671  0.099671
0.099671  0.099672  0.099672
0.099672  0.099673  0.099673
0.099673  0.099674  0.099674
0.099674  0.099674  0.099675
0.099675  0.099675  0.099676
0.099676  0.099676  0.099676
0.099677  0.099677  0.099677
0.099678  0.099678  0.099678
0.099678  0.099679  0.099679
0.099679  0.099680  0.099680
0.099680  0.099680  0.099681
0.099681  0.099681  0.099681
0.099682  0.099682  0.099682
0.099682  0.099683  0.099683
0.099683  0.099684  0.099684
0.099684  0.099684  0.099685
0.099685  0.099685  0.099685
0.099686  0.099686  0.099686
0.099686  0.099687  0.099687
0.099687  0.099687  0.099688
0.099688  0.099688  0.099688
0.099689  0.099689  0.099689
0.099689  0.099690  0.099690
0.099690  0.099690  0.099691
0.099691  0.099691  0.099691
0.099691  0.099692  0.099692
0.099692  0.099692  0.099693
0.099693  0.099693  0.099693
0.099693  0.099694  0.099694
0.099694  0.099694  0.099694
0.099695  0.099695  0.099695
0.099695  0.099695  0.099696
0.099696  0.099696  0.099696
0.099696  0.099697  0.099697
0.099697  0.099697  0.099697
0.099697  0.099698  0.099698
0.099698  0.099698  0.099698
0.099698  0.099699  0.099699
0.099699  0.099699  0.099699
0.099699  0.099699  0.099700
0.099700  0.099700  0.099700
0.099700  0.099700  0.099700
0.099701  0.099701  0.099701
0.099701  0.099701  0.099701
0.099701  0.099701  0.099702
0.099702  0.099702  0.099702
0.099702  0.099702  0.099702
0.099702  0.099703  0.099703
0.099703  0.099703  0.099703
0.099703  0.099703  0.099703
0.099703  0.099704  0.099704
0.099704  0.099704  0.099704
0.099704  0.099704  0.099704
0.099704  0.099704  0.099705
0.099705  0.099705  0.099705
0.099705  0.099705  0.099705
0.099705  0.099705  0.099705
0.099705  0.099705  0.099706
0.099706  0.099706  0.099706
0.099706  0.099706  0.099706
0.099706  0.099706  0.099706
0.099706  0.099706  0.099707
0.099707  0.099707  0.099707
0.099707  0.099707  0.099707
0.099707  0.099707  0.099707
0.099707  0.099707  0.099707
0.099707  0.099707  0.099707
0.099707  0.099707  0.099707
0.099707  0.099707  0.099707
0.099707  0.099707  0.099707
0.099707  0.099708  0.099708
0.099708  0.099708  0.099708
0.099708  0.099708  0.099708
0.099708  0.099708  0.099708
0.099708  0.099708  0.099708
0.099708  0.099709  0.099709
0.099709  0.099709  0.099709
0.099709  0.099709  0.099709
0.099709  0.099709  0.099709
0.099709  0.099709  0.099709
0.099709  0.099709  0.099709
0.099709  0.099709  0.099709
0.099709  0.099709  0.099709
0.099709  0.099709  0.099709
0.099709  0.099709  0.099709
0.099709  0.099709  0.099709
0.099709  0.099709  0.099709
0.099709  0.099709  0.099709
0.099709  0.099709  0.099709
0.099709  0.099709  0.099709
0.099709  0.099709  0.099710
0.099710  0.099710  0.099710
0.099710  0.099710  0.099710
0.099710  0.099710  0.099710
0.099710  0.099710  0.099710
0.099710  0.099710  0.099710
0.099710  0.099710  0.099710
0.099710  0.099710  0.099710
0.099710  0.099710  0.099710
0.099710  0.099711  0.099711
0.099711  0.099711  0.099711
0.099711  0.099711  0.099711
0.099711  0.099711  0.099711
0.099711  0.099711  0.099711
0.099710  0.099710  0.099710
0.099710  0.099710  0.099710
0.099710  0.099710  0.099710
0.099710  0.099710  0.099710
0.099710  0.099710  0.099710
0.099710  0.099710  0.099710
0.099710  0.099710  0.099710
0.099710  0.099710  0.099710
0.099710  0.099710  0.099711
0.099711  0.099711  0.099711
0.099711  0.099711  0.099711
0.099711  0.099711  0.099711
0.099711  0.099711  0.099711
0.099711  0.099710  0.099710
0.099710  0.099710  0.099710
0.099710  0.099710  0.099710
0.099710  0.099710  0.099710
0.099710  0.099710  0.099710
0.099710  0.099710  0.099710
0.099710  0.099710  0.099710
0.099710  0.099710  0.099710
0.099710  0.099710  0.099710
0.099711  0.099711  0.099711
0.099711  0.099711  0.099711
0.099711  0.099711  0.099711
0.099711  0.099711  0.099711
0.099711  0.099711  0.099710
0.099710  0.099710  0.099710
0.099710  0.099710  0.099710
0.099710  0.099710  0.099710
0.099710  0.099710  0.099710
0.099710  0.099710  0.099710
0.099710  0.099710  0.099710
0.099710  0.099710  0.099710
0.099710  0.099710  0.099710
0.099710  0.099711  0.099711
0.099711  0.099711  0.099711
0.099711  0.099711  0.099711
0.099711  0.099711  0.099711
0.099711  0.099711  0.099711
0.099710  0.099710  0.099710
0.099710  0.099710  0.099710
0.099710  0.099710  0.099710
0.099710  0.099710  0.099710
0.099710  0.099710  0.099710
0.099710  0.099710  0.099710
0.099710  0.099710  0.099710
0.099710  0.099710  0.099710
0.099710  0.099710  0.099711
0.099711  0.099711  0.099711
0.099711  0.099711  0.099711
0.099711  0.099711  0.099711
0.099711  0.099711  0.099711
0.099711  0.099710  0.099710
0.099710  0.099710  0.099710
0.099710  0.099710  0.099710
0.099710  0.099710  0.099710
0.099710  0.099710  0.099710
0.099710  0.099710  0.099710
0.099710  0.099710  0.099710
0.099710  0.099710  0.099710
0.099710  0.099710  0.099710
0.099711  0.099711  0.099711
0.099711  0.099711  0.099711
0.099711  0.099711  0.099711
0.099711  0.099711  0.099711
0.099711  0.099711  0.099710
0.099710  0.099710  0.099710
0.099710  0.099710  0.099710
0.099710  0.099710  0.099710
0.099710  0.099710  0.099710
0.099710  0.099710  0.099710
0.099710  0.099710  0.099710
0.099710  0.099710  0.099710
0.099710  0.099710  0.099710
0.099710  0.099711  0.099711
0.099711  0.099711  0.099711
0.099711  0.099711  0.099711
0.099711  0.099711  0.099711
0.099711  0.099711  0.099711
0.099710  0.099710  0.099710
0.099710  0.099710  0.099710
0.099710  0.099710  0.099710
0.099710  0.099710  0.099710
0.099710  0.099710  0.099710
0.099710  0.099710  0.099710
0.099710  0.099710  0.099710
0.099710  0.099710  0.099710
0.099710  0.099710  0.099711
0.099711  0.099711  0.099711
0.099711  0.099711  0.099711
0.099711  0.099711  0.099711
0.099711  0.099711  0.099711
0.099711  0.099710  0.099710
0.099710  0.099710  0.099710
0.099710  0.099710  0.099710
0.099710  0.099710  0.099710
0.099710  0.099710  0.099710
0.099710  0.099710  0.099710
0.099710  0.099710  0.099710
0.099710  0.099710  0.099710
0.099710  0.099710  0.099710
0.099711  0.099711  0.099711
0.099711  0.099711  0.099711
0.099711  0.099711  0.099711
0.099711  0.099711  0.099711
0.099711  0.099711  0.099710
0.099710  0.099710  0.099710
0.099710  0.099710  0.099710
0.099710  0.099710  0.099710
0.099710  0.099710  0.099710
0.099710  0.099710  0.099710
0.099710  0.099710  0.099710
0.099710  0.099710  0.099710
0.099710  0.099710  0.099710
0.099710  0.099711  0.099711
0.099711  0.099711  0.099711
0.099711  0.099711  0.099711
0.099711  0.099711  0.099711
0.099711  0.099711  0.099711
0.099710  0.099710  0.099710
0.099710  0.099710  0.099710
0.099710  0.099710  0.099710
0.099710  0.099710  0.099710
0.099710  0.099710  0.099710
0.099710  0.099710  0.099710
0.099710  0.099710  0.099710
0.099710  0.099710  0.099710
0.099710  0.099710  0.099711
0.099711  0.099711  0.099711
0.099711  0.099711  0.099711
0.099711  0.099711  0.099711
0.099711  0.099711  0.099711
0.099711  0.099710  0.099710
0.099710  0.099710  0.099710
0.099710  0.099710  0.099710
0.099710  0.099710  0.099710
0.099710  0.099710  0.099710
0.099710  0.099710  0.099710
0.099710  0.099710  0.099710
0.099710  0.099710  0.099710
0.099710  0.099710  0.099710
0.099711  0.099711  0.099711
0.099711  0.099711  0.099711
0.099711  0.099711  0.099711
0.099711  0.099711  0.099711
0.099711  0.099711  0.099710
0.099710  0.099710  0.099710
0.099710  0.099710  0.099710
0.099710  0.099710  0.099710
0.099710  0.099710  0.099710
0.099710  0.099710  0.099710
0.099710  0.099710  0.099710
0.099710  0.099710  0.099710
0.099710  0.099710  0.099710
0.099710  0.099711  0.099711
0.099711  0.099711  0.099711
0.099711  0.099711  0.099711
0.099711  0.099711  0.099711
0.099711  0.099711  0.099711
0.099710  0.099710  0.099710
0.099710  0.099710  0.099710
0.099710  0.099710  0.099710
0.099710  0.099710  0.099710
0.099710  0.099710  0.099710
0.099710  0.099710  0.099710
0.099710  0.099710  0.099710
0.099710  0.099710  0.099710
0.099710  0.099710  0.099711
0.099711  0.099711  0.099711
0.099711  0.099711  0.099711
0.099711  0.099711  0.099711
0.099711  0.099711  0.099711
0.099711  0.099710  0.099710
0.099710  0.099710  0.099710
0.099710  0.099710  0.099710
0.099710  0.099710  0.099710
0.099710  0.099710  0.099710
0.099710  0.099710  0.099710
0.099710  0.099710  0.099710
0.099710  0.099710  0.099710
0.099710  0.099710  0.099710
0.099711  0.099711  0.099711
0.099711  0.099711  0.099711
0.099711  0.099711  0.099711
0.099711  0.099711  0.099711
0.099711  0.099711  0.099710
0.099710  0.099710  0.099710
0.099710  0.099710  0.099710
0.099710  0.099710  0.099710
0.099710  0.099710  0.099710
0.099710  0.099710  0.099710
0.099710  0.099710  0.099710
0.099710  0.099710  0.099710
0.099710  0.099710  0.099710
0.099710  0.099711  0.099711
0.099711  0.099711  0.099711
0.099711  0.099711  0.099711
0.099711  0.099711  0.099711
0.099711  0.099711  0.099711
0.099710  0.099710  0.099710
0.099710  0.099710  0.099710
0.099710  0.099710  0.099710
0.099710  0.099710  0.099710
0.099710  0.099710  0.099710
0.099710  0.099710  0.099710
0.099710  0.099710  0.099710
0.099710  0.099710  0.099710
0.099710  0.099710  0.099711
0.099711  0.099711  0.099711
0.099711  0.099711  0.099711
0.099711  0.099711  0.099711
0.099711  0.099711  0.099711
0.099711  0.099710  0.099710
0.099710  0.099710  0.099710
0.099710  0.099710  0.099710
0.099710  0.099710  0.099710
0.099710  0.099710  0.099710
0.099710  0.099710  0.099710
0.099710  0.099710  0.099710
0.099710  0.099710  0.099710
0.099710  0.099710  0.099710
0.099711  0.099711  0.099711
0.099711  0.099711  0.099711
0.099711  0.099711  0.099711
0.099711  0.099711  0.099711
0.099711  0.099711  0.099710
0.099710  0.099710  0.099710
0.099710  0.099710  0.099710
0.099710  0.099710  0.099710
0.099710  0.099710  0.099710
0.099710  0.099710  0.099710
0.099710  0.099710  0.099710
0.099710  0.099710  0.099710
0.099710  0.099710  0.099710
0.099710  0.099711  0.099711
0.099711  0.099711  0.099711
0.099711  0.099711  0.099711
0.099711  0.099711  0.099711
0.099711  0.099711  0.099711
0.099710  0.099710  0.099710
0.099710  0.099710  0.099710
0.099710  0.099710  0.099710
0.099710  0.099710  0.099710
0.099710  0.099710  0.099710
0.099710  0.099710  0.099710
0.099710  0.099710  0.099710
0.099710  0.099710  0.099710
0.099710  0.099710  0.099711
0.099711  0.099711  0.099711
0.099711  0.099711  0.099711
0.099711  0.099711  0.099711
0.099711  0.099711  0.099711
0.099711  0.099710  0.099710
0.099710  0.099710  0.099710
0.099710  0.099710  0.099710
0.099710  0.099710  0.099710
0.099710  0.099710  0.099710
0.099710  0.099710  0.099710
0.099710  0.099710  0.099710
0.099710  0.099710  0.099710
0.099710  0.099710  0.099710
0.099711  0.099711  0.099711
0.099711  0.099711  0.099711
0.099711  0.099711  0.099711
0.099711  0.099711  0.099711
0.099711  0.099711  0.099710
0.099710  0.099710  0.099710
0.099710  0.099710  0.099710
0.099710  0.099710  0.099710
0.099710  0.099710  0.099710
0.099710  0.099710  0.099710
0.099710  0.099710  0.099710
0.099710  0.099710  0.099710
0.099710  0.099710  0.099710
0.099710  0.099711  0.099711
0.099711  0.099711  0.099711
0.099711  0.099711  0.099711
0.099711  0.099711  0.099711
0.099711  0.099711  0.099711
0.099710  0.099710  0.099710
0.099710  0.099710  0.099710
0.099710  0.099710  0.099710
0.099710  0.099710  0.099710
0.099710  0.099710  0.099710
0.099710  0.099710  0.099710
0.099710  0.099710  0.099710
0.099710  0.099710  0.099710
0.099710  0.099710  0.099711
0.099711  0.099711  0.099711
0.099711  0.099711  0.099711
0.099711  0.099711  0.099711
0.099711  0.099711  0.099711
0.099711  0.099710  0.099710
0.099710  0.099710  0.099710
0.099710  0.099710  0.099710
0.099710  0.099710  0.099710
0.099710  0.099710  0.099710
0.099710  0.099710  0.099710
0.099710  0.099710  0.099710
0.099710  0.099710  0.099710
0.099710  0.099710  0.099710
0.099711  0.099711  0.099711
0.099711  0.099711  0.099711
0.099711  0.099711  0.099711
0.099711  0.099711  0.099711
0.099711  0.099711  0.099710
0.099710  0.099710  0.099710
0.099710  0.099710  0.099710
0.099710  0.099710  0.099710
0.099710  0.099710  0.099710
0.099710  0.099710  0.099710
0.099710  0.099710  0.099710
0.099710  0.099710  0.099710
0.099710  0.099710  0.099710
0.099710  0.099711  0.099711
0.099711  0.099711  0.099711
0.099711  0.099711  0.099711
0.099711  0.099711  0.099711
0.099711  0.099711  0.099711
0.099710  0.099710  0.099710
0.099710  0.099710  0.099710
